1 5 30 1
0 160
 0 30 40 0   0 0 0
 1 37 52 0   7 1 1 1
 2 49 49 0  30 1 1 1
 3 52 64 0  16 1 1 1
 4 20 26 0   9 1 1 1
 5 40 30 0  21 1 1 1
 6 21 47 0  15 1 1 1
 7 17 63 0  19 1 1 1
 8 31 62 0  23 1 1 1
 9 52 33 0  11 1 1 1
10 51 21 0   5 1 1 1
11 42 41 0  19 1 1 1
12 31 32 0  29 1 1 1
13  5 25 0  23 1 1 1
14 12 42 0  21 1 1 1
15 36 16 0  10 1 1 1
16 52 41 0  15 1 1 1
17 27 23 0   3 1 1 1
18 17 33 0  41 1 1 1
19 13 13 0   9 1 1 1
20 57 58 0  28 1 1 1
21 62 42 0   8 1 1 1
22 42 57 0   8 1 1 1
23 16 57 0  16 1 1 1
24  8 52 0  10 1 1 1
25  7 38 0  28 1 1 1
26 27 68 0   7 1 1 1
27 30 48 0  15 1 1 1
28 43 67 0  14 1 1 1
29 58 48 0   6 1 1 1
30 58 27 0  19 1 1 1

