6 48 3
550 60 15 0.25
  1   62.512   -0.385  12   4
  2  -27.643  -61.279  16   1
  3   44.348  -14.496  16   8
  4   55.078  -18.256  23  22
  5  -63.513  -20.081   7   8
  6   22.302   34.277   6  22
  7  -49.469  -43.036   6  16
  8   34.796   -9.589  20  18
  9  -38.440  -40.631  23  25
 10  -23.505  -14.917   2   9
 11  -38.214  -15.863   9  25
 12   39.618   12.292  13  10
 13   43.896    6.525  22  13
 14    6.079  -36.310  23  25
 15   72.369   40.015   6   7
 16  -25.055  -63.092  21  16
 17   69.556   15.485   5   6
 18   24.408  -66.681  16  21
 19  -16.620  -55.945   7   8
 20  -43.109   -5.176  16   7
 21   20.233  -34.833  11   5
 22   36.383   14.771  16  17
 23   -2.551  -57.581  11  24
 24  -84.808  -44.867  10  10
 25   11.450   -4.443   6   3
 26   94.775   15.216   6  11
 27  -22.040  -12.885   1  22
 28  -10.089  -26.361  12   7
 29  -56.238  -62.244  15  12
 30   75.488   14.899  19  21
 31  -44.897  -28.925  14  19
 32   -5.457  -17.407  20  20
 33  -35.651    3.241  22  11
 34   89.569   44.867  17  22
 35   59.705    6.091  18   4
 36  -29.510  -42.828   6  16
 37   37.927   19.812  11   4
 38   47.620    0.372  25  21
 39  -36.365   -3.918  22   5
 40   -0.360  -49.207  21   3
 41   11.603  -51.349  16  16
 42  -28.168  -33.917  11   4
 43    4.987   13.513  24  21
 44  -11.017  -39.581  12  22
 45  -34.058  -32.965   3   1
 46    5.585  -46.606  17   3
 47  -21.405   44.458   9   6
 48  -43.372  -40.344  17  23
 49    9.755  -13.268   0   0
 50  -24.069  -32.184   0   0
 51   43.579    5.649   0   0
