4 96 3
1200 210 15 0.25
  1   45.160   13.519   9   5
  2   52.051  -66.681   3   8
  3   12.567  -32.745  18   7
  4   25.812   30.988  16  16
  5   19.598  -25.934  19  17
  6   33.270   -0.494  24   2
  7   53.394  -31.396  24  14
  8   73.962    4.633  11  23
  9   61.694  -33.759  13  23
 10   53.314   10.040   2  16
 11    6.146   13.373   9   2
 12   49.658  -76.709   7  18
 13  -26.166   14.288  18  24
 14  -45.428   10.577   5  14
 15   54.218  -63.007  17  16
 16   29.584  -28.741   3  21
 17  -15.723    6.793   5   5
 18  -56.659   14.081  16  25
 19   30.591   42.993   3  21
 20  -33.185  -21.014  16  12
 21    1.086  -14.905  16   3
 22   61.761  -56.329   5   7
 23  -16.602  -39.130  13  21
 24  -34.973   50.323   3   2
 25  -15.192   15.118  20  16
 26  -21.332   36.725  24  12
 27    2.277   50.891  23  10
 28   46.985  -44.739  15  17
 29   40.076  -46.527  14   7
 30   32.294   24.023  22   7
 31  -33.832   39.960   4  12
 32   71.271  -42.352  16   1
 33  -55.853   -0.134   7  18
 34   12.061  -62.164  17  22
 35  -30.811    8.093   8  19
 36   24.255  -11.499   8  14
 37  -30.066  -10.107  22   7
 38   45.294  -27.417   6   3
 39   27.466  -52.032   2  21
 40   17.493    8.783  18  21
 41   22.339   18.152   5  25
 42    3.705  -19.415  18  21
 43  -25.952   15.723  19  19
 44   44.208  -76.160  24   2
 45   17.969  -13.641  20  16
 46   55.914  -12.805   2   9
 47   -0.568   -8.759  20   7
 48    7.526   12.091   8  11
 49  -35.059  -35.455  17  20
 50  -15.234  -10.785  18  25
 51  -29.974   12.195  23  10
 52   53.137  -23.364  16  12
 53   49.304  -82.208   8  16
 54   -4.431   14.062  21   7
 55   38.281   36.798  18   1
 56   -7.214   20.154   8  10
 57   74.347  -59.094  25   3
 58  -48.169   33.612  22  18
 59  -10.114   -8.417  20  19
 60   47.675   -4.797   7   7
 61   29.260  -43.964  18  23
 62  -13.385   21.741  11  18
 63   -6.177   13.995  25  12
 64   29.865   -0.568  17  16
 65   38.788  -59.418  14  24
 66  -12.805   28.296  18   7
 67    7.135   13.721  14   1
 68   21.906  -12.463  12  23
 69  -16.327   20.233   4  11
 70    8.472   -6.531  25   4
 71   90.558  -33.929   4   8
 72   10.504    2.972  24   8
 73   10.547  -12.939   7   1
 74    9.662  -77.240  11  14
 75  -75.250   74.646  24  16
 76   29.388  -39.642  20  11
 77    5.017    4.773  11  16
 78  -70.996   17.462  13  22
 79  -27.429   17.242   3   2
 80   28.632  -72.009  14   1
 81   28.900  -18.176   7  16
 82   10.400  -58.771  25  21
 83   -5.835   -7.654  12  25
 84    0.104    7.874  22  18
 85   -6.976  -27.374  15  15
 86   10.773   -4.279  23  20
 87   23.132  -61.316  11  13
 88   63.898    8.905  25   4
 89   75.415  -50.690  18   5
 90   34.119   31.146   4  14
 91   73.267  -91.187   8  13
 92   -9.943  -21.887  10   8
 93   33.844  -45.660   7  12
 94  -22.235    9.027   5   6
 95  -96.240   43.707   5  18
 96    5.579    8.209  24  21
 97   18.918  -20.064   0   0
 98   -2.356    9.210   0   0
 99   40.192  -49.338   0   0
