5 192 3
1850 360 15 0.25
  1  -11.499  -44.299  23  24
  2  -41.254  -41.907   1  17
  3   33.667   55.200  21   5
  4   57.202   79.987  21   5
  5  -76.434  -13.043  22  25
  6   85.504   -6.488  16   1
  7    5.139  -40.039  19  17
  8    8.710   39.392   7  10
  9   33.801   30.920  16   3
 10  -32.434  -27.350  13  12
 11  -10.236  -72.388  22  23
 12   37.866   54.004  11  15
 13  -26.392  -62.402  10  17
 14   37.384   28.748  25   5
 15    3.607  -20.599  15  15
 16   79.102   18.372   6   8
 17   58.429   48.407   2   6
 18   13.165  -93.585  15   3
 19  -16.052  -17.206   2   7
 20  -32.288  -52.954  23  25
 21   25.671  -26.868  25  20
 22  -29.913  -38.251   4   5
 23   72.168   25.964   4  24
 24   51.611   83.514   9  17
 25   49.518    5.121  19  18
 26   44.373   31.976   7  14
 27    0.208   29.755  13  13
 28    6.171  -50.098  17   8
 29  -16.467  -36.273  18  24
 30   79.608   47.650  11   3
 31  -32.135  -36.023  15  23
 32   45.612   25.458  21  21
 33  -11.249   53.772  14  16
 34   -1.025  -31.677   4  18
 35   73.901   70.355   1   9
 36   51.215   55.371   6  25
 37   -6.427   -8.948   8   8
 38   40.686   39.069  17   4
 39   50.311    1.953   4  25
 40   61.523   98.273  18   8
 41  -59.418   10.327   2  20
 42   25.934   81.512  13  12
 43  -17.603  -45.551  10  15
 44   32.526   82.312   5  23
 45   43.396   48.047  19  23
 46  -35.431  -62.689  12   2
 47  -44.763  -57.410   2  25
 48   30.719   34.296   5   4
 49  -17.938  -66.559  17  15
 50  -13.599  -18.500  23  23
 51  -60.193  -57.977   4  18
 52   71.936   76.666  11   7
 53   45.435   50.757  25  20
 54  -13.373   -7.324  12   7
 55   48.004   23.376  19  21
 56   27.789   37.708  14  10
 57   -3.888  -85.822   2   5
 58   28.778   -3.876  17   8
 59   11.456  -69.171   2  16
 60  -62.384  -30.585  20   5
 61   17.426   25.311  16   4
 62  -29.865  -42.645   9   4
 63   -6.897  -61.969  25   7
 64  -22.961  -53.247  22  18
 65   36.102   12.213   7   1
 66   54.517   31.042   5  14
 67   26.978   42.651  13   8
 68   12.347   57.361  16  11
 69  -43.591  -61.304   7  21
 70   19.745   61.517   7   5
 71    8.783   60.889   5  16
 72   19.586    1.392  18   1
 73    3.949   -5.798  15   3
 74   39.117   21.869   5   4
 75   78.027   33.374  22  13
 76  -56.964  -82.220   7   5
 77   48.688  -32.458  15  22
 78   -4.822  -70.734   7  17
 79   13.422  -38.116  22  21
 80  -13.007  -91.754   3  23
 81  -48.718   -7.849  13  10
 82   41.235   44.647  11  19
 83   19.934   23.755   8  21
 84    5.573   13.953  16  25
 85    1.617   41.760  23   3
 86   22.003   10.785   3   3
 87   44.763   36.102  20  15
 88   -0.275  -16.620   3   6
 89    7.904   29.187  21  18
 90  -30.402  -23.907  15   9
 91    1.874  -60.193  12  19
 92   -2.985  -46.393  10  21
 93  -27.734  -10.382  10   6
 94   46.802   34.998  15  15
 95   17.133  -66.016  17  11
 96  -15.094  -16.992  21   8
 97  -22.638  -47.504  13   3
 98   62.616   32.690  25  13
 99    7.037  -36.127   3  13
100  -31.073  -67.615  15  19
101  -34.192  -40.497  21  13
102   -3.180  -54.608  18  17
103   39.600   56.030  12   5
104   31.732    0.415   2  21
105   28.967  -56.909  24  20
106   35.565   69.012  18  21
107  -69.592  -27.966  22  17
108  -40.851  -55.505   8  10
109    4.626   18.231  16   6
110    9.943   52.502  11   3
111    1.605   65.509  11   5
112   -4.510  -83.783  20  20
113   34.241    1.685  22  20
114   -5.865  -58.624   7  10
115   -2.063   78.729  13   2
116   26.428  -57.080  10   5
117   62.842  -43.597  19  14
118  -44.330  -60.309  25  10
119   28.339   73.883   8  22
120   64.734   28.192   9  23
121  -40.247  -63.867   9  10
122  -27.203  -47.729   3  19
123    3.430  -27.588  20  16
124  -46.039  -54.327  21   6
125   -5.768  -34.216  23   9
126   37.744    6.421  25  17
127   34.314   27.643  10  21
128   47.113   20.801   5  23
129   -7.849  -60.297  18  23
130   22.144   21.844   4  22
131  -32.629  -57.825  25   6
132  -17.615  -30.457   2   5
133   79.846   95.477  19   3
134  -53.387  -90.918  25  17
135  -20.837  -24.438  18  16
136  -15.741  -23.871  17  23
137   67.853   45.483  17  19
138   13.977   90.710  15  22
139  -13.361   95.728  22  23
140    8.911  -13.098  24   3
141   69.910   35.803   8   5
142   23.016   44.330   6  11
143  -14.294    8.710  23   8
144   91.113   12.793   7  11
145   44.580   45.856  15  19
146   41.083   83.124   3  23
147   40.521   28.790  16   1
148   34.601    7.721  14   5
149   47.644    8.472   6  20
150  -45.203   66.724   7  10
151  -33.521  -23.120   9  11
152   47.180   40.637  17  16
153   21.606  -41.528  11   4
154   37.134   64.294   4  13
155  -29.199   75.555   7   9
156   26.538   34.229  18   9
157  -51.019  -24.933   8  21
158  -18.732  -46.893  24   7
159   58.167   39.606   2  14
160   55.896   44.586   2  20
161  -12.549  -89.801  10   6
162   76.929   92.609  12  20
163   -1.733  -78.546   8  21
164  -23.242  -33.990   9  23
165   17.847   50.494  15  21
166  -54.620  -32.477   9  18
167  -32.599  -98.260  25  25
168  -23.694  -83.179  15  18
169   12.946   31.030  11   2
170   24.841   34.198   3  21
171   58.685  -63.605  13  25
172  -21.973  -55.042  20   9
173  -19.464  -65.503  16  22
174  -77.704  -58.789  24   8
175   -2.887   61.035  18  19
176   65.918   71.216   9   8
177   43.317  -14.984   1  25
178    0.946  -32.330   7  20
179   32.544   14.624  13  25
180   25.909   39.490  19  12
181   41.071    2.124  21  19
182   66.351    2.264  10  10
183   36.566   40.997   5  20
184  -13.513  -55.438  18   3
185   49.097    4.431  24  14
186  -64.691    1.135   2  13
187  -18.530  -40.985  11  11
188  -11.841   -9.552  16   6
189   45.856   45.264   6  15
190  -40.076  -73.328   7  14
191   -4.474  -21.936  17   6
192   26.147   56.500  16  25
193    8.990   -1.115   0   0
194  -15.454  -40.521   0   0
195   33.435   38.290   0   0
