5 48 4
600 80 15.0 0.25
  1  -62.512   42.358   8  25
  2  -63.361    5.438  20  17
  3  -27.405   50.989   3   7
  4   60.828   31.641  15  22
  5   48.340   67.554  14  25
  6   10.181   23.285  17  23
  7    1.196    3.162  12  23
  8   49.701   21.008   9   8
  9  -21.503   48.560  13  21
 10  -47.357   33.936  10  15
 11  -43.335   48.132  14  18
 12   86.414   41.583  23  15
 13    3.314   30.737   3   4
 14  -12.085   23.389   3  22
 15   49.060   86.420  24   2
 16   35.919   52.252   7  21
 17   57.159   86.639   5   4
 18  -41.986  -37.354  19  11
 19   24.646  -22.650  18  24
 20  -24.628   15.686  14   5
 21  -11.285   38.647  25   7
 22  -59.503    3.625  20  13
 23  -30.023   33.545   2  17
 24   61.023   70.325  16   8
 25  -23.224    3.857  12   6
 26   16.614   34.656   3   9
 27   26.752   50.861  14   5
 28   26.556   35.449   5  13
 29    5.109   69.727  25   6
 30  -23.315   28.632  24  22
 31   -3.540   69.598  10  16
 32   17.615   25.812  13  11
 33   64.392   12.915   4  15
 34   -4.010   -5.585  18  15
 35    7.166   35.992   2  12
 36  -24.799   19.952  11   8
 37   26.306   23.340  20  17
 38  -38.971   14.044  14  23
 39  -46.057   19.073   7  19
 40   52.734   20.496  15   9
 41   34.308   49.872  25  23
 42   -1.782   46.448  17  17
 43   29.431   20.111  11   1
 44   77.924   14.514   8  16
 45   14.746   16.199  11  16
 46   35.144  -44.946  19  25
 47  -63.629   27.191  19   9
 48    1.544   28.857  25  21
 49    5.942   29.361   0   0
 50  -22.400   21.701   0   0
 51   35.614   45.593   0   0
 52    4.611   20.789   0   0
