5 96 4
1300 230 15.0 0.25
  1  -20.557   12.305  17  10
  2    3.174   31.683  22  12
  3  -68.726  -46.301  23  12
  4  -34.064  -59.113   8  14
  5  -20.233  -27.570  14  12
  6   43.219   76.611   6  11
  7  -20.532  -12.701   9  11
  8  -28.522  -30.798  23  25
  9  -24.835   92.041   7   2
 10  -27.271  -19.611  22  23
 11   42.798    5.225  20  14
 12   -9.210   42.029  23   9
 13   -7.489   55.396   9   4
 14  -67.804  -20.630  16   8
 15   52.637   18.323   5  25
 16   37.537   -2.399  11   5
 17   -7.532  -45.990   2   7
 18   -1.813   41.730   1  21
 19   12.854  -71.149  12  12
 20   16.394   -8.643  24   5
 21   68.060   43.524   2  10
 22  -56.470    9.265  16  11
 23  -93.848  -30.353   5   4
 24  -62.421  -19.751   4  18
 25    6.488   81.366  21   6
 26   32.123    1.245   2  19
 27  -21.539   56.134   6  21
 28  -17.987  -79.315   6   8
 29  -15.076   38.385   6   6
 30  -59.674   17.505  12   5
 31   38.501  -79.346  12  22
 32   73.431  -49.603  11  24
 33   17.578  -38.263   8  16
 34  -19.324   49.896  13   3
 35   44.482   22.919  20  19
 36  -14.960  -29.718  12   1
 37  -11.682    4.724   6  23
 38   11.230    7.458   2   7
 39   30.573  -32.269  18  21
 40  -36.499   61.298  10   4
 41   28.015  -12.738  17   7
 42   38.654  -18.250  23   6
 43   10.254    4.364  19  14
 44  -69.281   19.574  13   2
 45   29.071   -8.008  11   4
 46  -33.636  -39.111  13  11
 47   91.425  -59.772  16   9
 48  -38.049   70.276   8   2
 49   34.351  -28.827  12  23
 50  -14.789  -14.948  17  25
 51   31.769  -17.444  18   8
 52  -60.724  -24.384  21   7
 53  -46.497  -62.640  16  11
 54  -17.065   78.247  14  13
 55  -33.771  -24.548   9  21
 56  -39.746    0.928  22  19
 57  -45.721   -9.802  21  18
 58  -80.756  -30.719   5  20
 59  -67.621  -56.909   8  22
 60   13.837  -18.750   7  22
 61   25.958   60.034  24   6
 62   21.606  -16.943  25  18
 63  -84.760  -23.352  21  19
 64   -5.402   16.046  19   5
 65   15.942  -78.772  17  18
 66  -45.020  -34.839  17  16
 67  -19.934  -25.745  16   1
 68  -34.137   92.432  20  20
 69  -45.734  -31.232  11   6
 70  -89.215   19.519  19  14
 71   42.755   11.517   6   6
 72  -36.353   45.312   2  20
 73   27.136  -22.900  15  13
 74  -64.752  -41.650  22   7
 75   45.569   59.625  25  18
 76    8.374  -27.930   5  15
 77  -26.794   14.117   8   5
 78   22.162  -11.475   4  17
 79  -18.951   36.646  17   7
 80  -42.279  -48.071  16  18
 81   13.416  -12.512   8   1
 82   21.918    7.233  23   9
 83   50.641    0.165   2  16
 84  -14.398   47.040  17   3
 85    0.397   65.582   5  17
 86   14.569    6.494   1  24
 87  -30.493   58.679  12  14
 88    9.229   -3.894  21   7
 89    8.026  -23.230  19  23
 90  -14.966   41.675   8  19
 91   -0.970   -7.483   4  18
 92   47.668  -14.594  24  15
 93   18.079   27.460  17   1
 94  -68.408  -53.644  11   3
 95  -13.971  -37.207  11   2
 96  -17.859   13.556  11   8
 97  -13.738   -0.291   0   0
 98  -44.284  -31.924   0   0
 99   17.032  -12.823   0   0
100  -13.962   43.875   0   0
