4 192 4
2000 380 15 0.25
  1  -20.374   14.661   3  11
  2   34.100   26.068   7  24
  3   -1.984   16.064  16   1
  4  -56.409   55.121   7   3
  5  -10.016   19.739   1   1
  6  -12.201    0.696  24  15
  7   23.236   28.088  11  25
  8    8.337   28.180  23  20
  9    3.094   22.931  10   9
 10  -56.622  -10.419   3   8
 11  -64.557   44.958  14  25
 12  -41.034   36.035  12  20
 13   25.366   51.331  10  22
 14  -37.866    9.705  20  20
 15  -51.593   19.623  11  14
 16   15.552   55.280  18  15
 17    2.942  -27.484   2  20
 18  -67.609   43.585  11  22
 19  -59.009   19.763   3  15
 20  -16.553   14.581  11  14
 21  -43.121   26.660   7  24
 22  -37.006    2.936  10  11
 23    0.476  -20.844   1  15
 24  -11.035   52.380  21  15
 25  -32.336   19.110   7  22
 26  -51.147   25.439  22  22
 27   12.756    2.722   2  17
 28   33.313   67.383   2   7
 29   18.890   25.494   9  25
 30   13.202    8.771  10   4
 31  -21.564   48.859  25   9
 32  -59.882   36.151  10   2
 33   37.042   35.883  22  13
 34   -2.057   78.668   1  12
 35    7.550   43.439  10  16
 36   63.092   18.835   4  18
 37   18.079    3.375   4   8
 38  -23.401   42.706  21  19
 39  -49.799    3.583  10   9
 40  -53.760   18.713  22  25
 41  -54.254   -2.405  10  19
 42    5.688   37.585  17  21
 43  -34.650   33.398   2   5
 44   27.826   -1.312  16   1
 45   14.838  -20.837  12  18
 46  -39.148   13.403  22  24
 47  -26.538   20.380  14   8
 48  -51.361   23.932   7  14
 49  -17.004   60.071   7   6
 50    0.916   14.246  13  12
 51   58.362  -46.625   1  24
 52   20.667   32.709  13   2
 53   13.116  -19.476   3  19
 54  -26.654   34.100  24  15
 55   44.147   88.422   4  12
 56   -1.422   16.602  11   9
 57    2.081   62.427  19   6
 58   36.993   -7.483  16  22
 59    0.720   10.809  16  21
 60  -54.810   63.696  13   1
 61   30.725  -16.772  13   8
 62   26.154    8.051  18   8
 63  -80.707   26.147  15  13
 64   -5.145   19.574  16  14
 65   13.300   51.508  22  17
 66   -5.859   18.225  11  25
 67   19.299    5.389  22  15
 68   -0.684   54.657  12  13
 69    6.671   60.773  16   7
 70  -10.443   61.151   7   1
 71  -13.220   41.010  24   1
 72  -54.022   26.703   5  11
 73   -4.376   37.347  21   5
 74  -62.927  -33.453  13   6
 75   10.132   -8.203  23   6
 76  -25.037   86.206   3  24
 77  -14.722  -22.845   8  16
 78  -12.738   20.221  14  21
 79  -55.511   19.696  12  11
 80   15.375   15.515  25   9
 81  -47.595   -0.238  11  19
 82   80.267    8.441   1   8
 83  -69.977   45.697   3  20
 84  -75.354   73.187  24  20
 85   64.404   30.780   5  20
 86   54.022   -0.897  14  25
 87   11.462   77.448  19   8
 88  -30.609   30.255   3  18
 89    3.107  -31.927   3   2
 90   10.840   -5.615  19  16
 91  -51.373   41.937  19  13
 92  -77.295    7.117   5  21
 93  -40.137   14.520  21  11
 94   32.373   61.285  21  10
 95   53.485  -79.480  14   3
 96  -50.201    5.231   1  14
 97   28.882  -26.239   7   3
 98   14.386   -2.704   3   3
 99  -61.615   28.564  15  13
100   68.433   19.580  16  20
101   37.964   -6.000  25  16
102  -45.312   20.624  19  20
103   63.501   34.070  23  18
104   21.057   13.074  12  16
105   -3.418   74.774  16   7
106  -38.593   26.636  17   9
107   25.891   86.145  22  15
108   -0.238    4.907  25  17
109   17.957   -1.416   1  11
110   -4.034   10.071  16   3
111   -9.869    2.069  19   3
112  -13.745   68.359  15   3
113  -81.293   63.000  15  11
114  -36.511  -32.281  17   1
115  -52.380   48.157  14  20
116  -35.394   10.406  19   2
117   12.750  -49.866  13  24
118    7.025   16.553   3  11
119   -8.728  -12.842   3   2
120   14.124   38.745   5   5
121  -74.268   49.957  16  21
122   13.568   17.944  25  12
123    3.564   81.012  20  15
124   17.438   -7.892   8   2
125    9.369   16.199   1   6
126  -80.139  -46.216   9   6
127  -11.896    8.307   9  20
128    4.437   -7.251  11  16
129   -9.698   47.296  14   7
130   -3.754   49.994  14  10
131   22.076   61.957   7  16
132   20.508   43.402  13   5
133   -7.758    5.646  14  16
134   -3.113   -7.861  21   9
135  -35.046  -14.703   8  22
136  -48.804   10.675  15   2
137    4.095   43.652   4  16
138  -58.337    1.660   4   2
139  -65.082   17.346  12   9
140  -51.819   50.336  22   5
141   33.197  -63.629   9   1
142    7.733   24.335   6  15
143  -11.249   48.566  24   9
144  -51.593   30.231   6  19
145   29.205  -22.644  24  17
146  -73.010  -52.313   7  11
147  -10.883   20.319  22   1
148  -39.880   52.216  12  23
149  -43.298    6.873  15  23
150   20.410   20.996  16  14
151   12.457   38.336  20  21
152  -37.408   37.439  15  10
153    5.084    2.533   1  22
154    7.605  -43.616  21   7
155   34.961  -13.348  24  24
156  -22.809   19.214  13   6
157   42.993  -33.533  20  12
158    7.465    1.880  19   8
159    7.898    8.356   5   3
160  -47.656   26.971  22   7
161  -66.077   60.138  19   5
162  -47.119   15.265  24  25
163   -1.434   33.832   8   9
164  -12.219   63.562  12  12
165   46.271   58.759   9  23
166   10.651   40.814  14  12
167   28.754   11.176  18  12
168   31.860   22.577  16  17
169  -36.871   24.829  19   2
170  -19.714   19.257  14  21
171    1.050   57.404  15  13
172   16.425   23.651   7  24
173    6.787   30.743  11  16
174  -57.593  -18.457  15  10
175   18.219   42.334   3  18
176  -13.965    9.247   6  10
177   32.587   10.303  25  14
178   23.779   -7.776  19  23
179  -33.398   57.178  22   2
180  -53.137   26.642  13  18
181  -23.444   18.213  19  25
182   45.679   99.207  16   4
183  -81.152   32.800  25   2
184    6.494   37.097  23   6
185   69.958   23.456  10   4
186   -5.743   53.961  19  24
187    9.906  -12.518  25   5
188  -37.323    5.530   8  19
189  -73.431   39.691  18  10
190   -0.238   54.840  13  19
191   13.727   -3.387  14   4
192    0.909   57.111  18   2
193   -9.286   25.201   0   0
194    6.598   41.595   0   0
195  -46.872   23.581   0   0
196   12.415   10.428   0   0
