5 72 5
750 80 15 0.25
  1    1.593  -37.158   3   8
  2  -42.987  -34.869  19  21
  3  -10.150   11.194  24   9
  4  -58.752   20.087  11  24
  5  -49.121  -16.229   8  19
  6  -41.107   -3.198  15  22
  7  -62.122   -0.073  21  14
  8  -35.284  -43.878   8   5
  9   27.582    4.059  13   5
 10  -65.282  -58.169  21  22
 11   -9.662   -9.070  12  23
 12  -12.415  -62.830   9  14
 13  -50.189   50.067  17   4
 14  -61.610   -5.060   6   2
 15   -1.300    6.195  10  16
 16  -57.495  -56.421   2  21
 17    5.396   -9.790   1  11
 18  -18.335   46.149   8  25
 19   -3.851  -44.934  17   9
 20  -22.107   21.381   8  22
 21   -7.422    1.367  18   3
 22   -2.759  -50.732  14  10
 23   44.531   -9.393   7   2
 24  -42.975  -56.537   2   2
 25   64.313   -0.079  12  20
 26  -36.389  -12.622   2   8
 27  -46.418  -80.151  21  16
 28  -53.420  -36.334  22  14
 29   -7.446  -63.086   4  25
 30    0.696   13.354  20   1
 31  -14.099    7.831   8  19
 32  -28.210  -43.292   6  24
 33  -41.050  -68.694  19  21
 34   -1.709   -6.586  18  19
 35  -30.438   13.959  23  25
 36  -29.279  -44.653   6  19
 37   22.083  -13.525  18   8
 38   38.837   50.690   4  22
 39  -40.234  -62.677  15  16
 40  -33.936  -55.609   3  15
 41  -51.184   31.116  25   4
 42  -33.820  -58.441  21  17
 43   42.639   -8.221  14  22
 44   21.667  -17.261  18  17
 45   -8.154  -50.469  18   7
 46   29.858    3.058  13  24
 47  -39.008  -19.434   9  23
 48  -68.113  -11.206   7   2
 49   -6.860  -50.244   3  13
 50   21.301   12.769  12   3
 51   -8.575    2.386  19  10
 52    2.832  -17.102  14  11
 53   22.070  -15.948   6  21
 54  -18.536  -21.997   4  12
 55   -3.528  -45.890  18  18
 56  -48.792  -37.732  25  22
 57  -16.461   17.090  15   4
 58  -15.002  -15.033  22   2
 59   -5.768  -14.673   4   5
 60   13.763   -5.438  25  17
 61  -19.904  -12.042  19  13
 62  -30.103  -45.081  24   9
 63  -89.337  -65.918   2   4
 64  -25.879  -32.037  25   4
 65    0.970    4.822  11   5
 66  -28.937    4.419  22  24
 67  -38.605  -39.597  20  18
 68   -9.863  -41.431  19  14
 69  -10.376   -3.052  25  14
 70  -27.216  -58.844   5   8
 71  -65.917  -27.600   3  23
 72   31.805   -1.038   8  25
 73  -20.065  -17.728   0   0
 74    8.771  -13.089   0   0
 75   -7.098   -3.116   0   0
 76  -47.253  -17.554   0   0
 77  -34.677  -37.152   0   0
