4 144 5
1550 230 15 0.25
  1   27.087  -47.229  20  10
  2  -32.385   63.092  23  11
  3  -42.737    0.397   5  20
  4  -18.152    7.495  13   1
  5   13.245   27.435  12   6
  6   53.668   33.508  15  16
  7   -4.834   27.417  14  21
  8   41.296    9.290   8  14
  9   58.136   -7.184   5   3
 10   -6.665   27.386  10   2
 11   48.486  -55.646  14   7
 12   66.602   -9.821  18  23
 13    2.228   18.622   4   6
 14   -5.420   -0.079  11   2
 15  -14.429   26.154   9   2
 16   -2.563  -10.187  14  25
 17   -3.937  -16.406   2  22
 18  -19.220   -0.610   6   3
 19   11.542   -3.473  17   6
 20    7.959   -8.820  18  23
 21    1.691   13.904  15   3
 22   38.733    3.619  20  16
 23   46.381   18.713   1  25
 24   54.944  -40.265   7   4
 25    4.236   54.456  11   6
 26   42.700  -28.912   9  24
 27   61.548  -33.466   1   9
 28  -40.796   56.494  22  24
 29  -12.128   -3.082  11  21
 30   10.278   11.798  25   3
 31   39.191   -7.617   3   3
 32   -8.136   29.468  24   5
 33   29.340   39.606   1  21
 34   48.340   20.715   7  21
 35   93.579   16.888   5  10
 36   49.500  -30.841  21   2
 37   18.982   28.473  24   9
 38   74.268  -34.247  18  19
 39   15.350   16.827  24  21
 40   33.881   38.129  18  19
 41   40.509  -61.981  22   5
 42   53.583   -9.912   8   3
 43   63.110  -80.048  17  15
 44   51.465   29.205   1   3
 45    2.820   15.192  14  10
 46   -8.661   -3.949   2  22
 47   36.188   26.947  17  11
 48    8.990  -11.542  11  17
 49  -50.775   22.125  12  20
 50   69.312   23.547   3   3
 51    9.155   50.891  22   8
 52   -8.752  -17.584  14   6
 53  -14.154   -3.119  20   3
 54   22.052   -1.044   1  10
 55   49.738    2.734   8   2
 56   35.547   18.579  20  14
 57   36.267  -28.644  10   9
 58   34.741   -9.015  20  22
 59   73.956   26.062  14   1
 60   14.178  -43.243  21  14
 61   22.620    1.019  20  17
 62   21.155   39.148   7   2
 63   -6.586   26.904  11  21
 64   24.860   26.776  15  14
 65  -28.845   39.935   3  11
 66   14.648  -16.028  11  20
 67   -5.872   36.163   2  10
 68  -55.219   40.497  23  14
 69   46.228   33.563  15  18
 70  -12.720   13.898   6   6
 71   -0.830    0.720  19  17
 72   18.085   18.231   8  17
 73   31.238   -5.304  12  21
 74  -10.675   -0.397  25   8
 75   33.978   18.213  10  16
 76   30.029   20.703  24   6
 77   23.755    0.098  23  14
 78    5.487  -21.265  10  17
 79  -11.230   50.159  19  19
 80   45.135   32.721  22  12
 81   28.632   16.174   3   8
 82   -0.885  -16.010   8  10
 83  -10.510   20.374  24  15
 84   86.774   86.853   5   8
 85   16.669  -29.688  18  23
 86   13.269   84.955  21  12
 87  -58.691  -49.341  17   5
 88   -6.445   19.891   3   4
 89   16.785   -7.513   8  20
 90   15.125   52.960   3  22
 91   -3.278   22.070   7  18
 92   13.092  -23.938   5  14
 93   45.813   33.539  12  23
 94   35.370  -13.635   8  15
 95   16.455  -37.103  19   8
 96    2.582    1.843   5  18
 97   30.634   -5.475   9  24
 98   63.623  -11.603  24   4
 99   56.665   17.596  18  15
100   -6.891   31.757  22   1
101   -4.810   12.537   6   8
102   -9.296   21.222  15   4
103   50.140   25.970   6  15
104  -38.995   53.027   4  18
105  -94.568   45.325  16  21
106   88.196   56.879  13  20
107   -4.382   -4.199   7  24
108  -31.958   54.315   1   2
109   45.355   40.271  13   3
110   40.680  -14.014   2   3
111   -4.114   18.909   7   4
112  -48.492  -19.922  24  14
113  -11.383  -16.498  23  23
114   62.610  -22.662  19   1
115   30.609   75.299   5   4
116   60.889   18.842   9  23
117  -20.825  -35.632   4  25
118  -24.823   16.907  22  12
119   33.557   16.827  24  25
120  -18.427  -12.366   9  24
121   39.313  -71.356  12  16
122   53.003   27.881  13  15
123   44.806   20.581  16  14
124   32.568  -85.748  17  22
125    3.644   31.482  20   8
126   44.171   16.138   3  16
127   45.581  -22.791   6  13
128   68.408    5.487  10   1
129   55.499   -4.181  25   2
130   -5.078    5.566   8   9
131   -8.057   -7.330   6   1
132  -13.171   41.943  19   9
133  -11.975   -6.720   8  18
134   81.250    8.276  11  13
135  -28.491   75.330  20  12
136   14.105   -1.300  25  12
137   16.040   19.836  21  14
138  -30.408  -21.466  24  23
139  -36.432   -0.214   4  10
140   60.645   49.573  25  17
141    1.929   22.327   8  17
142   60.742   36.487   2  10
143   23.053   38.007   6   7
144   22.412  -50.281  20   8
145   24.718   11.810   0   0
146   47.824   20.557   0   0
147   33.206   20.007   0   0
148   17.786   -5.945   0   0
149    0.058   12.622   0   0

