4 216 5
2350 380 15 0.25
  1  -21.301   81.616  12   5
  2   94.073  -65.790  15  24
  3  -40.820   41.516  20   3
  4   22.845   23.553  23  18
  5   77.185   86.798   2   7
  6   -6.647  -40.857  23  20
  7  -14.148   50.226  11   8
  8   79.053   40.350  20  24
  9  -15.625   53.900   5  25
 10  -30.511   13.989  23  10
 11   14.404  -33.917  11   6
 12  -20.911  -19.684  19   2
 13  -12.030  -15.027   1   7
 14  -26.135   26.147  25   8
 15   -2.795  -62.830  18  24
 16  -30.792  -25.165  13   4
 17   -6.158   18.213  16   2
 18    9.613  -47.223   4   8
 19  -30.505   -2.496  25  24
 20  -22.766  -27.863   8  19
 21  -33.521    6.134  12  11
 22  -23.236  -49.872   8  20
 23  -32.056    1.221  20   1
 24  -14.709  -10.089  19   4
 25   30.585   46.674  12   5
 26   -3.021   -8.344  13   2
 27  -11.365  -30.737  19  20
 28   29.669   45.490  20  20
 29   61.670  -39.325  17  13
 30   15.649  -26.288   2  25
 31    5.652  -56.555  19  25
 32  -34.619    9.607   5  12
 33   58.813   18.481  12  19
 34  -80.713   72.626  24  11
 35  -28.198  -12.933  23   2
 36  -40.222    4.248  11   9
 37    4.590   39.673  14  25
 38   13.129   73.389  20  11
 39    7.489  -13.385   8   1
 40   44.269   28.571   6  24
 41    0.281   25.970  24  19
 42  -62.012  -10.846  14  17
 43   16.797   29.840   3   9
 44  -28.442  -15.997   4  23
 45   52.448   55.609  24  15
 46   12.073    1.514  17   2
 47   14.532   50.464   6  11
 48   51.141   28.180  11  17
 49  -54.602  -42.749   5   3
 50   66.895   71.381  18  19
 51  -39.612  -44.537  22   7
 52    0.037   -4.059  10   1
 53   45.984   81.342   9  18
 54   20.361   76.703   4   2
 55   28.174  -18.054  24  14
 56  -29.993  -96.973  21  24
 57   26.178   18.866  14   1
 58   16.675   33.313  23   6
 59  -12.781   18.719  12  15
 60   -8.850   43.689  24  12
 61    0.494   17.346  21   3
 62  -12.817   10.553   9   4
 63  -28.369  -25.665  12  23
 64   -0.018  -22.839  10  12
 65   -8.551   70.642  25  24
 66  -27.283   -3.900  14  23
 67   12.402  -13.776  20   4
 68   10.181  -24.213  19  22
 69   -7.599  -36.053   6  10
 70   17.682   23.676  15  19
 71   26.239  -23.688  11  20
 72   47.028  -16.046  13  15
 73  -28.632   27.490  22  23
 74   11.816   27.264  14  18
 75   51.904   22.882  16   7
 76   25.897   22.931   6  15
 77   36.871   51.013   9  13
 78  -21.887   33.722   7   1
 79   25.867   28.302  23  17
 80  -67.700   24.109  14  14
 81    6.360   -9.106  15  18
 82   10.706  -25.446   8  20
 83   33.875   34.875  21   6
 84   95.544   56.042  17   5
 85  -20.258  -24.042   1   8
 86   27.881   60.583   5  22
 87   20.392   35.828  22   1
 88   19.128   11.554   2  22
 89   40.509   -2.893   6  14
 90  -53.723   -3.699  12  16
 91   20.477   44.983  24  22
 92   18.127  -15.417  17  17
 93    5.176  -38.080   5  17
 94  -20.764   53.564  20  15
 95  -37.396   63.666  18  23
 96   26.184   40.247  22  13
 97   -2.490  -22.888  10  14
 98  -18.518   70.276   1  19
 99  -44.305   83.429   2  17
100  -29.065   19.519  18   6
101   -6.915   23.737  15   2
102  -41.052    3.021   9  25
103  -31.689  -14.734  12  13
104   20.642   28.412  13  25
105  -51.733   -0.995  18  19
106  -42.285  -45.703  19   6
107  -11.261   19.324  22  23
108  -48.029  -17.377  17   5
109   81.152  -48.553  18  14
110   22.205   75.696  22  15
111   33.185   48.199  15  21
112   -9.216   16.492  19   6
113   31.079   71.661  10   9
114   -0.873  -20.593   8  10
115    0.378    8.081   7  23
116  -20.386   19.354  17  12
117    0.195    7.074   9   6
118   69.867   19.275  20  12
119  -29.602  -67.468  25   1
120  -27.191   56.097   4  22
121   41.577   50.720   2  20
122  -21.350  -78.937  14  10
123  -11.401  -23.901   5   8
124  -56.842  -14.447  22  11
125   13.275   -6.683   2  25
126  -47.241   35.345   7  22
127  -91.589   32.849   5  16
128  -11.151  -10.419   9  13
129  -55.591  -22.614  20   3
130  -83.545   51.721  13   7
131   35.138  -37.238  22  10
132   33.154   67.505  14   5
133   62.683   -0.824  18  12
134   35.730   21.423   6   9
135  -11.530  -48.444   4  12
136  -31.616   31.952   3  16
137   21.423  -23.907  25  19
138  -19.958  -53.473  20   3
139   23.535   -2.191   1   7
140   31.427   34.949  12  20
141  -14.996   -9.265  17   5
142    9.265  -15.045  14   1
143  -14.746   61.523  20   3
144  -72.620   89.465  13   1
145  -64.771  -61.719   3  17
146   48.578   -0.360  12  19
147   -0.671   20.087  19   2
148  -29.480    9.497   1  14
149   55.969   34.894  22   6
150  -22.900   29.089  15  25
151  -30.011   27.765  20  24
152   53.607   65.613  20   6
153   14.960  -24.341  20  21
154   12.860    0.586  19  20
155   95.074   43.549   1   7
156   26.257   60.962  21  19
157   -9.729  -34.668  21  15
158  -37.799   23.663  24   7
159   39.258   48.145  22  13
160  -77.380    8.905  17  23
161    3.058  -14.148  21   2
162   -8.246  -82.898   6   6
163  -42.059  -25.488   4  21
164  -15.344  -11.981  12   8
165  -21.075   47.766   1  14
166  -49.109  -12.305  24   4
167   23.407  -16.571  14   9
168  -23.816   52.686   1  19
169  -41.748   67.273  25   9
170  -23.151   17.175  11   7
171  -36.151   28.302  18  24
172   43.292   45.056  10   2
173    8.374  -24.902  24   1
174   62.976   32.404   8  23
175  -29.803   53.510   3   4
176  -61.523   -8.765  21  23
177   63.647  -70.282   5  23
178  -51.239  -12.158   5   2
179   -9.241   56.903  22  23
180  -29.980   73.859   1  11
181   34.607  -37.531   2   2
182  -43.188   56.427   7   4
183  -14.691  -60.541  18   3
184   38.245   23.010   6  25
185   17.529   36.316  24  14
186  -33.911   98.560  24  24
187  -43.353  -41.626  25  13
188   34.131   67.010  24  18
189   10.901   28.870   1  15
190  -38.947   10.925   9   8
191   47.424   53.986  19   7
192   39.185   12.598  10  10
193  -46.356   31.567  24  20
194  -22.351    7.935  21   5
195  -23.773  -32.123  15  22
196   33.966  -50.018   1  14
197  -13.617   24.530  20  18
198  -32.666   99.274  22  20
199    4.065   75.238  19  19
200  -56.189   21.722  21  21
201  -12.231   33.185  14   8
202   45.117   31.262  20  17
203   14.667  -17.993  22  23
204   24.030   10.358  18   2
205   25.970   37.427  17  22
206  -60.229   -9.503   8  14
207  -53.986  -56.653  13   1
208   42.035   60.883  23  20
209    3.851  -11.780  20  10
210  -16.315   28.284   1  23
211   11.230   -7.568  16  20
212    2.332   74.640  17   3
213  -31.812   -1.709  24  23
214   52.930  -25.897  19  12
215  -23.743  -21.143  11   5
216  -29.779  -28.528  10  15
217   -4.211    7.631   0   0
218   22.189   32.407   0   0
219  -20.230   29.593   0   0
220    4.895  -13.361   0   0
221  -23.700  -18.115   0   0
