4 144 6
1650 250 15 0.25
  1  -70.874    1.282  14  12
  2   52.289  -23.535  19   9
  3  -31.671  -91.284  16  12
  4  -54.401    9.436  17   1
  5  -97.852  -66.437  21  15
  6  -16.083   39.734   3  12
  7  -19.098   32.776   6   2
  8  -14.362    0.659  11   2
  9   -9.271    5.261  23  11
 10  -55.652   38.812  10  20
 11  -17.688   53.491  22  17
 12  -29.718  -33.386   5  18
 13    7.404   53.931  19   2
 14  -14.545   24.744  19   7
 15  -20.483   72.455   5   2
 16    0.488   94.067   1   5
 17    0.787   31.079  16   7
 18  -70.178   27.234   4  18
 19   -5.817  -27.545  20   8
 20  -34.937   37.653   8  10
 21  -70.331  -62.262  12  10
 22  -93.854   66.614   6  25
 23  -62.567    9.009  21  18
 24  -13.708  -32.898   7  23
 25   37.378   -4.913  24  24
 26  -48.401  -32.269  16   7
 27   67.944   44.977   5  24
 28  -51.416    9.241  22  14
 29    2.277  -20.129  18  12
 30  -34.406  -22.919   3   7
 31  -56.726   11.890  18  11
 32  -60.986  -80.432   7  19
 33  -57.166  -48.798  14  23
 34  -57.996   18.970  18  18
 35   49.988   28.754  13  17
 36  -33.350   -2.356  14   4
 37  -24.091   53.162   3  14
 38  -19.049  -35.339  11  19
 39  -55.994   -2.203  10   4
 40  -55.731   33.606   5  10
 41  -43.915  -11.792   1  22
 42   33.191   66.620   2  24
 43   -2.277  -14.532  14  18
 44  -34.991  -12.531   3  24
 45   26.385   38.696   5  24
 46  -55.597  -53.485  24  15
 47  -35.645   33.655   2  16
 48   10.132   66.034  18   5
 49  -11.115   40.515   6  13
 50    4.669  -57.013   9  11
 51  -37.061  -34.576  19  25
 52  -48.175   -8.032   4  23
 53  -47.577   -8.466   3  23
 54  -39.941  -82.123  14  19
 55  -44.183    4.541  17   3
 56   15.155   36.584  18  22
 57   23.108   41.681   3  20
 58  -52.081  -41.217   3  17
 59  -61.481   10.291  12  18
 60  -15.381    1.556   8  15
 61  -47.443  -36.578  17  24
 62  -30.634  -18.176   9  17
 63    9.283   30.548  12  19
 64  -33.606  -49.359   5   7
 65   -9.216   25.769  21   3
 66  -32.190   30.884  18  13
 67  -19.757  -17.969  20  25
 68  -59.882   41.254   4   8
 69   53.149   28.387  20  16
 70   -3.613   59.082   8  10
 71   -6.641   53.156  21  18
 72    4.260  -52.222  18   3
 73   11.462  -36.530   6  19
 74    8.337  -84.265   3   5
 75    9.833  -20.209   2  19
 76  -45.831   18.304   5  15
 77  -52.386  -18.030  17  12
 78  -66.077   37.506  16  23
 79   15.735   32.941  13  12
 80  -49.335  -25.232   8  18
 81   -9.540  -27.283  12   7
 82  -27.637  -17.291   6  20
 83  -62.689   40.106  24  25
 84  -61.310   19.275   9  13
 85  -12.878  -21.185  14  10
 86   -0.922   17.188  16  15
 87   20.258  -49.854   8  14
 88  -71.289   -2.679   2   5
 89   58.887  -54.071  12  24
 90  -15.179  -40.332  11  25
 91  -33.588  -48.181   1  23
 92  -18.243   -0.195  16  17
 93   10.938   11.322  21  20
 94   21.710   23.999   7   2
 95  -36.346   39.661  22   4
 96    8.704   51.056  25  21
 97  -73.706   13.776   1  24
 98    6.836   30.237   8  14
 99    1.300   39.764  20  14
100   18.359   20.978  12  24
101  -34.058   31.409  19   7
102  -67.487    5.072  13  10
103   -8.527   48.206   1  16
104  -12.708  -19.757   6   9
105   20.135   -0.061  13   5
106  -30.945   44.196  21   8
107  -37.787   27.258  23  12
108   -5.933   59.241   5  21
109   23.236  -49.176  14   4
110  -38.995  -57.440   7   8
111   15.680   42.242  13   4
112  -58.618    2.832  22  20
113  -24.017  -53.748  13  13
114   -0.897   25.183  11  12
115  -48.932   21.191  12  10
116    6.689  -59.052  16  22
117  -15.186  -53.894  11  24
118  -37.738    1.288   4   8
119  -56.714    4.077  10  11
120  -14.362  -48.114  22   6
121  -88.605   32.990  10   8
122  -45.496    2.246  19   3
123  -25.989  -27.197   3   8
124  -44.916   17.096  15  11
125   78.217   61.621   2  22
126    5.768   27.954  23  21
127  -32.245  -45.654  10  10
128  -45.099   21.771  11  23
129   -7.654    6.189   4  23
130   -1.013  -35.455   9   7
131    2.185   22.443  16  22
132  -17.188  -64.880   3   4
133    3.192   22.992  19  22
134   -7.892  -58.746   7  15
135   -8.978  -36.682  12   8
136  -16.687  -92.065   4   8
137  -46.802  -42.267  21  11
138  -43.890  -10.712  10  11
139  -37.207   72.809  14  17
140  -11.072   50.916  18  22
141    4.352   44.196   7   3
142   -4.523   36.121  11   6
143  -11.011   72.009  10  10
144  -27.771  -26.898  23  24
145  -18.729    0.141   0   0
146  -15.533  -19.720   0   0
147  -17.371  -45.428   0   0
148  -44.351    4.224   0   0
149  -17.273   31.082   0   0
150    0.885   30.548   0   0
