4 216 6
2500 400 15 0.25
  1  -63.953   -0.348  11   4
  2   43.469   60.077   9  16
  3   18.567   33.484  11  19
  4  -39.972   11.694  23  19
  5  -42.297  -32.709   5   1
  6   18.420  -18.213   4  21
  7  -40.625   17.493  15  22
  8   62.012    8.954  13   5
  9  -12.653  -12.567  20   4
 10  -53.613   -2.710   8   5
 11   20.990   17.834   7  12
 12    5.530   11.206  20  25
 13  -61.597  -42.584   7  23
 14  -49.518   98.126  24   5
 15  -18.860   58.728  23  19
 16   91.302  -43.585  15  18
 17   -1.538  -23.730  10  25
 18    5.609  -35.529  24  25
 19   20.825    2.826   2  21
 20   -7.452   29.913  23  21
 21   30.670  -28.809  21  13
 22   27.026   19.263  15   7
 23  -21.417   42.163  22   9
 24   44.275  -48.395  20  19
 25    3.259   -1.343  21  16
 26   10.596   -9.784   9  19
 27  -52.533   84.338  10  25
 28    3.088   23.810  11  11
 29  -48.047   -8.807  11  18
 30   26.825   28.668  23   7
 31  -73.737   41.705  15   7
 32   -5.615   52.087   6  15
 33  -21.967   32.593  15   6
 34   55.420   10.022  14  11
 35  -27.747    7.294   6  24
 36   67.059  -28.473   6   5
 37    0.696   -4.865   8  14
 38   16.461   37.817   3  17
 39   30.304   64.227  23  19
 40  -25.616   17.554  22   3
 41   53.241  -28.076  13  23
 42   17.670   -1.740   1  19
 43   36.017   -4.297  23   2
 44   38.422   10.858   3  22
 45  -15.332  -45.886  12  20
 46  -18.799   59.363  24  21
 47   33.112  -57.233   1  13
 48  -46.240   15.912  16  19
 49   13.556   25.641   3  11
 50   26.959   -9.894  24   5
 51  -46.906   29.077   3  16
 52   89.886  -35.822   5  17
 53  -86.163   30.298   1  16
 54  -49.408   49.384   6   7
 55   31.763   27.655  25  10
 56  -46.570   25.690   3   5
 57   43.518  -39.642   2  21
 58  -25.134   46.027   7   2
 59  -11.993   15.369  18  20
 60  -18.481   32.843  22   9
 61   24.170    6.262  14   6
 62  -71.356  -14.221  19  19
 63   19.055  -41.968  10  11
 64  -49.127   -9.784  16  22
 65   49.237  -33.038  11  15
 66  -25.769   47.174  21   5
 67   44.702  -15.784  15  16
 68   36.261  -12.781   8  22
 69   -0.208  -24.249  22   2
 70    6.018  -11.481  12   1
 71    7.068   23.639  23   5
 72  -56.097   10.620  22   8
 73   14.594   45.575   3  13
 74  -47.992  -50.452  17  15
 75   38.922   25.629  18  14
 76  -44.135   74.664  23  18
 77   67.755  -10.193   7   1
 78   25.494   36.285  24   4
 79   -5.133   10.681   7  21
 80   40.759    3.668  22  10
 81  -37.067   17.145  25  19
 82   46.692  -38.440  25  18
 83   48.779  -28.510  18  22
 84   26.068   18.512  11  10
 85   17.719  -39.520  10   2
 86   -4.730    1.282  11  19
 87   10.889  -33.392   2  20
 88  -30.499   22.205   3   1
 89   87.659  -29.694  19  10
 90  -27.771   68.341  19   5
 91   -9.015   77.002   1  24
 92  -35.254  -56.226  19   5
 93   -4.065   79.047  18  23
 94  -18.341  -26.288  18  18
 95  -44.318   27.234  18  17
 96  -12.701  -57.904  10   6
 97  -50.562   30.188  15   7
 98   43.628   81.854  10  14
 99   18.787   -9.479   5  23
100  -17.621    7.837  11  12
101  -60.767  -58.728   8   8
102   -5.011   66.766   7  17
103  -29.333   -2.698  14   2
104  -24.561   -2.338   4  11
105  -32.117   67.645  17   9
106   27.063   14.807   8   7
107   42.645  -79.547   5  18
108   11.200  -37.866   1  20
109  -58.124    1.202   7  16
110   22.131  -38.080  18   1
111    6.311   57.513  19   3
112   -1.031   27.661   4   7
113  -51.129   17.474  25   6
114   33.350   -5.847  17  19
115  -23.187   70.343  19  15
116   35.370  -86.163  22   6
117   22.778   51.184  18   2
118   24.591   17.047  19   8
119   62.329  -82.111   3  24
120  -32.507   11.450  17  10
121   -4.163   19.409   1  18
122   31.934  -18.994   2  12
123  -25.415   13.806  21   5
124   -0.861   -6.396  12   9
125   -0.208  -30.286  23   7
126   26.678   32.526   5  25
127  -23.962   11.621   2  14
128   -3.735   -2.905  18  21
129   23.022  -40.387   7   9
130   12.439  -26.068   7   5
131  -19.458   49.304  14  24
132   -7.117  -20.056  19  24
133   11.237   21.326   5   1
134   12.927  -28.229  19   6
135  -44.342   35.626   2   4
136   64.587  -24.707  17  18
137   42.133  -22.980   1  18
138    1.263   -8.118  14  24
139   14.996   46.887  24  18
140    4.968  -31.201   5   4
141  -23.920   13.501  14   1
142   30.054   -1.959  23  19
143    1.611  -69.751  16   3
144  -12.335   63.660   9  16
145   33.838  -79.492  13  15
146  -18.109   -4.303   1  10
147  -45.990  -46.906  16   5
148  -55.145  -21.832   9   6
149   10.681  -37.231  17  12
150   34.644    4.388   7   9
151  -30.316   69.916  22  18
152   15.131   19.818  24  10
153   10.645  -41.278  11   3
154   31.921  -92.493  23   1
155   27.197    6.354   9  18
156   12.250  -61.267   2  11
157   36.237   45.715  22   1
158   -5.139  -51.233  20   6
159   24.750  -29.254  25  18
160    2.808   12.811  19  12
161   12.122   17.133  21   5
162   19.434  -46.130  11   7
163   20.703   -3.131  21  18
164  -11.926  -41.949  14   5
165  -38.782   64.856  25  14
166    1.672  -56.470  16  17
167  -24.524   38.690  14   4
168  -14.215  -42.194   4  17
169   20.978  -32.843   2  24
170   12.457   29.413  22   4
171   16.901    2.118  22  19
172  -25.952   43.134  11  14
173    1.825  -29.694   9  21
174    5.780   65.149  20   7
175   11.884   37.256   8  17
176  -42.535   58.405   7  11
177  -27.472   52.271   6  12
178    4.419    5.988   5   2
179    8.685  -69.165   4  22
180  -23.230   56.976  18  22
181    4.144  -51.178   6  22
182    1.086  -59.772   7   6
183   31.158   -1.062  10  11
184   27.484  -69.507  13   5
185  -28.198   67.816  15  16
186  -25.372   12.152   3  10
187   -9.961  -59.814  16  24
188   42.169  -42.761   5  13
189  -34.094   52.948   3  15
190  -25.635  -39.526   9   3
191  -43.896   75.653  25  15
192   -6.769    4.095  11  22
193  -11.383  -85.822   9   1
194   15.576   21.198   7  10
195  -37.018   25.116  23  14
196  -33.234    3.705  24  22
197   34.381    8.984   7  17
198   23.102  -36.188  10   2
199  -20.813  -45.050  21  25
200   78.461   -8.557  19   4
201    2.863   25.500  25  18
202   -0.378  -22.302  19   5
203   -4.407   96.246  17   3
204  -78.760  -90.497  17   9
205  -13.861   -2.667  20  21
206   39.264  -29.858   9  16
207   14.990   26.550   9  22
208   24.957   12.744  18   4
209   -5.206  -46.832  18  22
210   40.515  -37.854  18  23
211   26.898   52.979  13  20
212  -12.500  -52.997  19   7
213   26.013  -11.401  10  19
214   33.179    6.250  18   9
215   27.795   25.494  10  16
216  -33.539   15.680   3   1
217    1.050    8.233   0   0
218  -22.003   48.923   0   0
219   16.318   18.967   0   0
220   13.181  -26.050   0   0
221  -23.407   15.121   0   0
222   21.161  -15.796   0   0
