 15 
  0      30      40        0.00        0.00         0.00 
  1      37      52        7.00        8.40         2.03 
  2      49      49       30.00       36.00        65.77 
  3      52      64       16.00       12.80        19.94 
  4      20      26        9.00       10.80         8.38 
  5      40      30       21.00       25.20         4.35 
  6      21      47       15.00       18.00         6.09 
  7      17      63       19.00       15.20        18.11 
  8      31      62       23.00       18.40        34.28 
  9      52      33       11.00       13.20        23.40 
 10      51      21        5.00        4.00        13.88 
 11      42      41       19.00       22.80        23.19 
 12      31      32       29.00       34.80        11.77 
 13       5      25       23.00       18.40        59.48 
 14      12      42       21.00       16.80        27.28 
 15      36      16       10.00        8.00        36.12 
