 15 
  0      30      40        0.00        0.00         0.00 
  1      37      52        7.00        7.00         0.00 
  2      49      49       30.00       36.00       144.70 
  3      52      64       16.00        9.40        20.31 
  4      20      26        9.00       10.80        13.39 
  5      40      30       21.00       21.00         0.00 
  6      21      47       15.00       15.00         0.00 
  7      17      63       19.00       22.80        18.42 
  8      31      62       23.00       18.40        74.34 
  9      52      33       11.00       13.20        51.48 
 10      51      21        5.00        4.00        13.88 
 11      42      41       19.00       19.00         0.00 
 12      31      32       29.00       29.00         0.00 
 13       5      25       23.00       27.60        70.64 
 14      12      42       21.00       16.80        58.43 
 15      36      16       10.00        8.00        36.12 
