15
  0   30.00   40.00    0.00    0.00    0.00
  1   37.00   52.00    7.00    8.40   28.15
  2   49.00   49.00   30.00   36.00   44.65
  3   52.00   64.00   16.00   12.80   58.83
  4   20.00   26.00    9.00   10.80    9.59
  5   40.00   30.00   21.00   25.20   15.94
  6   21.00   47.00   15.00   18.00   30.74
  7   17.00   63.00   19.00   15.20   52.87
  8   31.00   62.00   23.00   18.40   90.78
  9   52.00   33.00   11.00   13.20   42.93
 10   51.00   21.00    5.00    4.00   19.18
 11   42.00   41.00   19.00   22.80   83.44
 12   31.00   32.00   29.00   34.80   28.11
 13    5.00   25.00   23.00   18.40   63.87
 14   12.00   42.00   21.00   16.80   54.31
 15   36.00   16.00   10.00    8.00   12.46
