15
  0   30.00   40.00    0.00    0.00    0.00
  1   37.00   52.00    7.00    5.60    7.57
  2   49.00   49.00   30.00   36.00   14.21
  3   52.00   64.00   16.00   12.80   18.88
  4   20.00   26.00    9.00   10.80    3.05
  5   40.00   30.00   21.00   16.80    7.69
  6   21.00   47.00   15.00   18.00    9.78
  7   17.00   63.00   19.00   15.20   17.63
  8   31.00   62.00   23.00   27.60   35.30
  9   52.00   33.00   11.00    8.80   11.60
 10   51.00   21.00    5.00    6.00    7.45
 11   42.00   41.00   19.00   15.20   22.07
 12   31.00   32.00   29.00   34.80    8.94
 13    5.00   25.00   23.00   18.40   21.31
 14   12.00   42.00   21.00   25.20   20.52
 15   36.00   16.00   10.00    8.00    4.95
