 20 
  0      30      40        0.00        0.00         0.00 
  1      42      41       19.00       22.80        23.19 
  2      31      32       29.00       34.80        11.77 
  3       5      25       23.00       18.40        28.66 
  4      12      42       21.00       25.20        11.74 
  5      36      16       10.00        8.00        16.52 
  6      52      41       15.00       18.00        32.89 
  7      27      23        3.00        3.60         0.62 
  8      17      33       41.00       49.20        11.91 
  9      13      13        9.00        7.20        26.91 
 10      57      58       28.00       22.40        71.94 
 11      62      42        8.00        6.40        18.92 
 12      42      57        8.00        6.40        10.39 
 13      16      57       16.00       12.80        23.84 
 14       8      52       10.00       12.00         4.41 
 15       7      38       28.00       33.60        59.56 
 16      27      68        7.00        5.60         9.08 
 17      30      48       15.00       18.00         6.09 
 18      43      67       14.00       11.20        23.64 
 19      58      48        6.00        7.20         8.38 
 20      58      27       19.00       15.20        13.47 
