 20 
  0      30      40        0.00        0.00         0.00 
  1      42      41       19.00       19.00         0.00 
  2      31      32       29.00       29.00         0.00 
  3       5      25       23.00       18.40        28.66 
  4      12      42       21.00       21.00         0.00 
  5      36      16       10.00        8.00        36.12 
  6      52      41       15.00       18.00        72.35 
  7      27      23        3.00        3.00         0.00 
  8      17      33       41.00       41.00         0.00 
  9      13      13        9.00       10.80        32.33 
 10      57      58       28.00       29.80        80.13 
 11      62      42        8.00        6.40        18.92 
 12      42      57        8.00        6.40        10.85 
 13      16      57       16.00       12.80        51.71 
 14       8      52       10.00       12.00         9.69 
 15       7      38       28.00       33.60       131.04 
 16      27      68        7.00        5.60        19.44 
 17      30      48       15.00       15.00         0.00 
 18      43      67       14.00       16.80        26.83 
 19      58      48        6.00        7.20        18.43 
 20      58      27       19.00       15.20        13.47 
