20
  0   30.00   40.00    0.00    0.00    0.00
  1   42.00   41.00   19.00   15.20   63.16
  2   31.00   32.00   29.00   34.80   43.16
  3    5.00   25.00   23.00   18.40   84.57
  4   12.00   42.00   21.00   25.20   22.37
  5   36.00   16.00   10.00    8.00    7.90
  6   52.00   41.00   15.00   18.00   30.74
  7   27.00   23.00    3.00    2.40    8.35
  8   17.00   33.00   41.00   49.20  197.76
  9   13.00   13.00    9.00    7.20   29.09
 10   57.00   58.00   28.00   33.60  131.04
 11   62.00   42.00    8.00    6.40   28.89
 12   42.00   57.00    8.00    9.60    7.75
 13   16.00   57.00   16.00   12.80   44.43
 14    8.00   52.00   10.00   12.00   30.71
 15    7.00   38.00   28.00   22.40   34.89
 16   27.00   68.00    7.00    8.40   13.41
 17   30.00   48.00   15.00   12.00   10.63
 18   43.00   67.00   14.00   16.80   50.28
 19   58.00   48.00    6.00    4.80   14.19
 20   58.00   27.00   19.00   22.80   57.95
