20
  0   30.00   40.00    0.00    0.00    0.00
  1   42.00   41.00   19.00   15.20   20.53
  2   31.00   32.00   29.00   34.80   13.73
  3    5.00   25.00   23.00   18.40   27.15
  4   12.00   42.00   21.00   25.20    7.12
  5   36.00   16.00   10.00    8.00    3.66
  6   52.00   41.00   15.00   18.00    9.78
  7   27.00   23.00    3.00    2.40    2.78
  8   17.00   33.00   41.00   49.20   62.92
  9   13.00   13.00    9.00    7.20    9.49
 10   57.00   58.00   28.00   33.60   41.69
 11   62.00   42.00    8.00    6.40    9.29
 12   42.00   57.00    8.00    9.60    2.47
 13   16.00   57.00   16.00   12.80   14.82
 14    8.00   52.00   10.00   12.00    9.77
 15    7.00   38.00   28.00   22.40   13.86
 16   27.00   68.00    7.00    8.40    4.27
 17   30.00   48.00   15.00   12.00    5.15
 18   43.00   67.00   14.00   16.80   16.00
 19   58.00   48.00    6.00    4.80    4.86
 20   58.00   27.00   19.00   22.80   18.44
