20
  0   30.00   40.00    0.00    0.00    0.00
  1   42.00   41.00   19.00   15.20   17.69
  2   31.00   32.00   29.00   34.80   11.77
  3    5.00   25.00   23.00   18.40   23.32
  4   12.00   42.00   21.00   25.20    6.10
  5   36.00   16.00   10.00    8.00    3.38
  6   52.00   41.00   15.00   18.00    8.38
  7   27.00   23.00    3.00    2.40    2.41
  8   17.00   33.00   41.00   49.20   53.93
  9   13.00   13.00    9.00    7.20    8.19
 10   57.00   58.00   28.00   33.60   35.74
 11   62.00   42.00    8.00    6.40    7.99
 12   42.00   57.00    8.00    9.60    2.11
 13   16.00   57.00   16.00   12.80   12.85
 14    8.00   52.00   10.00   12.00    8.38
 15    7.00   38.00   28.00   22.40   12.45
 16   27.00   68.00    7.00    8.40    3.66
 17   30.00   48.00   15.00   12.00    4.79
 18   43.00   67.00   14.00   16.80   13.71
 19   58.00   48.00    6.00    4.80    4.24
 20   58.00   27.00   19.00   22.80   15.80
