20
  0   30.00   40.00    0.00    0.00    0.00
  1   42.00   41.00   19.00   15.20   29.06
  2   31.00   32.00   29.00   34.80   19.62
  3    5.00   25.00   23.00   18.40   38.63
  4   12.00   42.00   21.00   25.20   10.17
  5   36.00   16.00   10.00    8.00    4.51
  6   52.00   41.00   15.00   18.00   13.97
  7   27.00   23.00    3.00    2.40    3.90
  8   17.00   33.00   41.00   49.20   89.89
  9   13.00   13.00    9.00    7.20   13.41
 10   57.00   58.00   28.00   33.60   59.56
 11   62.00   42.00    8.00    6.40   13.21
 12   42.00   57.00    8.00    9.60    3.52
 13   16.00   57.00   16.00   12.80   20.74
 14    8.00   52.00   10.00   12.00   13.96
 15    7.00   38.00   28.00   22.40   18.06
 16   27.00   68.00    7.00    8.40    6.10
 17   30.00   48.00   15.00   12.00    6.25
 18   43.00   67.00   14.00   16.80   22.86
 19   58.00   48.00    6.00    4.80    6.73
 20   58.00   27.00   19.00   22.80   26.34
