 21 
  0     145     215        0.00        0.00         0.00 
  1     151     264     1100.00      760.00      3957.36 
  2     159     261      700.00      840.00      2134.85 
  3     130     254      800.00      640.00      1891.92 
  4     128     252     1400.00     1680.00      5028.36 
  5     163     247     2100.00     1680.00      1488.72 
  6     146     246      400.00      320.00      1110.73 
  7     161     242      800.00      960.00      2457.19 
  8     142     239      100.00       80.00       323.21 
  9     163     236      500.00      600.00      2340.00 
 10     148     232      600.00      600.00         0.00 
 11     128     231     1200.00     1440.00      1785.97 
 12     156     217     1300.00     1300.00         0.00 
 13     129     214     1300.00     1300.00         0.00 
 14     146     208      300.00      300.00         0.00 
 15     164     208      900.00      900.00         0.00 
 16     141     206     2100.00     2100.00         0.00 
 17     147     193     1000.00     1000.00         0.00 
 18     164     193      900.00      720.00      3250.37 
 19     129     189     2500.00     3000.00      2423.11 
 20     155     185     1800.00     1440.00      2242.85 
 21     139     182      700.00      840.00      1341.46 
