21
  0  145.00  215.00    0.00    0.00    0.00
  1  151.00  264.00 1100.00  880.00 1188.87
  2  159.00  261.00  700.00  840.00  331.49
  3  130.00  254.00  800.00  640.00  944.19
  4  128.00  252.00 1400.00 1680.00  474.50
  5  163.00  247.00 2100.00 1680.00  769.06
  6  146.00  246.00  400.00  480.00  260.81
  7  161.00  242.00  800.00  640.00  742.44
  8  142.00  239.00  100.00  120.00  153.47
  9  163.00  236.00  500.00  400.00  527.39
 10  148.00  232.00  600.00  720.00  893.45
 11  128.00  231.00 1200.00  960.00 1394.11
 12  156.00  217.00 1300.00 1560.00  400.91
 13  129.00  214.00 1300.00 1040.00 1204.38
 14  146.00  208.00  300.00  360.00  293.19
 15  164.00  208.00  900.00  720.00  445.40
 16  141.00  206.00 2100.00 2520.00 1280.49
 17  147.00  193.00 1000.00  800.00  343.47
 18  164.00  193.00  900.00 1080.00 1028.53
 19  129.00  189.00 2500.00 2000.00 2025.79
 20  155.00  185.00 1800.00 2160.00 1746.69
 21  139.00  182.00  700.00  560.00  855.37
