21
  0  145.00  215.00    0.00    0.00    0.00
  1  151.00  264.00 1100.00  880.00 1024.34
  2  159.00  261.00  700.00  840.00  284.13
  3  130.00  254.00  800.00  640.00  811.02
  4  128.00  252.00 1400.00 1680.00  406.71
  5  163.00  247.00 2100.00 1680.00  709.79
  6  146.00  246.00  400.00  480.00  223.55
  7  161.00  242.00  800.00  640.00  643.53
  8  142.00  239.00  100.00  120.00  131.54
  9  163.00  236.00  500.00  400.00  454.81
 10  148.00  232.00  600.00  720.00  765.82
 11  128.00  231.00 1200.00  960.00 1198.13
 12  156.00  217.00 1300.00 1560.00  343.64
 13  129.00  214.00 1300.00 1040.00 1044.01
 14  146.00  208.00  300.00  360.00  251.30
 15  164.00  208.00  900.00  720.00  400.33
 16  141.00  206.00 2100.00 2520.00 1097.56
 17  147.00  193.00 1000.00  800.00  319.11
 18  164.00  193.00  900.00 1080.00  881.59
 19  129.00  189.00 2500.00 2000.00 1766.69
 20  155.00  185.00 1800.00 2160.00 1497.17
 21  139.00  182.00  700.00  560.00  733.90
