21
  0  145.00  215.00    0.00    0.00    0.00
  1  151.00  264.00 1100.00  880.00 3656.73
  2  159.00  261.00  700.00  840.00 1041.82
  3  130.00  254.00  800.00  640.00 2941.64
  4  128.00  252.00 1400.00 1680.00 1491.28
  5  163.00  247.00 2100.00 1680.00 1658.19
  6  146.00  246.00  400.00  480.00  819.70
  7  161.00  242.00  800.00  640.00 2226.00
  8  142.00  239.00  100.00  120.00  482.33
  9  163.00  236.00  500.00  400.00 1616.03
 10  148.00  232.00  600.00  720.00 2808.00
 11  128.00  231.00 1200.00  960.00 4333.83
 12  156.00  217.00 1300.00 1560.00 1260.02
 13  129.00  214.00 1300.00 1040.00 3609.87
 14  146.00  208.00  300.00  360.00  921.45
 15  164.00  208.00  900.00  720.00 1121.43
 16  141.00  206.00 2100.00 2520.00 4024.39
 17  147.00  193.00 1000.00  800.00  708.91
 18  164.00  193.00  900.00 1080.00 3232.51
 19  129.00  189.00 2500.00 2000.00 5912.24
 20  155.00  185.00 1800.00 2160.00 5489.61
 21  139.00  182.00  700.00  560.00 2677.55
