21
  0  145.00  215.00    0.00    0.00    0.00
  1  151.00  264.00 1100.00  880.00 1682.44
  2  159.00  261.00  700.00  840.00  473.55
  3  130.00  254.00  800.00  640.00 1343.68
  4  128.00  252.00 1400.00 1680.00  677.85
  5  163.00  247.00 2100.00 1680.00  946.89
  6  146.00  246.00  400.00  480.00  372.59
  7  161.00  242.00  800.00  640.00 1039.15
  8  142.00  239.00  100.00  120.00  219.24
  9  163.00  236.00  500.00  400.00  745.12
 10  148.00  232.00  600.00  720.00 1276.36
 11  128.00  231.00 1200.00  960.00 1982.05
 12  156.00  217.00 1300.00 1560.00  572.73
 13  129.00  214.00 1300.00 1040.00 1685.48
 14  146.00  208.00  300.00  360.00  418.84
 15  164.00  208.00  900.00  720.00  580.61
 16  141.00  206.00 2100.00 2520.00 1829.27
 17  147.00  193.00 1000.00  800.00  416.56
 18  164.00  193.00  900.00 1080.00 1469.32
 19  129.00  189.00 2500.00 2000.00 2803.08
 20  155.00  185.00 1800.00 2160.00 2495.28
 21  139.00  182.00  700.00  560.00 1219.81
