 22 
  0     266     235        0.00        0.00         0.00 
  1     295     272      125.00      150.00        55.07 
  2     301     258       84.00       67.20       125.18 
  3     309     260       60.00       72.00        83.77 
  4     217     274      500.00      400.00      1495.12 
  5     218     278      300.00      240.00       770.78 
  6     282     267      175.00      210.00       158.66 
  7     242     249      350.00      420.00       101.68 
  8     230     262      150.00      120.00       247.76 
  9     249     268     1100.00     1320.00      2411.65 
 10     256     267     4100.00     4920.00      2291.43 
 11     265     257      225.00      270.00        91.33 
 12     267     242      300.00      360.00       121.77 
 13     259     265      250.00      300.00        51.75 
 14     315     233      500.00      400.00       648.26 
 15     329     252      150.00      120.00       573.76 
 16     318     252      100.00       80.00       168.88 
 17     329     224      250.00      200.00       591.22 
 18     267     213      120.00      144.00       146.48 
 19     275     192      600.00      720.00      1276.36 
 20     303     201      500.00      400.00       322.56 
 21     208     217      175.00      140.00       124.06 
 22     326     181       75.00       60.00       222.97 
