22
  0  266.00  235.00    0.00    0.00    0.00
  1  295.00  272.00  125.00  100.00  415.54
  2  301.00  258.00   84.00  100.80  125.02
  3  309.00  260.00   60.00   48.00  220.62
  4  217.00  274.00  500.00  600.00  532.60
  5  218.00  278.00  300.00  240.00  236.88
  6  282.00  267.00  175.00  210.00  358.62
  7  242.00  249.00  350.00  280.00  973.87
  8  230.00  262.00  150.00  180.00  723.49
  9  249.00  268.00 1100.00  880.00 3555.26
 10  256.00  267.00 4100.00 4920.00 19187.97
 11  265.00  257.00  225.00  180.00  812.59
 12  267.00  242.00  300.00  360.00  290.77
 13  259.00  265.00  250.00  200.00  694.21
 14  315.00  233.00  500.00  600.00 1535.74
 15  329.00  252.00  150.00  120.00  186.90
 16  318.00  252.00  100.00  120.00  191.64
 17  329.00  224.00  250.00  200.00  177.23
 18  267.00  213.00  120.00  144.00  431.00
 19  275.00  192.00  600.00  480.00 1418.94
 20  303.00  201.00  500.00  600.00 1524.89
 21  208.00  217.00  175.00  140.00  669.39
 22  326.00  181.00   75.00   90.00  267.70
