22
  0  266.00  235.00    0.00    0.00    0.00
  1  295.00  272.00  125.00  100.00  191.19
  2  301.00  258.00   84.00  100.80   56.83
  3  309.00  260.00   60.00   48.00  100.78
  4  217.00  274.00  500.00  600.00  242.09
  5  218.00  278.00  300.00  240.00  135.27
  6  282.00  267.00  175.00  210.00  163.01
  7  242.00  249.00  350.00  280.00  454.63
  8  230.00  262.00  150.00  180.00  328.86
  9  249.00  268.00 1100.00  880.00 1639.26
 10  256.00  267.00 4100.00 4920.00 8721.80
 11  265.00  257.00  225.00  180.00  371.64
 12  267.00  242.00  300.00  360.00  132.17
 13  259.00  265.00  250.00  200.00  324.13
 14  315.00  233.00  500.00  600.00  698.06
 15  329.00  252.00  150.00  120.00   96.77
 16  318.00  252.00  100.00  120.00   87.11
 17  329.00  224.00  250.00  200.00  104.14
 18  267.00  213.00  120.00  144.00  195.91
 19  275.00  192.00  600.00  480.00  672.74
 20  303.00  201.00  500.00  600.00  693.13
 21  208.00  217.00  175.00  140.00  304.95
 22  326.00  181.00   75.00   90.00  121.68
