22
  0  266.00  235.00    0.00    0.00    0.00
  1  295.00  272.00  125.00  100.00  116.40
  2  301.00  258.00   84.00  100.80   34.10
  3  309.00  260.00   60.00   48.00   60.83
  4  217.00  274.00  500.00  600.00  145.25
  5  218.00  278.00  300.00  240.00  101.40
  6  282.00  267.00  175.00  210.00   97.81
  7  242.00  249.00  350.00  280.00  281.54
  8  230.00  262.00  150.00  180.00  197.32
  9  249.00  268.00 1100.00  880.00 1000.59
 10  256.00  267.00 4100.00 4920.00 5233.08
 11  265.00  257.00  225.00  180.00  224.65
 12  267.00  242.00  300.00  360.00   79.30
 13  259.00  265.00  250.00  200.00  200.77
 14  315.00  233.00  500.00  600.00  418.84
 15  329.00  252.00  150.00  120.00   66.72
 16  318.00  252.00  100.00  120.00   52.26
 17  329.00  224.00  250.00  200.00   79.78
 18  267.00  213.00  120.00  144.00  117.55
 19  275.00  192.00  600.00  480.00  424.01
 20  303.00  201.00  500.00  600.00  415.88
 21  208.00  217.00  175.00  140.00  183.47
 22  326.00  181.00   75.00   90.00   73.01
