25
  0   30.00   40.00    0.00    0.00    0.00
  1   52.00   41.00   15.00   18.00   60.33
  2   27.00   23.00    3.00    3.60    4.46
  3   17.00   33.00   41.00   49.20  183.51
  4   13.00   13.00    9.00    7.20    9.25
  5   57.00   58.00   28.00   22.40   22.11
  6   62.00   42.00    8.00    6.40   14.34
  7   42.00   57.00    8.00    9.60   26.59
  8   16.00   57.00   16.00   12.80   63.15
  9    8.00   52.00   10.00    8.00   32.32
 10    7.00   38.00   28.00   33.60  131.04
 11   27.00   68.00    7.00    8.40   30.74
 12   30.00   48.00   15.00   18.00   14.54
 13   43.00   67.00   14.00   11.20   38.88
 14   58.00   48.00    6.00    4.80   15.52
 15   58.00   27.00   19.00   22.80   25.58
 16   37.00   69.00   11.00   13.20   21.08
 17   38.00   46.00   12.00   14.40    7.86
 18   46.00   10.00   23.00   18.40   68.78
 19   61.00   33.00   26.00   20.80   61.49
 20   62.00   63.00   17.00   13.60   43.68
 21   63.00   69.00    6.00    4.80   22.95
 22   32.00   22.00    9.00   10.80   32.12
 23   45.00   35.00   15.00   18.00   70.40
 24   59.00   15.00   14.00   11.20   41.71
 25    5.00    6.00    7.00    5.60   24.24
