 25 
  0      30      40        0.00        0.00         0.00 
  1      52      41       15.00       15.00         0.00 
  2      27      23        3.00        3.00         0.00 
  3      17      33       41.00       41.00         0.00 
  4      13      13        9.00       10.80        32.33 
  5      57      58       28.00       33.60        85.39 
  6      62      42        8.00        6.40        18.92 
  7      42      57        8.00        8.00         0.00 
  8      16      57       16.00       12.80        21.70 
  9       8      52       10.00        8.00        36.12 
 10       7      38       28.00       33.60       131.04 
 11      27      68        7.00        8.40         6.78 
 12      30      48       15.00       15.00         0.00 
 13      43      67       14.00       11.20        17.44 
 14      58      48        6.00        4.80        16.66 
 15      58      27       19.00       22.80        36.41 
 16      37      69       11.00       13.20        33.79 
 17      38      46       12.00       12.00         0.00 
 18      46      10       23.00       18.40        87.98 
 19      61      33       26.00       20.80        18.43 
 20      62      63       17.00       13.60        65.38 
 21      63      69        6.00        5.40        21.84 
 22      32      22        9.00        9.00         0.00 
 23      45      35       15.00       15.00         0.00 
 24      59      15       14.00       16.80        49.97 
 25       5       6        7.00        8.40        25.04 
