 25 
  0      30      40        0.00        0.00         0.00 
  1      52      41       15.00       18.00        19.73 
  2      27      23        3.00        3.60         0.62 
  3      17      33       41.00       49.20        50.05 
  4      13      13        9.00        7.20        26.91 
  5      57      58       28.00       22.40        71.94 
  6      62      42        8.00        6.40        18.92 
  7      42      57        8.00        9.60         7.25 
  8      16      57       16.00       12.80        23.84 
  9       8      52       10.00        8.00        16.52 
 10       7      38       28.00       33.60        59.56 
 11      27      68        7.00        8.40         3.08 
 12      30      48       15.00       18.00         6.09 
 13      43      67       14.00       11.20         9.03 
 14      58      48        6.00        4.80         7.78 
 15      58      27       19.00       22.80        16.55 
 16      37      69       11.00       13.20        15.36 
 17      38      46       12.00       14.40         4.87 
 18      46      10       23.00       18.40        87.98 
 19      61      33       26.00       20.80        10.83 
 20      62      63       17.00       13.60        65.38 
 21      63      69        6.00        4.80        20.78 
 22      32      22        9.00       10.80         5.03 
 23      45      35       15.00       18.00         4.36 
 24      59      15       14.00       11.20        41.62 
 25       5       6        7.00        5.60        20.85 
