25
  0   30.00   40.00    0.00    0.00    0.00
  1   52.00   41.00   15.00   12.00   13.97
  2   27.00   23.00    3.00    3.60    1.22
  3   17.00   33.00   41.00   32.80   41.56
  4   13.00   13.00    9.00   10.80    2.61
  5   57.00   58.00   28.00   22.40    9.46
  6   62.00   42.00    8.00    9.60    4.47
  7   42.00   57.00    8.00    6.40    6.44
  8   16.00   57.00   16.00   19.20   21.05
  9    8.00   52.00   10.00    8.00    9.10
 10    7.00   38.00   28.00   33.60   35.74
 11   27.00   68.00    7.00    5.60    6.99
 12   30.00   48.00   15.00   18.00    3.97
 13   43.00   67.00   14.00   11.20   11.24
 14   58.00   48.00    6.00    7.20    5.03
 15   58.00   27.00   19.00   15.20    8.45
 16   37.00   69.00   11.00   13.20    5.75
 17   38.00   46.00   12.00    9.60    3.83
 18   46.00   10.00   23.00   27.60   22.53
 19   61.00   33.00   26.00   20.80   18.37
 20   62.00   63.00   17.00   20.40   14.14
 21   63.00   69.00    6.00    4.80    6.29
 22   32.00   22.00    9.00   10.80    8.76
 23   45.00   35.00   15.00   12.00   15.80
 24   59.00   15.00   14.00   16.80   13.66
 25    5.00    6.00    7.00    5.60    6.75
