25
  0   30.00   40.00    0.00    0.00    0.00
  1   52.00   41.00   15.00   12.00   16.21
  2   27.00   23.00    3.00    3.60    1.42
  3   17.00   33.00   41.00   32.80   48.39
  4   13.00   13.00    9.00   10.80    3.05
  5   57.00   58.00   28.00   22.40   10.25
  6   62.00   42.00    8.00    9.60    5.22
  7   42.00   57.00    8.00    6.40    7.42
  8   16.00   57.00   16.00   19.20   24.55
  9    8.00   52.00   10.00    8.00   10.55
 10    7.00   38.00   28.00   33.60   41.69
 11   27.00   68.00    7.00    5.60    8.13
 12   30.00   48.00   15.00   18.00    4.63
 13   43.00   67.00   14.00   11.20   12.97
 14   58.00   48.00    6.00    7.20    5.86
 15   58.00   27.00   19.00   15.20    9.40
 16   37.00   69.00   11.00   13.20    6.71
 17   38.00   46.00   12.00    9.60    4.12
 18   46.00   10.00   23.00   27.60   26.28
 19   61.00   33.00   26.00   20.80   21.07
 20   62.00   63.00   17.00   20.40   16.50
 21   63.00   69.00    6.00    4.80    7.33
 22   32.00   22.00    9.00   10.80   10.22
 23   45.00   35.00   15.00   12.00   18.42
 24   59.00   15.00   14.00   16.80   15.94
 25    5.00    6.00    7.00    5.60    7.84
