25
  0   30.00   40.00    0.00    0.00    0.00
  1   52.00   41.00   15.00   12.00   22.94
  2   27.00   23.00    3.00    3.60    2.03
  3   17.00   33.00   41.00   32.80   68.86
  4   13.00   13.00    9.00   10.80    4.36
  5   57.00   58.00   28.00   22.40   12.63
  6   62.00   42.00    8.00    9.60    7.45
  7   42.00   57.00    8.00    6.40   10.39
  8   16.00   57.00   16.00   19.20   35.08
  9    8.00   52.00   10.00    8.00   14.90
 10    7.00   38.00   28.00   33.60   59.56
 11   27.00   68.00    7.00    5.60   11.56
 12   30.00   48.00   15.00   18.00    6.61
 13   43.00   67.00   14.00   11.20   18.15
 14   58.00   48.00    6.00    7.20    8.38
 15   58.00   27.00   19.00   15.20   12.26
 16   37.00   69.00   11.00   13.20    9.58
 17   38.00   46.00   12.00    9.60    5.00
 18   46.00   10.00   23.00   27.60   37.55
 19   61.00   33.00   26.00   20.80   29.15
 20   62.00   63.00   17.00   20.40   23.57
 21   63.00   69.00    6.00    4.80   10.46
 22   32.00   22.00    9.00   10.80   14.60
 23   45.00   35.00   15.00   12.00   26.27
 24   59.00   15.00   14.00   16.80   22.77
 25    5.00    6.00    7.00    5.60   11.12
