 29 
  0     162     354        0.00        0.00         0.00 
  1     218     382      300.00      240.00      1038.84 
  2     218     358     3100.00     2480.00     11857.74 
  3     201     370      125.00      100.00       162.07 
  4     214     371      100.00       80.00       112.12 
  5     224     370      200.00      160.00       321.53 
  6     210     382      150.00      180.00       207.94 
  7     104     354      150.00      120.00       445.93 
  8     126     338      450.00      360.00       743.27 
  9     119     340      300.00      240.00       193.54 
 10     129     349      100.00      120.00        90.66 
 11     126     347      950.00     1140.00      1249.67 
 12     125     346      125.00      150.00       265.91 
 13     116     355      150.00      180.00       130.66 
 14     126     335      150.00      180.00        66.08 
 15     125     355      550.00      660.00       585.44 
 16     119     357      150.00      180.00       209.42 
 17     115     341      100.00      120.00       163.26 
 18     153     351      150.00      180.00        60.89 
 19     175     363      400.00      480.00       488.27 
 20     180     360      300.00      360.00        87.15 
 21     159     331     1500.00     1800.00       310.49 
 22     188     357      100.00      120.00        55.89 
 23     152     349      300.00      360.00       121.77 
 24     215     389      500.00      400.00       235.43 
 25     212     394      800.00      640.00      2897.21 
 26     188     393      300.00      240.00       124.97 
 27     207     406      100.00       80.00       344.78 
 28     184     410      150.00      120.00       446.88 
 29     207     392     1000.00      800.00      3846.14 
