29
  0  162.00  354.00    0.00    0.00    0.00
  1  218.00  382.00  300.00  240.00  279.37
  2  218.00  358.00 3100.00 3720.00 1258.30
  3  201.00  370.00  125.00  100.00  126.72
  4  214.00  371.00  100.00  120.00   29.05
  5  224.00  370.00  200.00  160.00   67.60
  6  210.00  382.00  150.00  180.00   83.83
  7  104.00  354.00  150.00  120.00  120.66
  8  126.00  338.00  450.00  540.00  591.95
  9  119.00  340.00  300.00  240.00  272.89
 10  129.00  349.00  100.00  120.00  127.64
 11  126.00  347.00  950.00  760.00  948.52
 12  125.00  346.00  125.00  150.00   33.04
 13  116.00  355.00  150.00  120.00  120.46
 14  126.00  335.00  150.00  180.00  125.65
 15  125.00  355.00  550.00  440.00  244.65
 16  119.00  357.00  150.00  180.00   78.40
 17  115.00  341.00  100.00   80.00   31.91
 18  153.00  351.00  150.00  180.00  146.93
 19  175.00  363.00  400.00  320.00  282.67
 20  180.00  360.00  300.00  360.00  249.53
 21  159.00  331.00 1500.00 1200.00 1572.63
 22  188.00  357.00  100.00  120.00   97.35
 23  152.00  349.00  300.00  240.00  316.01
 24  215.00  389.00  500.00  600.00  487.84
 25  212.00  394.00  800.00  640.00  770.91
 26  188.00  393.00  300.00  360.00   28.53
 27  207.00  406.00  100.00   80.00   52.94
 28  184.00  410.00  150.00  180.00  180.18
 29  207.00  392.00 1000.00  800.00  960.12
