29
  0  162.00  354.00    0.00    0.00    0.00
  1  218.00  382.00  300.00  240.00  997.29
  2  218.00  358.00 3100.00 3720.00 4613.76
  3  201.00  370.00  125.00  100.00  459.63
  4  214.00  371.00  100.00  120.00  106.52
  5  224.00  370.00  200.00  160.00  157.92
  6  210.00  382.00  150.00  180.00  307.39
  7  104.00  354.00  150.00  120.00  417.37
  8  126.00  338.00  450.00  540.00 2170.48
  9  119.00  340.00  300.00  240.00  969.62
 10  129.00  349.00  100.00  120.00  468.00
 11  126.00  347.00  950.00  760.00 3430.95
 12  125.00  346.00  125.00  150.00  121.16
 13  116.00  355.00  150.00  120.00  416.52
 14  126.00  335.00  150.00  180.00  460.72
 15  125.00  355.00  550.00  440.00  685.32
 16  119.00  357.00  150.00  180.00  287.46
 17  115.00  341.00  100.00   80.00   70.89
 18  153.00  351.00  150.00  180.00  538.75
 19  175.00  363.00  400.00  320.00  945.96
 20  180.00  360.00  300.00  360.00  914.93
 21  159.00  331.00 1500.00 1200.00 5737.62
 22  188.00  357.00  100.00  120.00  356.94
 23  152.00  349.00  300.00  240.00 1153.84
 24  215.00  389.00  500.00  600.00 1788.76
 25  212.00  394.00  800.00  640.00 2770.24
 26  188.00  393.00  300.00  360.00  104.60
 27  207.00  406.00  100.00   80.00  160.76
 28  184.00  410.00  150.00  180.00  660.64
 29  207.00  392.00 1000.00  800.00 3447.79
