29
  0  162.00  354.00    0.00    0.00    0.00
  1  218.00  382.00  300.00  240.00  324.24
  2  218.00  358.00 3100.00 3720.00 1468.01
  3  201.00  370.00  125.00  100.00  147.53
  4  214.00  371.00  100.00  120.00   33.89
  5  224.00  370.00  200.00  160.00   73.24
  6  210.00  382.00  150.00  180.00   97.81
  7  104.00  354.00  150.00  120.00  139.21
  8  126.00  338.00  450.00  540.00  690.61
  9  119.00  340.00  300.00  240.00  316.43
 10  129.00  349.00  100.00  120.00  148.91
 11  126.00  347.00  950.00  760.00 1103.67
 12  125.00  346.00  125.00  150.00   38.55
 13  116.00  355.00  150.00  120.00  138.97
 14  126.00  335.00  150.00  180.00  146.59
 15  125.00  355.00  550.00  440.00  272.19
 16  119.00  357.00  150.00  180.00   91.46
 17  115.00  341.00  100.00   80.00   34.35
 18  153.00  351.00  150.00  180.00  171.42
 19  175.00  363.00  400.00  320.00  324.13
 20  180.00  360.00  300.00  360.00  291.12
 21  159.00  331.00 1500.00 1200.00 1832.94
 22  188.00  357.00  100.00  120.00  113.57
 23  152.00  349.00  300.00  240.00  368.37
 24  215.00  389.00  500.00  600.00  569.15
 25  212.00  394.00  800.00  640.00  895.86
 26  188.00  393.00  300.00  360.00   33.28
 27  207.00  406.00  100.00   80.00   59.68
 28  184.00  410.00  150.00  180.00  210.20
 29  207.00  392.00 1000.00  800.00 1115.60
