29
  0  162.00  354.00    0.00    0.00    0.00
  1  218.00  382.00  300.00  240.00  458.85
  2  218.00  358.00 3100.00 3720.00 2097.16
  3  201.00  370.00  125.00  100.00  209.95
  4  214.00  371.00  100.00  120.00   48.42
  5  224.00  370.00  200.00  160.00   90.18
  6  210.00  382.00  150.00  180.00  139.72
  7  104.00  354.00  150.00  120.00  194.84
  8  126.00  338.00  450.00  540.00  986.58
  9  119.00  340.00  300.00  240.00  447.07
 10  129.00  349.00  100.00  120.00  212.73
 11  126.00  347.00  950.00  760.00 1569.13
 12  125.00  346.00  125.00  150.00   55.07
 13  116.00  355.00  150.00  120.00  194.48
 14  126.00  335.00  150.00  180.00  209.42
 15  125.00  355.00  550.00  440.00  354.82
 16  119.00  357.00  150.00  180.00  130.66
 17  115.00  341.00  100.00   80.00   41.66
 18  153.00  351.00  150.00  180.00  244.89
 19  175.00  363.00  400.00  320.00  448.49
 20  180.00  360.00  300.00  360.00  415.88
 21  159.00  331.00 1500.00 1200.00 2613.88
 22  188.00  357.00  100.00  120.00  162.24
 23  152.00  349.00  300.00  240.00  525.46
 24  215.00  389.00  500.00  600.00  813.07
 25  212.00  394.00  800.00  640.00 1270.74
 26  188.00  393.00  300.00  360.00   47.55
 27  207.00  406.00  100.00   80.00   79.90
 28  184.00  410.00  150.00  180.00  300.29
 29  207.00  392.00 1000.00  800.00 1582.04
