 30 
  0      40      40        0.00        0.00         0.00 
  1      22      22       18.00       14.40        20.18 
  2      36      26       26.00       31.20        34.20 
  3      21      45       11.00        8.80        14.26 
  4      45      35       30.00       36.00        12.18 
  5      55      20       21.00       25.20        34.28 
  6      33      34       19.00       22.80         5.52 
  7      50      50       15.00       18.00         8.38 
  8      55      45       16.00       19.20        17.03 
  9      26      59       29.00       34.80        25.26 
 10      40      66       26.00       31.20        36.04 
 11      55      65       37.00       29.60       110.23 
 12      35      51       16.00       19.20         3.31 
 13      62      35       12.00       14.40        16.75 
 14      62      57       31.00       24.80       119.23 
 15      62      24        8.00        6.40        30.60 
 16      21      36       19.00       22.80         8.37 
 17      33      44       20.00       24.00        24.41 
 18       9      56       13.00       10.40        44.82 
 19      62      48       15.00       12.00         9.68 
 20      66      14       22.00       17.60        83.09 
 21      44      13       28.00       22.40        83.24 
 22      26      13       12.00        9.60        41.55 
 23      11      28        6.00        4.80         2.83 
 24       7      43       27.00       21.60        43.41 
 25      17      64       14.00       11.20        50.70 
 26      41      46       18.00       21.60         7.31 
 27      55      34       17.00       20.40        21.70 
 28      35      16       29.00       23.20        12.08 
 29      52      26       13.00       10.40        21.47 
 30      43      26       22.00       26.40        19.95 
