 30 
  0      40      40        0.00        0.00         0.00 
  1      22      22       18.00       14.40        42.57 
  2      36      26       26.00       26.00         0.00 
  3      21      45       11.00        8.80        30.55 
  4      45      35       30.00       30.00         0.00 
  5      55      20       21.00       25.20        75.43 
  6      33      34       19.00       19.00         0.00 
  7      50      50       15.00       15.00         0.00 
  8      55      45       16.00       16.00         0.00 
  9      26      59       29.00       34.80        55.57 
 10      40      66       26.00       31.20        79.29 
 11      55      65       37.00       44.40       132.37 
 12      35      51       16.00       16.00         0.00 
 13      62      35       12.00       14.40        36.86 
 14      62      57       31.00       24.80       119.23 
 15      62      24        8.00        6.40        30.60 
 16      21      36       19.00       22.80        18.42 
 17      33      44       20.00       20.00         0.00 
 18       9      56       13.00       10.40        44.82 
 19      62      48       15.00       12.00        18.69 
 20      66      14       22.00       19.00        85.95 
 21      44      13       28.00       33.60        99.94 
 22      26      13       12.00        9.60        41.55 
 23      11      28        6.00        7.20         2.09 
 24       7      43       27.00       21.60        43.41 
 25      17      64       14.00       16.80        61.66 
 26      41      46       18.00       18.00         0.00 
 27      55      34       17.00       17.00         0.00 
 28      35      16       29.00       23.20        20.56 
 29      52      26       13.00       10.40        17.63 
 30      43      26       22.00       22.00         0.00 
