30
  0   40.00   40.00    0.00    0.00    0.00
  1   22.00   22.00   18.00   14.40   19.45
  2   36.00   26.00   26.00   31.20   12.31
  3   21.00   45.00   11.00    8.80   12.98
  4   45.00   35.00   30.00   36.00   10.17
  5   55.00   20.00   21.00   16.80    7.69
  6   33.00   34.00   19.00   22.80   12.39
  7   50.00   50.00   15.00   12.00   13.92
  8   55.00   45.00   16.00   19.20   24.55
  9   26.00   59.00   29.00   23.20   30.59
 10   40.00   66.00   26.00   31.20   38.72
 11   55.00   65.00   37.00   29.60   42.99
 12   35.00   51.00   16.00   19.20    4.93
 13   62.00   35.00   12.00    9.60   11.12
 14   62.00   57.00   31.00   37.20   30.30
 15   62.00   24.00    8.00    6.40    3.96
 16   21.00   36.00   19.00   22.80   11.59
 17   33.00   44.00   20.00   16.00    6.87
 18    9.00   56.00   13.00   15.60   14.86
 19   62.00   48.00   15.00   12.00   12.15
 20   66.00   14.00   22.00   26.40   21.35
 21   44.00   13.00   28.00   22.40   34.21
 22   26.00   13.00   12.00   14.40   13.63
 23   11.00   28.00    6.00    4.80    7.37
 24    7.00   43.00   27.00   32.40   30.73
 25   17.00   64.00   14.00   11.20   15.68
 26   41.00   46.00   18.00   21.60    2.00
 27   55.00   34.00   17.00   13.60   10.15
 28   35.00   16.00   29.00   34.80   40.64
 29   52.00   26.00   13.00   10.40   14.50
 30   43.00   26.00   22.00   26.40   32.23
