 32 
  0     292     495        0.00        0.00         0.00 
  1     298     427      700.00      840.00       308.40 
  2     309     445      400.00      480.00       488.27 
  3     307     464      400.00      480.00       162.36 
  4     336     475     1200.00     1440.00       487.08 
  5     320     439       40.00       48.00        36.26 
  6     321     437       80.00       96.00        85.16 
  7     322     437     2000.00     2400.00      2552.72 
  8     323     433      900.00     1080.00      1256.52 
  9     324     433      600.00      480.00       387.07 
 10     323     429      750.00      900.00       653.31 
 11     314     435     1500.00     1800.00      1973.17 
 12     311     442      150.00      180.00        43.58 
 13     304     427      250.00      200.00       324.13 
 14     293     421     1600.00     1280.00       666.49 
 15     296     418      450.00      540.00       734.66 
 16     261     384      700.00      560.00      1261.75 
 17     297     410      550.00      440.00       616.68 
 18     315     407      650.00      780.00      1054.58 
 19     314     406      200.00      160.00       769.23 
 20     321     391      400.00      320.00      1379.12 
 21     321     398      300.00      240.00       482.29 
 22     314     394     1300.00     1040.00      4707.97 
 23     313     378      700.00      560.00      2389.86 
 24     304     382      750.00      600.00      2832.69 
 25     295     402     1400.00     1120.00      4170.92 
 26     283     406     4000.00     3200.00      6970.34 
 27     279     399      600.00      480.00       282.52 
 28     271     401     1000.00      800.00      3462.80 
 29     264     414      500.00      600.00       693.13 
 30     277     439     2500.00     3000.00       517.48 
 31     290     434     1700.00     2040.00       950.11 
 32     319     433     1100.00      880.00      1816.88 
