32
  0  292.00  495.00    0.00    0.00    0.00
  1  298.00  427.00  700.00  560.00  651.85
  2  309.00  445.00  400.00  480.00  162.36
  3  307.00  464.00  400.00  320.00  405.51
  4  336.00  475.00 1200.00 1440.00  348.61
  5  320.00  439.00   40.00   32.00   13.52
  6  321.00  437.00   80.00   96.00   44.71
  7  322.00  437.00 2000.00 1600.00 1608.83
  8  323.00  433.00  900.00 1080.00 1183.90
  9  324.00  433.00  600.00  480.00  545.78
 10  323.00  429.00  750.00  900.00  957.27
 11  314.00  435.00 1500.00 1200.00 1497.66
 12  311.00  442.00  150.00  180.00   39.65
 13  304.00  427.00  250.00  200.00  200.77
 14  293.00  421.00 1600.00 1920.00 1340.28
 15  296.00  418.00  450.00  360.00  200.17
 16  261.00  384.00  700.00  840.00  365.85
 17  297.00  410.00  550.00  440.00  175.51
 18  315.00  407.00  650.00  780.00  636.71
 19  314.00  406.00  200.00  160.00  141.34
 20  321.00  391.00  400.00  480.00  332.70
 21  321.00  398.00  300.00  240.00  314.53
 22  314.00  394.00 1300.00 1560.00 1265.50
 23  313.00  378.00  700.00  560.00  737.35
 24  304.00  382.00  750.00  900.00  731.76
 25  295.00  402.00 1400.00 1120.00 1349.09
 26  283.00  406.00 4000.00 4800.00  380.37
 27  279.00  399.00  600.00  480.00  317.67
 28  271.00  401.00 1000.00 1200.00 1201.17
 29  264.00  414.00  500.00  400.00  480.06
 30  277.00  439.00 2500.00 3000.00 3139.32
 31  290.00  434.00 1700.00 1360.00  977.59
 32  319.00  433.00 1100.00 1320.00 1241.19
