32
  0  292.00  495.00    0.00    0.00    0.00
  1  298.00  427.00  700.00  560.00  756.55
  2  309.00  445.00  400.00  480.00  189.42
  3  307.00  464.00  400.00  320.00  472.09
  4  336.00  475.00 1200.00 1440.00  406.71
  5  320.00  439.00   40.00   32.00   14.65
  6  321.00  437.00   80.00   96.00   52.16
  7  322.00  437.00 2000.00 1600.00 1856.09
  8  323.00  433.00  900.00 1080.00 1381.22
  9  324.00  433.00  600.00  480.00  632.87
 10  323.00  429.00  750.00  900.00 1116.82
 11  314.00  435.00 1500.00 1200.00 1742.64
 12  311.00  442.00  150.00  180.00   46.26
 13  304.00  427.00  250.00  200.00  231.61
 14  293.00  421.00 1600.00 1920.00 1563.67
 15  296.00  418.00  450.00  360.00  222.70
 16  261.00  384.00  700.00  840.00  426.83
 17  297.00  410.00  550.00  440.00  188.91
 18  315.00  407.00  650.00  780.00  742.83
 19  314.00  406.00  200.00  160.00  162.06
 20  321.00  391.00  400.00  480.00  388.15
 21  321.00  398.00  300.00  240.00  366.59
 22  314.00  394.00 1300.00 1560.00 1476.42
 23  313.00  378.00  700.00  560.00  859.53
 24  304.00  382.00  750.00  900.00  853.73
 25  295.00  402.00 1400.00 1120.00 1567.76
 26  283.00  406.00 4000.00 4800.00  443.76
 27  279.00  399.00  600.00  480.00  358.10
 28  271.00  401.00 1000.00 1200.00 1401.36
 29  264.00  414.00  500.00  400.00  557.80
 30  277.00  439.00 2500.00 3000.00 3662.54
 31  290.00  434.00 1700.00 1360.00 1108.01
 32  319.00  433.00 1100.00 1320.00 1448.05
