32
  0  292.00  495.00    0.00    0.00    0.00
  1  298.00  427.00  700.00  560.00 2327.01
  2  309.00  445.00  400.00  480.00  595.32
  3  307.00  464.00  400.00  320.00 1470.82
  4  336.00  475.00 1200.00 1440.00 1278.24
  5  320.00  439.00   40.00   32.00   31.58
  6  321.00  437.00   80.00   96.00  163.94
  7  322.00  437.00 2000.00 1600.00 5564.99
  8  323.00  433.00  900.00 1080.00 4340.97
  9  324.00  433.00  600.00  480.00 1939.23
 10  323.00  429.00  750.00  900.00 3509.99
 11  314.00  435.00 1500.00 1200.00 5417.29
 12  311.00  442.00  150.00  180.00  145.39
 13  304.00  427.00  250.00  200.00  694.21
 14  293.00  421.00 1600.00 1920.00 4914.38
 15  296.00  418.00  450.00  360.00  560.71
 16  261.00  384.00  700.00  840.00 1341.46
 17  297.00  410.00  550.00  440.00  389.90
 18  315.00  407.00  650.00  780.00 2334.59
 19  314.00  406.00  200.00  160.00  472.98
 20  321.00  391.00  400.00  480.00 1219.91
 21  321.00  398.00  300.00  240.00 1147.52
 22  314.00  394.00 1300.00 1560.00 4640.16
 23  313.00  378.00  700.00  560.00 2692.30
 24  304.00  382.00  750.00  900.00 2683.14
 25  295.00  402.00 1400.00 1120.00 4847.92
 26  283.00  406.00 4000.00 4800.00 1394.69
 27  279.00  399.00  600.00  480.00  964.58
 28  271.00  401.00 1000.00 1200.00 4404.29
 29  264.00  414.00  500.00  400.00 1723.90
 30  277.00  439.00 2500.00 3000.00 11510.83
 31  290.00  434.00 1700.00 1360.00 3064.26
 32  319.00  433.00 1100.00 1320.00 4551.01
