32
  0  292.00  495.00    0.00    0.00    0.00
  1  298.00  427.00  700.00  560.00 1070.64
  2  309.00  445.00  400.00  480.00  270.60
  3  307.00  464.00  400.00  320.00  671.84
  4  336.00  475.00 1200.00 1440.00  581.02
  5  320.00  439.00   40.00   32.00   18.04
  6  321.00  437.00   80.00   96.00   74.52
  7  322.00  437.00 2000.00 1600.00 2597.87
  8  323.00  433.00  900.00 1080.00 1973.17
  9  324.00  433.00  600.00  480.00  894.14
 10  323.00  429.00  750.00  900.00 1595.45
 11  314.00  435.00 1500.00 1200.00 2477.57
 12  311.00  442.00  150.00  180.00   66.08
 13  304.00  427.00  250.00  200.00  324.13
 14  293.00  421.00 1600.00 1920.00 2233.81
 15  296.00  418.00  450.00  360.00  290.30
 16  261.00  384.00  700.00  840.00  609.76
 17  297.00  410.00  550.00  440.00  229.11
 18  315.00  407.00  650.00  780.00 1061.18
 19  314.00  406.00  200.00  160.00  224.25
 20  321.00  391.00  400.00  480.00  554.51
 21  321.00  398.00  300.00  240.00  522.78
 22  314.00  394.00 1300.00 1560.00 2109.16
 23  313.00  378.00  700.00  560.00 1226.08
 24  304.00  382.00  750.00  900.00 1219.61
 25  295.00  402.00 1400.00 1120.00 2223.79
 26  283.00  406.00 4000.00 4800.00  633.95
 27  279.00  399.00  600.00  480.00  479.39
 28  271.00  401.00 1000.00 1200.00 2001.95
 29  264.00  414.00  500.00  400.00  791.02
 30  277.00  439.00 2500.00 3000.00 5232.20
 31  290.00  434.00 1700.00 1360.00 1499.26
 32  319.00  433.00 1100.00 1320.00 2068.64
