 35 
  0      40      40        0.00        0.00         0.00 
  1      22      22       18.00       14.40        31.53 
  2      36      26       26.00       31.20        27.68 
  3      21      45       11.00       13.20         9.58 
  4      45      35       30.00       36.00        12.18 
  5      55      20       21.00       25.20        34.07 
  6      33      34       19.00       22.80         5.52 
  7      50      50       15.00       18.00        13.60 
  8      55      45       16.00       19.20        20.42 
  9      26      59       29.00       34.80        40.20 
 10      40      66       26.00       31.20        42.28 
 11      55      65       37.00       29.60       134.00 
 12      35      51       16.00       19.20         8.94 
 13      62      35       12.00       14.40        19.59 
 14      62      57       31.00       24.80        49.84 
 15      62      24        8.00        6.40        27.70 
 16      21      36       19.00       15.20        12.26 
 17      33      44       20.00       24.00        24.41 
 18       9      56       13.00       10.40        23.85 
 19      62      48       15.00       12.00        16.82 
 20      66      14       22.00       17.60        25.34 
 21      44      13       28.00       22.40        13.18 
 22      26      13       12.00        9.60        41.37 
 23      11      28        6.00        4.80        22.66 
 24       7      43       27.00       21.60        48.67 
 25      17      64       14.00       11.20        47.80 
 26      41      46       18.00       21.60         7.31 
 27      55      34       17.00       20.40        20.36 
 28      35      16       29.00       23.20        50.53 
 29      52      26       13.00       15.60        18.15 
 30      43      26       22.00       26.40        28.94 
 31      31      76       25.00       20.00        18.49 
 32      22      53       28.00       22.40        11.66 
 33      26      29       27.00       32.40        11.90 
 34      50      40       19.00       22.80         3.93 
 35      55      50       10.00        8.00        12.97 
