 35 
  0      40      40        0.00        0.00         0.00 
  1      22      22       18.00       14.40        69.23 
  2      36      26       26.00       26.00         0.00 
  3      21      45       11.00       13.20        21.08 
  4      45      35       30.00       30.00         0.00 
  5      55      20       21.00       25.20        74.96 
  6      33      34       19.00       19.00         0.00 
  7      50      50       15.00       15.00         0.00 
  8      55      45       16.00       16.00         0.00 
  9      26      59       29.00       34.80        88.44 
 10      40      66       26.00       31.20        93.02 
 11      55      65       37.00       44.40       162.96 
 12      35      51       16.00       16.00         0.00 
 13      62      35       12.00       14.40        43.10 
 14      62      57       31.00       24.80        49.84 
 15      62      24        8.00        6.40        27.70 
 16      21      36       19.00       15.20        23.67 
 17      33      44       20.00       20.00         0.00 
 18       9      56       13.00       10.40        23.85 
 19      62      48       15.00       12.00        35.47 
 20      66      14       22.00       26.40        26.95 
 21      44      13       28.00       33.60         9.76 
 22      26      13       12.00        9.60        41.37 
 23      11      28        6.00        7.20        27.63 
 24       7      43       27.00       21.60        48.67 
 25      17      64       14.00       16.80        57.92 
 26      41      46       18.00       18.00         0.00 
 27      55      34       17.00       17.00         0.00 
 28      35      16       29.00       23.20       110.93 
 29      52      26       13.00       15.60        39.93 
 30      43      26       22.00       22.00         0.00 
 31      31      76       25.00       17.80        19.68 
 32      22      53       28.00       22.40        19.85 
 33      26      29       27.00       32.40        40.18 
 34      50      40       19.00       19.00         0.00 
 35      55      50       10.00        8.00        27.77 
