35
  0   40.00   40.00    0.00    0.00    0.00
  1   22.00   22.00   18.00   14.40   16.76
  2   36.00   26.00   26.00   31.20   10.55
  3   21.00   45.00   11.00    8.80   11.15
  4   45.00   35.00   30.00   36.00    8.72
  5   55.00   20.00   21.00   16.80    7.10
  6   33.00   34.00   19.00   22.80   10.62
  7   50.00   50.00   15.00   12.00   12.07
  8   55.00   45.00   16.00   19.20   21.05
  9   26.00   59.00   29.00   23.20   26.38
 10   40.00   66.00   26.00   31.20   33.19
 11   55.00   65.00   37.00   29.60   36.94
 12   35.00   51.00   16.00   19.20    4.23
 13   62.00   35.00   12.00    9.60    9.64
 14   62.00   57.00   31.00   37.20   25.97
 15   62.00   24.00    8.00    6.40    3.56
 16   21.00   36.00   19.00   22.80    9.93
 17   33.00   44.00   20.00   16.00    6.38
 18    9.00   56.00   13.00   15.60   12.73
 19   62.00   48.00   15.00   12.00   10.60
 20   66.00   14.00   22.00   26.40   18.30
 21   44.00   13.00   28.00   22.40   29.36
 22   26.00   13.00   12.00   14.40   11.68
 23   11.00   28.00    6.00    4.80    6.32
 24    7.00   43.00   27.00   32.40   26.34
 25   17.00   64.00   14.00   11.20   13.49
 26   41.00   46.00   18.00   21.60    1.71
 27   55.00   34.00   17.00   13.60    9.00
 28   35.00   16.00   29.00   34.80   34.83
 29   52.00   26.00   13.00   10.40   12.48
 30   43.00   26.00   22.00   26.40   27.63
 31   31.00   76.00   25.00   20.00   14.38
 32   22.00   53.00   28.00   33.60   31.59
 33   26.00   29.00   27.00   21.60   15.73
 34   50.00   40.00   19.00   22.80    6.35
 35   55.00   50.00   10.00    8.00    3.26
