 40 
  0      40      40        0.00        0.00         0.00 
  1      22      22       18.00       14.40        28.59 
  2      36      26       26.00       31.20        33.19 
  3      21      45       11.00        8.80         4.58 
  4      45      35       30.00       36.00        12.18 
  5      55      20       21.00       25.20        34.15 
  6      33      34       19.00       22.80         5.52 
  7      50      50       15.00       18.00        13.60 
  8      55      45       16.00       19.20        19.16 
  9      26      59       29.00       34.80        47.05 
 10      40      66       26.00       31.20         4.12 
 11      55      65       37.00       29.60        66.69 
 12      35      51       16.00       19.20         8.94 
 13      62      35       12.00       14.40        16.64 
 14      62      57       31.00       24.80       117.08 
 15      62      24        8.00        6.40        28.97 
 16      21      36       19.00       22.80        16.55 
 17      33      44       20.00       24.00        24.41 
 18       9      56       13.00       10.40        25.35 
 19      62      48       15.00       12.00        26.14 
 20      66      14       22.00       17.60        43.83 
 21      44      13       28.00       22.40        96.54 
 22      26      13       12.00        9.60        40.97 
 23      11      28        6.00        4.80        11.01 
 24       7      43       27.00       21.60        79.31 
 25      17      64       14.00       11.20        35.22 
 26      41      46       18.00       21.60         7.31 
 27      55      34       17.00       20.40         4.49 
 28      35      16       29.00       23.20        50.79 
 29      52      26       13.00       10.40         8.39 
 30      43      26       22.00       26.40        23.42 
 31      31      76       25.00       20.00        21.48 
 32      22      53       28.00       33.60        45.71 
 33      26      29       27.00       32.40        24.42 
 34      50      40       19.00       22.80         3.93 
 35      55      50       10.00       12.00        13.96 
 36      54      10       12.00        9.60         8.88 
 37      60      15       14.00       11.20        16.13 
 38      47      66       24.00       19.20        19.18 
 39      30      60       16.00       12.80        17.94 
 40      30      50       33.00       39.60        43.41 
