 40 
  0      40      40        0.00        0.00         0.00 
  1      22      22       18.00       14.40        62.33 
  2      36      26       26.00       26.00         0.00 
  3      21      45       11.00        8.80         7.80 
  4      45      35       30.00       30.00         0.00 
  5      55      20       21.00       25.20        75.13 
  6      33      34       19.00       19.00         0.00 
  7      50      50       15.00       15.00         0.00 
  8      55      45       16.00       16.00         0.00 
  9      26      59       29.00       34.80       103.51 
 10      40      66       26.00       31.20         9.07 
 11      55      65       37.00       29.60        66.69 
 12      35      51       16.00       16.00         0.00 
 13      62      35       12.00       14.40        36.60 
 14      62      57       31.00       37.20       142.73 
 15      62      24        8.00        9.60        35.23 
 16      21      36       19.00       22.80        36.41 
 17      33      44       20.00       20.00         0.00 
 18       9      56       13.00       15.60        29.29 
 19      62      48       15.00       12.00        57.38 
 20      66      14       22.00       17.60        43.83 
 21      44      13       28.00       22.40        96.54 
 22      26      13       12.00       14.40        49.65 
 23      11      28        6.00        4.80        11.01 
 24       7      43       27.00       32.40        95.14 
 25      17      64       14.00       11.20        35.22 
 26      41      46       18.00       18.00         0.00 
 27      55      34       17.00       17.00         0.00 
 28      35      16       29.00       23.20       111.54 
 29      52      26       13.00       10.40        16.20 
 30      43      26       22.00       22.00         0.00 
 31      31      76       25.00       24.00        19.73 
 32      22      53       28.00       33.60       100.57 
 33      26      29       27.00       27.00         0.00 
 34      50      40       19.00       19.00         0.00 
 35      55      50       10.00       12.00        14.88 
 36      54      10       12.00        9.60         8.88 
 37      60      15       14.00       16.80        17.15 
 38      47      66       24.00       19.20        38.58 
 39      30      60       16.00       12.80        37.84 
 40      30      50       33.00       33.00         0.00 
