40
  0   40.00   40.00    0.00    0.00    0.00
  1   22.00   22.00   18.00   14.40   59.84
  2   36.00   26.00   26.00   31.20   38.70
  3   21.00   45.00   11.00    8.80   40.45
  4   45.00   35.00   30.00   36.00   31.96
  5   55.00   20.00   21.00   16.80   16.58
  6   33.00   34.00   19.00   22.80   38.94
  7   50.00   50.00   15.00   12.00   41.74
  8   55.00   45.00   16.00   19.20   77.17
  9   26.00   59.00   29.00   23.20   93.73
 10   40.00   66.00   26.00   31.20  121.68
 11   55.00   65.00   37.00   29.60  133.63
 12   35.00   51.00   16.00   19.20   15.51
 13   62.00   35.00   12.00    9.60   33.32
 14   62.00   57.00   31.00   37.20   95.22
 15   62.00   24.00    8.00    6.40    9.97
 16   21.00   36.00   19.00   22.80   36.41
 17   33.00   44.00   20.00   16.00   14.18
 18    9.00   56.00   13.00   15.60   46.69
 19   62.00   48.00   15.00   12.00   35.47
 20   66.00   14.00   22.00   26.40   67.10
 21   44.00   13.00   28.00   22.40  107.10
 22   26.00   13.00   12.00   14.40   42.83
 23   11.00   28.00    6.00    4.80   23.08
 24    7.00   43.00   27.00   32.40   96.59
 25   17.00   64.00   14.00   11.20   48.48
 26   41.00   46.00   18.00   21.60    6.28
 27   55.00   34.00   17.00   13.60   27.33
 28   35.00   16.00   29.00   34.80  127.72
 29   52.00   26.00   13.00   10.40   44.82
 30   43.00   26.00   22.00   26.40  101.30
 31   31.00   76.00   25.00   20.00   45.06
 32   22.00   53.00   28.00   33.60  115.84
 33   26.00   29.00   27.00   21.60   49.53
 34   50.00   40.00   19.00   22.80   23.28
 35   55.00   50.00   10.00    8.00    7.40
 36   54.00   10.00   12.00   14.40   42.28
 37   60.00   15.00   14.00   11.20   35.22
 38   47.00   66.00   24.00   28.80   54.07
 39   30.00   60.00   16.00   12.80   31.87
 40   30.00   50.00   33.00   39.60   28.01
