44
  0    0.00    0.00    0.00    0.00    0.00
  1    3.00    5.00   33.00   39.60  132.72
  2    3.00    9.00   15.00   18.00   22.32
  3   48.00   16.00   10.00   12.00   44.76
  4   48.00   17.00   40.00   32.00   41.10
  5   69.00   16.00   15.00   12.00   11.84
  6   70.00   16.00    5.00    4.00    8.96
  7   64.00   13.00   77.00   61.60  214.25
  8    3.00  -22.00  435.00  522.00 2098.13
  9    3.00    1.00  165.00  198.00  643.99
 10  -13.00   12.00  120.00  144.00  561.60
 11  -20.00   45.00   65.00   78.00  285.44
 12   -9.00   52.00   23.00   18.40   21.92
 13   -9.00   53.00   18.00   14.40   49.98
 14   -8.00   52.00  550.00  440.00 1422.36
 15    2.00    2.00   78.00   93.60  105.03
 16   -2.00    9.00  627.00  752.40 1201.57
 17  -10.00   20.00    9.00   10.80    5.90
 18  -20.00   19.00   96.00   76.80  287.06
 19  -15.00  -21.00  116.00  139.20  323.26
 20   -5.00   -9.00  116.00  139.20  353.77
 21   -5.00   -9.00   83.00   99.60  387.30
 22  -52.00  -36.00   41.00   32.80  121.89
 23  -53.00  -36.00  645.00  516.00 2480.76
 24    0.00    0.00  694.00  832.80 2482.80
 25  -30.00  -18.00  573.00  687.60 2406.59
 26  -51.00  -35.00    1.00    0.80    0.47
 27   81.00    9.00  181.00  144.80  290.98
 28   84.00  -99.00  106.00   84.80  383.88
 29   82.00   -6.00   52.00   41.60  179.29
 30   40.00  -12.00  117.00  140.40  538.71
 31   50.00   -7.00   52.00   41.60   93.73
 32   51.00   -8.00 1300.00 1560.00 5378.47
 33   63.00  -17.00   57.00   45.60  104.56
 34   45.00   -1.00   28.00   22.40   32.25
 35   54.00    9.00   84.00   67.20   62.13
 36   29.00    4.00    1.00    0.80    2.94
 37   21.00    3.00   54.00   64.80  160.98
 38   22.00    2.00   19.00   22.80   42.81
 39   39.00   -3.00   88.00   70.40  175.30
 40   40.00   -3.00   41.00   49.20   34.80
 41   40.00  -11.00  238.00  190.40  793.31
 42   28.00   -2.00   66.00   79.20  165.71
 43   24.00  -18.00   44.00   52.80  132.29
 44   24.00  -19.00   42.00   33.60   69.34
