 44 
  0       0       0        0.00        0.00         0.00 
  1       3       5       33.00       33.00         0.00 
  2       3       9       15.00       15.00         0.00 
  3      48      16       10.00       12.00        44.04 
  4      48      17       40.00       32.00       137.91 
  5      69      16       15.00       18.00        12.73 
  6      70      16        5.00        4.00        16.67 
  7      64      13       77.00       61.60       153.39 
  8       3     -22      435.00      435.00         0.00 
  9       3       1      165.00      165.00         0.00 
 10     -13      12      120.00      120.00         0.00 
 11     -20      45       65.00       78.00        22.66 
 12      -9      52       23.00       27.60        95.16 
 13      -9      53       18.00       14.40        33.02 
 14      -8      52      550.00      440.00       991.38 
 15       2       2       78.00       78.00         0.00 
 16      -2       9      627.00      627.00         0.00 
 17     -10      20        9.00        9.00         0.00 
 18     -20      19       96.00       76.80       130.20 
 19     -15     -21      116.00      116.00         0.00 
 20      -5      -9      116.00      116.00         0.00 
 21      -5      -9       83.00       83.00         0.00 
 22     -52     -36       41.00       49.20       144.47 
 23     -53     -36      645.00      516.00      1622.79 
 24       0       0      694.00      694.00         0.00 
 25     -30     -18      573.00      687.60      1747.52 
 26     -51     -35        1.00        0.80         0.74 
 27      81       9      181.00      217.20       454.45 
 28      84     -99      136.80        0.00       200.15 
 29      82      -6       52.00       41.60       131.85 
 30      40     -12      117.00      140.40       418.57 
 31      50      -7       52.00       41.60        83.60 
 32      51      -8     1300.00     1560.00      5985.63 
 33      63     -17       57.00       68.40       128.42 
 34      45      -1       28.00       22.40        96.96 
 35      54       9       84.00      100.80       102.92 
 36      29       4        1.00        0.80         0.71 
 37      21       3       54.00       54.00         0.00 
 38      22       2       19.00       19.00         0.00 
 39      39      -3       88.00       70.40       336.61 
 40      40      -3       41.00       49.20       146.34 
 41      40     -11      238.00      190.40       915.38 
 42      28      -2       66.00       79.20       126.48 
 43      24     -18       44.00       52.80       158.03 
 44      24     -19       42.00       33.60        99.33 
