 44 
  0       0       0        0.00        0.00         0.00 
  1       3       5       33.00       39.60         9.59 
  2       3       9       15.00       18.00         8.38 
  3      48      16       10.00       12.00        20.02 
  4      48      17       40.00       32.00        63.28 
  5      69      16       15.00       12.00        12.89 
  6      70      16        5.00        4.00        16.67 
  7      64      13       77.00       61.60       153.39 
  8       3     -22      435.00      522.00       114.99 
  9       3       1      165.00      198.00       201.41 
 10     -13      12      120.00      144.00       127.73 
 11     -20      45       65.00       78.00        10.30 
 12      -9      52       23.00       18.40        78.52 
 13      -9      53       18.00       14.40        33.02 
 14      -8      52      550.00      440.00       991.38 
 15       2       2       78.00       93.60        31.66 
 16      -2       9      627.00      752.40       129.78 
 17     -10      20        9.00       10.80         8.14 
 18     -20      19       96.00       76.80        61.93 
 19     -15     -21      116.00      139.20        97.17 
 20      -5      -9      116.00      139.20       105.17 
 21      -5      -9       83.00       99.60       109.18 
 22     -52     -36       41.00       32.80       120.43 
 23     -53     -36      645.00      516.00      1622.79 
 24       0       0      694.00      832.80       281.70 
 25     -30     -18      573.00      687.60       794.33 
 26     -51     -35        1.00        0.80         0.74 
 27      81       9      181.00      144.80       389.25 
 28      84     -99      106.00       84.80       175.00 
 29      82      -6       52.00       41.60       131.85 
 30      40     -12      117.00      140.40       190.26 
 31      50      -7       52.00       41.60        41.55 
 32      51      -8     1300.00     1560.00      2720.74 
 33      63     -17       57.00       45.60       111.16 
 34      45      -1       28.00       22.40        44.48 
 35      54       9       84.00       67.20        96.75 
 36      29       4        1.00        0.80         0.42 
 37      21       3       54.00       64.80        68.92 
 38      22       2       19.00       22.80        22.76 
 39      39      -3       88.00       70.40       153.35 
 40      40      -3       41.00       49.20        66.52 
 41      40     -11      238.00      190.40       416.87 
 42      28      -2       66.00       79.20        57.49 
 43      24     -18       44.00       52.80        71.83 
 44      24     -19       42.00       33.60        47.09 
