44
  0    0.00    0.00    0.00    0.00    0.00
  1    3.00    5.00   33.00   26.40   50.47
  2    3.00    9.00   15.00   18.00   10.15
  3   48.00   16.00   10.00    8.00   16.80
  4   48.00   17.00   40.00   48.00   19.37
  5   69.00   16.00   15.00   12.00    6.76
  6   70.00   16.00    5.00    6.00    4.66
  7   64.00   13.00   77.00   61.60  100.02
  8    3.00  -22.00  435.00  522.00  953.70
  9    3.00    1.00  165.00  132.00  245.89
 10  -13.00   12.00  120.00  144.00  255.27
 11  -20.00   45.00   65.00   52.00  107.36
 12   -9.00   52.00   23.00   27.60   10.13
 13   -9.00   53.00   18.00   14.40   23.34
 14   -8.00   52.00  550.00  660.00  767.87
 15    2.00    2.00   78.00   62.40   50.32
 16   -2.00    9.00  627.00  752.40  546.17
 17  -10.00   20.00    9.00    7.20    3.75
 18  -20.00   19.00   96.00  115.20  156.73
 19  -15.00  -21.00  116.00   92.80  130.06
 20   -5.00   -9.00  116.00  139.20  160.81
 21   -5.00   -9.00   83.00   66.40  144.63
 22  -52.00  -36.00   41.00   49.20   66.52
 23  -53.00  -36.00  645.00  516.00 1129.75
 24    0.00    0.00  694.00  832.80 1128.54
 25  -30.00  -18.00  573.00  458.40  910.17
 26  -51.00  -35.00    1.00    1.20    0.16
 27   81.00    9.00  181.00  144.80  144.62
 28   84.00  -99.00  106.00  127.20  212.21
 29   82.00   -6.00   52.00   41.60   82.27
 30   40.00  -12.00  117.00  140.40  244.87
 31   50.00   -7.00   52.00   41.60   45.86
 32   51.00   -8.00 1300.00 1560.00 2444.76
 33   63.00  -17.00   57.00   45.60   51.04
 34   45.00   -1.00   28.00   33.60   15.59
 35   54.00    9.00   84.00   67.20   36.09
 36   29.00    4.00    1.00    1.20    1.60
 37   21.00    3.00   54.00   43.20   64.02
 38   22.00    2.00   19.00   22.80   19.46
 39   39.00   -3.00   88.00   70.40   84.71
 40   40.00   -3.00   41.00   49.20   15.82
 41   40.00  -11.00  238.00  190.40  364.92
 42   28.00   -2.00   66.00   79.20   75.32
 43   24.00  -18.00   44.00   35.20   52.53
 44   24.00  -19.00   42.00   50.40   35.66
