44
  0    0.00    0.00    0.00    0.00    0.00
  1    3.00    5.00   33.00   26.40   30.73
  2    3.00    9.00   15.00   18.00    6.09
  3   48.00   16.00   10.00    8.00   10.14
  4   48.00   17.00   40.00   48.00   11.62
  5   69.00   16.00   15.00   12.00    5.07
  6   70.00   16.00    5.00    6.00    2.79
  7   64.00   13.00   77.00   61.60   61.94
  8    3.00  -22.00  435.00  522.00  572.22
  9    3.00    1.00  165.00  132.00  150.09
 10  -13.00   12.00  120.00  144.00  153.16
 11  -20.00   45.00   65.00   52.00   64.90
 12   -9.00   52.00   23.00   27.60    6.08
 13   -9.00   53.00   18.00   14.40   14.46
 14   -8.00   52.00  550.00  660.00  460.72
 15    2.00    2.00   78.00   62.40   34.70
 16   -2.00    9.00  627.00  752.40  327.70
 17  -10.00   20.00    9.00    7.20    2.87
 18  -20.00   19.00   96.00  115.20   94.04
 19  -15.00  -21.00  116.00   92.80   81.97
 20   -5.00   -9.00  116.00  139.20   96.48
 21   -5.00   -9.00   83.00   66.40   87.02
 22  -52.00  -36.00   41.00   49.20   39.91
 23  -53.00  -36.00  645.00  516.00  679.41
 24    0.00    0.00  694.00  832.80  677.13
 25  -30.00  -18.00  573.00  458.40  552.16
 26  -51.00  -35.00    1.00    1.20    0.10
 27   81.00    9.00  181.00  144.80   95.83
 28   84.00  -99.00  106.00  127.20  127.32
 29   82.00   -6.00   52.00   41.60   49.93
 30   40.00  -12.00  117.00  140.40  146.92
 31   50.00   -7.00   52.00   41.60   29.90
 32   51.00   -8.00 1300.00 1560.00 1466.86
 33   63.00  -17.00   57.00   45.60   33.20
 34   45.00   -1.00   28.00   33.60    9.36
 35   54.00    9.00   84.00   67.20   27.41
 36   29.00    4.00    1.00    1.20    0.96
 37   21.00    3.00   54.00   43.20   40.07
 38   22.00    2.00   19.00   22.80   11.67
 39   39.00   -3.00   88.00   70.40   54.51
 40   40.00   -3.00   41.00   49.20    9.49
 41   40.00  -11.00  238.00  190.40  222.13
 42   28.00   -2.00   66.00   79.20   45.19
 43   24.00  -18.00   44.00   35.20   32.85
 44   24.00  -19.00   42.00   50.40   21.39
