44
  0    0.00    0.00    0.00    0.00    0.00
  1    3.00    5.00   33.00   26.40   35.67
  2    3.00    9.00   15.00   18.00    7.10
  3   48.00   16.00   10.00    8.00   11.80
  4   48.00   17.00   40.00   48.00   13.56
  5   69.00   16.00   15.00   12.00    5.49
  6   70.00   16.00    5.00    6.00    3.26
  7   64.00   13.00   77.00   61.60   71.46
  8    3.00  -22.00  435.00  522.00  667.59
  9    3.00    1.00  165.00  132.00  174.04
 10  -13.00   12.00  120.00  144.00  178.69
 11  -20.00   45.00   65.00   52.00   75.51
 12   -9.00   52.00   23.00   27.60    7.09
 13   -9.00   53.00   18.00   14.40   16.68
 14   -8.00   52.00  550.00  660.00  537.51
 15    2.00    2.00   78.00   62.40   38.60
 16   -2.00    9.00  627.00  752.40  382.32
 17  -10.00   20.00    9.00    7.20    3.09
 18  -20.00   19.00   96.00  115.20  109.71
 19  -15.00  -21.00  116.00   92.80   94.00
 20   -5.00   -9.00  116.00  139.20  112.56
 21   -5.00   -9.00   83.00   66.40  101.42
 22  -52.00  -36.00   41.00   49.20   46.56
 23  -53.00  -36.00  645.00  516.00  792.00
 24    0.00    0.00  694.00  832.80  789.98
 25  -30.00  -18.00  573.00  458.40  641.66
 26  -51.00  -35.00    1.00    1.20    0.11
 27   81.00    9.00  181.00  144.80  108.03
 28   84.00  -99.00  106.00  127.20  148.54
 29   82.00   -6.00   52.00   41.60   58.01
 30   40.00  -12.00  117.00  140.40  171.41
 31   50.00   -7.00   52.00   41.60   33.89
 32   51.00   -8.00 1300.00 1560.00 1711.33
 33   63.00  -17.00   57.00   45.60   37.66
 34   45.00   -1.00   28.00   33.60   10.92
 35   54.00    9.00   84.00   67.20   29.58
 36   29.00    4.00    1.00    1.20    1.12
 37   21.00    3.00   54.00   43.20   46.06
 38   22.00    2.00   19.00   22.80   13.62
 39   39.00   -3.00   88.00   70.40   62.06
 40   40.00   -3.00   41.00   49.20   11.07
 41   40.00  -11.00  238.00  190.40  257.83
 42   28.00   -2.00   66.00   79.20   52.73
 43   24.00  -18.00   44.00   35.20   37.77
 44   24.00  -19.00   42.00   50.40   24.96
