 47 
  0    6823    4674        0.00        0.00         0.00 
  1    7692    2247        1.00        0.80         1.75 
  2    9135    6748        1.00        1.20         2.00 
  3    7721    3451        1.00        1.20         0.26 
  4    8304    8580        1.00        0.80         2.54 
  5    7501    5899        1.00        1.20         1.28 
  6    4687    1373        1.00        0.80         1.99 
  7    5429    1408        1.00        0.80         0.74 
  8    7877    1716        1.00        0.80         1.58 
  9    7260    2083        1.00        0.80         1.59 
 10    7096    7869        1.00        1.20         2.09 
 11    6539    3513        1.00        1.20         0.91 
 12    6272    2992        1.00        1.20         0.90 
 13    6471    4275        1.00        1.20         0.41 
 14    7110    4369        1.00        1.20         0.41 
 15    6462    2634        1.00        0.80         0.42 
 16    8476    2874        1.00        0.80         1.74 
 17    3961    1370        1.00        0.80         2.05 
 18    5555    1519        1.00        0.80         1.15 
 19    4422    1249        1.00        0.80         1.65 
 20    5584    3081        1.00        1.20         0.87 
 21    5776    4498        1.00        1.20         0.21 
 22    8035    2880        1.00        1.20         1.63 
 23    6963    3782        1.00        1.20         1.22 
 24    6336    7348        1.00        1.20         0.16 
 25    8139    8306        1.00        0.80         1.95 
 26    4326    1426        1.00        0.80         3.33 
 27    5164    1440        1.00        0.80         2.94 
 28    8389    5804        1.00        1.20         0.84 
 29    4639    1629        1.00        0.80         2.52 
 30    6344    1436        1.00        0.80         0.88 
 31    5840    5736        1.00        1.20         1.20 
 32    5972    2555        1.00        0.80         1.12 
 33    7947    4373        1.00        1.20         0.56 
 34    6929    8958        1.00        0.80         1.50 
 35    5366    1733        1.00        1.20         1.88 
 36    4550    1219        1.00        0.80         2.15 
 37    6901    1589        1.00        0.80         0.80 
 38    6316    5497        1.00        1.20         0.29 
 39    7010    2710        1.00        1.20         0.37 
 40    9005    3996        1.00        1.20         1.39 
 41    7576    7065        1.00        1.20         1.62 
 42    4246    1701        1.00        0.80         0.86 
 43    5906    1472        1.00        0.80         1.83 
 44    6469    8971        1.00        0.80         2.65 
 45    6152    2174        1.00        1.20         1.63 
 46    5887    3796        1.00        1.20         1.32 
 47    7203    5958        1.00        1.20         1.06 
