47
  0 6823.00 4674.00    0.00    0.00    0.00
  1 7692.00 2247.00    1.00    0.80    3.32
  2 9135.00 6748.00    1.00    1.20    1.49
  3 7721.00 3451.00    1.00    1.20    4.48
  4 8304.00 8580.00    1.00    0.80    1.03
  5 7501.00 5899.00    1.00    1.20    0.76
  6 4687.00 1373.00    1.00    0.80    1.79
  7 5429.00 1408.00    1.00    0.80    2.78
  8 7877.00 1716.00    1.00    0.80    3.95
  9 7260.00 2083.00    1.00    0.80    3.23
 10 7096.00 7869.00    1.00    1.20    4.68
 11 6539.00 3513.00    1.00    1.20    4.39
 12 6272.00 2992.00    1.00    1.20    0.97
 13 6471.00 4275.00    1.00    1.20    3.32
 14 7110.00 4369.00    1.00    1.20    3.07
 15 6462.00 2634.00    1.00    0.80    1.25
 16 8476.00 2874.00    1.00    0.80    1.69
 17 3961.00 1370.00    1.00    0.80    0.71
 18 5555.00 1519.00    1.00    0.80    2.99
 19 4422.00 1249.00    1.00    0.80    2.36
 20 5584.00 3081.00    1.00    1.20    3.05
 21 5776.00 4498.00    1.00    1.20    4.67
 22 8035.00 2880.00    1.00    1.20    3.57
 23 6963.00 3782.00    1.00    1.20    4.69
 24 6336.00 7348.00    1.00    1.20    3.58
 25 8139.00 8306.00    1.00    0.80    3.46
 26 4326.00 1426.00    1.00    0.80    0.47
 27 5164.00 1440.00    1.00    0.80    1.61
 28 8389.00 5804.00    1.00    1.20    4.40
 29 4639.00 1629.00    1.00    0.80    3.45
 30 6344.00 1436.00    1.00    0.80    3.78
 31 5840.00 5736.00    1.00    1.20    2.06
 32 5972.00 2555.00    1.00    0.80    3.41
 33 7947.00 4373.00    1.00    1.20    2.10
 34 6929.00 8958.00    1.00    0.80    1.15
 35 5366.00 1733.00    1.00    1.20    0.69
 36 4550.00 1219.00    1.00    0.80    2.94
 37 6901.00 1589.00    1.00    0.80    2.52
 38 6316.00 5497.00    1.00    1.20    2.25
 39 7010.00 2710.00    1.00    1.20    2.31
 40 9005.00 3996.00    1.00    1.20    0.85
 41 7576.00 7065.00    1.00    1.20    4.03
 42 4246.00 1701.00    1.00    0.80    2.15
 43 5906.00 1472.00    1.00    0.80    2.54
 44 6469.00 8971.00    1.00    0.80    1.65
 45 6152.00 2174.00    1.00    1.20    1.68
 46 5887.00 3796.00    1.00    1.20    3.15
 47 7203.00 5958.00    1.00    1.20    2.38
