47
  0 6823.00 4674.00    0.00    0.00    0.00
  1 7692.00 2247.00    1.00    0.80    0.93
  2 9135.00 6748.00    1.00    1.20    0.41
  3 7721.00 3451.00    1.00    0.80    1.01
  4 8304.00 8580.00    1.00    1.20    0.29
  5 7501.00 5899.00    1.00    0.80    0.34
  6 4687.00 1373.00    1.00    1.20    0.56
  7 5429.00 1408.00    1.00    0.80    0.80
  8 7877.00 1716.00    1.00    1.20    1.32
  9 7260.00 2083.00    1.00    0.80    0.91
 10 7096.00 7869.00    1.00    1.20    1.28
 11 6539.00 3513.00    1.00    0.80    1.00
 12 6272.00 2992.00    1.00    1.20    0.26
 13 6471.00 4275.00    1.00    0.80    0.80
 14 7110.00 4369.00    1.00    1.20    0.84
 15 6462.00 2634.00    1.00    0.80    0.44
 16 8476.00 2874.00    1.00    1.20    0.52
 17 3961.00 1370.00    1.00    0.80    0.32
 18 5555.00 1519.00    1.00    1.20    0.98
 19 4422.00 1249.00    1.00    0.80    0.71
 20 5584.00 3081.00    1.00    1.20    0.83
 21 5776.00 4498.00    1.00    0.80    1.05
 22 8035.00 2880.00    1.00    1.20    0.97
 23 6963.00 3782.00    1.00    0.80    1.05
 24 6336.00 7348.00    1.00    1.20    0.98
 25 8139.00 8306.00    1.00    0.80    0.96
 26 4326.00 1426.00    1.00    1.20    0.10
 27 5164.00 1440.00    1.00    0.80    0.53
 28 8389.00 5804.00    1.00    1.20    1.20
 29 4639.00 1629.00    1.00    0.80    0.96
 30 6344.00 1436.00    1.00    1.20    1.26
 31 5840.00 5736.00    1.00    0.80    0.58
 32 5972.00 2555.00    1.00    1.20    1.13
 33 7947.00 4373.00    1.00    0.80    0.58
 34 6929.00 8958.00    1.00    1.20    0.33
 35 5366.00 1733.00    1.00    0.80    0.33
 36 4550.00 1219.00    1.00    1.20    0.96
 37 6901.00 1589.00    1.00    0.80    0.74
 38 6316.00 5497.00    1.00    1.20    0.61
 39 7010.00 2710.00    1.00    0.80    0.62
 40 9005.00 3996.00    1.00    1.20    0.23
 41 7576.00 7065.00    1.00    0.80    0.93
 42 4246.00 1701.00    1.00    1.20    0.68
 43 5906.00 1472.00    1.00    0.80    0.75
 44 6469.00 8971.00    1.00    1.20    0.51
 45 6152.00 2174.00    1.00    0.80    0.50
 46 5887.00 3796.00    1.00    1.20    0.86
 47 7203.00 5958.00    1.00    0.80    0.63
