 50 
  0      30      40        0.00        0.00         0.00 
  1      37      52        7.00        8.40         9.21 
  2      49      49       30.00       36.00        48.98 
  3      52      64       16.00       12.80        26.41 
  4      20      26        9.00       10.80         8.14 
  5      40      30       21.00       25.20        22.35 
  6      21      47       15.00       18.00         8.38 
  7      17      63       19.00       15.20        30.06 
  8      31      62       23.00       27.60        31.88 
  9      52      33       11.00        8.80        19.27 
 10      51      21        5.00        4.00         4.41 
 11      42      41       19.00       22.80        17.23 
 12      31      32       29.00       34.80        35.40 
 13       5      25       23.00       18.40        20.60 
 14      12      42       21.00       25.20         7.71 
 15      36      16       10.00        8.00        15.88 
 16      52      41       15.00       12.00        26.14 
 17      27      23        3.00        3.60         2.51 
 18      17      33       41.00       49.20        52.33 
 19      13      13        9.00        7.20        30.00 
 20      57      58       28.00       22.40        71.00 
 21      62      42        8.00        6.40        17.20 
 22      42      57        8.00        6.40         3.33 
 23      16      57       16.00       19.20        25.96 
 24       8      52       10.00        8.00         7.99 
 25       7      38       28.00       33.60        45.53 
 26      27      68        7.00        8.40        14.65 
 27      30      48       15.00       18.00         6.09 
 28      43      67       14.00       11.20        10.36 
 29      58      48        6.00        7.20        11.28 
 30      58      27       19.00       15.20        47.80 
 31      37      69       11.00       13.20         6.13 
 32      38      46       12.00       14.40         2.48 
 33      46      10       23.00       18.40        34.57 
 34      61      33       26.00       20.80        22.34 
 35      62      63       17.00       13.60        19.48 
 36      63      69        6.00        4.80         9.33 
 37      32      22        9.00       10.80         4.70 
 38      45      35       15.00       18.00        17.96 
 39      59      15       14.00       11.20        28.67 
 40       5       6        7.00        5.60        12.96 
 41      10      17       27.00       21.60        79.31 
 42      21      10       13.00       10.40        25.35 
 43       5      64       11.00        8.80        29.11 
 44      30      15       16.00       19.20         2.54 
 45      39      10       10.00        8.00        19.92 
 46      32      39        5.00        6.00         2.03 
 47      25      32       25.00       30.00         7.26 
 48      25      55       17.00       20.40         4.49 
 49      48      28       18.00       14.40        20.18 
 50      56      37       10.00       12.00        20.02 
