 50 
  0      30      40        0.00        0.00         0.00 
  1      37      52        7.00        7.00         0.00 
  2      49      49       30.00       36.00       107.75 
  3      52      64       16.00       19.20        29.88 
  4      20      26        9.00        9.00         0.00 
  5      40      30       21.00       21.00         0.00 
  6      21      47       15.00       15.00         0.00 
  7      17      63       19.00       15.20        65.51 
  8      31      62       23.00       27.60        70.14 
  9      52      33       11.00        8.80        42.31 
 10      51      21        5.00        4.00         9.01 
 11      42      41       19.00       19.00         0.00 
 12      31      32       29.00       29.00         0.00 
 13       5      25       23.00       18.40        42.19 
 14      12      42       21.00       21.00         0.00 
 15      36      16       10.00        8.00        34.63 
 16      52      41       15.00       12.00        57.38 
 17      27      23        3.00        3.00         0.00 
 18      17      33       41.00       41.00         0.00 
 19      13      13        9.00        7.20        30.00 
 20      57      58       28.00       22.40        71.00 
 21      62      42        8.00        9.60        20.09 
 22      42      57        8.00        6.40        10.85 
 23      16      57       16.00       19.20        57.11 
 24       8      52       10.00        8.00        16.08 
 25       7      38       28.00       33.60       100.17 
 26      27      68        7.00        8.40        32.23 
 27      30      48       15.00       15.00         0.00 
 28      43      67       14.00       11.20        10.36 
 29      58      48        6.00        7.20        24.82 
 30      58      27       19.00       15.20        47.80 
 31      37      69       11.00       13.20        13.48 
 32      38      46       12.00       12.00         0.00 
 33      46      10       23.00       18.40        34.57 
 34      61      33       26.00       31.20        22.07 
 35      62      63       17.00       20.40        20.70 
 36      63      69        6.00        1.60         8.84 
 37      32      22        9.00        9.00         0.00 
 38      45      35       15.00       15.00         0.00 
 39      59      15       14.00       11.20        28.67 
 40       5       6        7.00        5.60        12.96 
 41      10      17       27.00       32.40        95.14 
 42      21      10       13.00       15.60        29.29 
 43       5      64       11.00       13.20        34.64 
 44      30      15       16.00       19.20         5.58 
 45      39      10       10.00        8.00        19.92 
 46      32      39        5.00        5.00         0.00 
 47      25      32       25.00       25.00         0.00 
 48      25      55       17.00       17.00         0.00 
 49      48      28       18.00       14.40        42.57 
 50      56      37       10.00       12.00        44.04 
