50
  0   30.00   40.00    0.00    0.00    0.00
  1   37.00   52.00    7.00    8.40   28.15
  2   49.00   49.00   30.00   36.00   44.65
  3   52.00   64.00   16.00   12.80   58.83
  4   20.00   26.00    9.00   10.80    9.59
  5   40.00   30.00   21.00   25.20   15.94
  6   21.00   47.00   15.00   18.00   30.74
  7   17.00   63.00   19.00   15.20   52.87
  8   31.00   62.00   23.00   27.60  110.94
  9   52.00   33.00   11.00    8.80   35.55
 10   51.00   21.00    5.00    4.00   19.18
 11   42.00   41.00   19.00   22.80   83.44
 12   31.00   32.00   29.00   34.80   28.11
 13    5.00   25.00   23.00   18.40   63.87
 14   12.00   42.00   21.00   25.20   64.50
 15   36.00   16.00   10.00    8.00   12.46
 16   52.00   41.00   15.00   12.00   25.33
 17   27.00   23.00    3.00    3.60    1.97
 18   17.00   33.00   41.00   49.20  147.26
 19   13.00   13.00    9.00    7.20   21.28
 20   57.00   58.00   28.00   22.40   71.94
 21   62.00   42.00    8.00    6.40   30.60
 22   42.00   57.00    8.00    6.40   23.78
 23   16.00   57.00   16.00   19.20   75.09
 24    8.00   52.00   10.00    8.00   29.79
 25    7.00   38.00   28.00   33.60  117.60
 26   27.00   68.00    7.00    8.40    2.44
 27   30.00   48.00   15.00   18.00   27.18
 28   43.00   67.00   14.00   11.20   50.70
 29   58.00   48.00    6.00    7.20   25.08
 30   58.00   27.00   19.00   15.20   71.76
 31   37.00   69.00   11.00   13.20   22.69
 32   38.00   46.00   12.00   14.40   49.65
 33   46.00   10.00   23.00   18.40   42.19
 34   61.00   33.00   26.00   20.80   29.95
 35   62.00   63.00   17.00   13.60   12.57
 36   63.00   69.00    6.00    4.80   17.62
 37   32.00   22.00    9.00   10.80   26.83
 38   45.00   35.00   15.00   18.00   33.79
 39   59.00   15.00   14.00   11.20   27.89
 40    5.00    6.00    7.00    5.60    6.02
 41   10.00   17.00   27.00   21.60   90.00
 42   21.00   10.00   13.00   10.40   27.96
 43    5.00   64.00   11.00    8.80   27.89
 44   30.00   15.00   16.00   19.20   29.88
 45   39.00   10.00   10.00    8.00   15.03
 46   32.00   39.00    5.00    6.00   15.74
 47   25.00   32.00   25.00   30.00   59.47
 48   25.00   55.00   17.00   20.40   20.70
 49   48.00   28.00   18.00   14.40   33.33
 50   56.00   37.00   10.00   12.00   17.44
