50
  0   30.00   40.00    0.00    0.00    0.00
  1   37.00   52.00    7.00    5.60    7.57
  2   49.00   49.00   30.00   36.00   14.21
  3   52.00   64.00   16.00   12.80   18.88
  4   20.00   26.00    9.00   10.80    3.05
  5   40.00   30.00   21.00   16.80    7.69
  6   21.00   47.00   15.00   18.00    9.78
  7   17.00   63.00   19.00   15.20   17.63
  8   31.00   62.00   23.00   27.60   35.30
  9   52.00   33.00   11.00    8.80   11.60
 10   51.00   21.00    5.00    6.00    7.45
 11   42.00   41.00   19.00   15.20   22.07
 12   31.00   32.00   29.00   34.80    8.94
 13    5.00   25.00   23.00   18.40   21.31
 14   12.00   42.00   21.00   25.20   20.52
 15   36.00   16.00   10.00    8.00    4.95
 16   52.00   41.00   15.00   18.00    9.15
 17   27.00   23.00    3.00    2.40    1.03
 18   17.00   33.00   41.00   49.20   46.86
 19   13.00   13.00    9.00    7.20    7.29
 20   57.00   58.00   28.00   33.60   27.17
 21   62.00   42.00    8.00    6.40    9.78
 22   42.00   57.00    8.00    9.60    9.09
 23   16.00   57.00   16.00   12.80   19.65
 24    8.00   52.00   10.00   12.00   11.38
 25    7.00   38.00   28.00   22.40   31.36
 26   27.00   68.00    7.00    8.40    0.78
 27   30.00   48.00   15.00   12.00    8.95
 28   43.00   67.00   14.00   16.80   19.62
 29   58.00   48.00    6.00    4.80    6.69
 30   58.00   27.00   19.00   22.80   27.84
 31   37.00   69.00   11.00    8.80    7.17
 32   38.00   46.00   12.00   14.40   15.80
 33   46.00   10.00   23.00   18.40   15.20
 34   61.00   33.00   26.00   31.20   10.14
 35   62.00   63.00   17.00   13.60    5.99
 36   63.00   69.00    6.00    7.20    6.73
 37   32.00   22.00    9.00    7.20    7.68
 38   45.00   35.00   15.00   18.00   10.75
 39   59.00   15.00   14.00   11.20    9.87
 40    5.00    6.00    7.00    8.40    1.89
 41   10.00   17.00   27.00   21.60   29.25
 42   21.00   10.00   13.00   15.60   10.39
 43    5.00   64.00   11.00    8.80    9.44
 44   30.00   15.00   16.00   19.20    9.51
 45   39.00   10.00   10.00    8.00    5.67
 46   32.00   39.00    5.00    6.00    5.01
 47   25.00   32.00   25.00   20.00   18.02
 48   25.00   55.00   17.00   20.40    6.59
 49   48.00   28.00   18.00   14.40   11.98
 50   56.00   37.00   10.00   12.00    5.55
