50
  0   30.00   40.00    0.00    0.00    0.00
  1   37.00   52.00    7.00    5.60    6.52
  2   49.00   49.00   30.00   36.00   12.18
  3   52.00   64.00   16.00   12.80   16.22
  4   20.00   26.00    9.00   10.80    2.61
  5   40.00   30.00   21.00   16.80    7.10
  6   21.00   47.00   15.00   18.00    8.38
  7   17.00   63.00   19.00   15.20   15.28
  8   31.00   62.00   23.00   27.60   30.26
  9   52.00   33.00   11.00    8.80   10.01
 10   51.00   21.00    5.00    6.00    6.38
 11   42.00   41.00   19.00   15.20   18.97
 12   31.00   32.00   29.00   34.80    7.67
 13    5.00   25.00   23.00   18.40   18.47
 14   12.00   42.00   21.00   25.20   17.59
 15   36.00   16.00   10.00    8.00    4.45
 16   52.00   41.00   15.00   18.00    7.84
 17   27.00   23.00    3.00    2.40    0.96
 18   17.00   33.00   41.00   49.20   40.16
 19   13.00   13.00    9.00    7.20    6.36
 20   57.00   58.00   28.00   33.60   23.29
 21   62.00   42.00    8.00    6.40    8.39
 22   42.00   57.00    8.00    9.60    7.79
 23   16.00   57.00   16.00   12.80   16.85
 24    8.00   52.00   10.00   12.00    9.76
 25    7.00   38.00   28.00   22.40   26.98
 26   27.00   68.00    7.00    8.40    0.67
 27   30.00   48.00   15.00   12.00    7.94
 28   43.00   67.00   14.00   16.80   16.82
 29   58.00   48.00    6.00    4.80    5.76
 30   58.00   27.00   19.00   22.80   23.86
 31   37.00   69.00   11.00    8.80    6.33
 32   38.00   46.00   12.00   14.40   13.54
 33   46.00   10.00   23.00   18.40   13.40
 34   61.00   33.00   26.00   31.20    8.69
 35   62.00   63.00   17.00   13.60    5.55
 36   63.00   69.00    6.00    7.20    5.77
 37   32.00   22.00    9.00    7.20    6.68
 38   45.00   35.00   15.00   18.00    9.22
 39   59.00   15.00   14.00   11.20    8.67
 40    5.00    6.00    7.00    8.40    1.62
 41   10.00   17.00   27.00   21.60   25.20
 42   21.00   10.00   13.00   15.60    8.90
 43    5.00   64.00   11.00    8.80    8.21
 44   30.00   15.00   16.00   19.20    8.15
 45   39.00   10.00   10.00    8.00    5.05
 46   32.00   39.00    5.00    6.00    4.29
 47   25.00   32.00   25.00   20.00   15.81
 48   25.00   55.00   17.00   20.40    5.65
 49   48.00   28.00   18.00   14.40   10.56
 50   56.00   37.00   10.00   12.00    4.76
