50
  0   30.00   40.00    0.00    0.00    0.00
  1   37.00   52.00    7.00    5.60   10.71
  2   49.00   49.00   30.00   36.00   20.30
  3   52.00   64.00   16.00   12.80   26.87
  4   20.00   26.00    9.00   10.80    4.36
  5   40.00   30.00   21.00   16.80    9.47
  6   21.00   47.00   15.00   18.00   13.97
  7   17.00   63.00   19.00   15.20   24.68
  8   31.00   62.00   23.00   27.60   50.43
  9   52.00   33.00   11.00    8.80   16.39
 10   51.00   21.00    5.00    6.00   10.64
 11   42.00   41.00   19.00   15.20   31.38
 12   31.00   32.00   29.00   34.80   12.78
 13    5.00   25.00   23.00   18.40   29.82
 14   12.00   42.00   21.00   25.20   29.32
 15   36.00   16.00   10.00    8.00    6.45
 16   52.00   41.00   15.00   18.00   13.07
 17   27.00   23.00    3.00    2.40    1.25
 18   17.00   33.00   41.00   49.20   66.94
 19   13.00   13.00    9.00    7.20   10.09
 20   57.00   58.00   28.00   33.60   38.82
 21   62.00   42.00    8.00    6.40   13.94
 22   42.00   57.00    8.00    9.60   12.98
 23   16.00   57.00   16.00   12.80   28.02
 24    8.00   52.00   10.00   12.00   16.26
 25    7.00   38.00   28.00   22.40   44.48
 26   27.00   68.00    7.00    8.40    1.11
 27   30.00   48.00   15.00   12.00   11.98
 28   43.00   67.00   14.00   16.80   28.03
 29   58.00   48.00    6.00    4.80    9.49
 30   58.00   27.00   19.00   22.80   39.76
 31   37.00   69.00   11.00    8.80    9.70
 32   38.00   46.00   12.00   14.40   22.57
 33   46.00   10.00   23.00   18.40   20.60
 34   61.00   33.00   26.00   31.20   14.48
 35   62.00   63.00   17.00   13.60    7.30
 36   63.00   69.00    6.00    7.20    9.61
 37   32.00   22.00    9.00    7.20   10.67
 38   45.00   35.00   15.00   18.00   15.36
 39   59.00   15.00   14.00   11.20   13.48
 40    5.00    6.00    7.00    8.40    2.70
 41   10.00   17.00   27.00   21.60   41.40
 42   21.00   10.00   13.00   15.60   14.84
 43    5.00   64.00   11.00    8.80   13.13
 44   30.00   15.00   16.00   19.20   13.58
 45   39.00   10.00   10.00    8.00    7.54
 46   32.00   39.00    5.00    6.00    7.16
 47   25.00   32.00   25.00   20.00   24.66
 48   25.00   55.00   17.00   20.40    9.41
 49   48.00   28.00   18.00   14.40   16.25
 50   56.00   37.00   10.00   12.00    7.93
