 71 
  0       0       0        0.00        0.00         0.00 
  1     -12      -6     7063.00     8475.60     14139.76 
  2     -15      -5       51.00       40.80        49.09 
  3      -1     -18       23.00       27.60        12.73 
  4       2     -21     3074.00     2459.20      5532.22 
  5      -1     -17      349.00      418.80       296.28 
  6      -9     -12     1047.00      837.60       449.84 
  7       2     -22      698.00      558.40      2197.10 
  8       1     -21     3001.00     2400.80      6167.30 
  9       7     -25       31.00       24.80        65.36 
 10      -7     -17     1135.00      908.00      1764.69 
 11     -11      -5    21611.00    17288.80     34327.44 
 12     -14      -9       57.00       68.40        65.05 
 13     -14      -8       51.00       40.80        78.20 
 14     -11      -2      551.00      661.20       458.30 
 15     -14      -5      179.00      143.20       160.29 
 16     -15      -9        6.00        7.20         8.59 
 17     -15      -8      528.00      422.40       630.37 
 18      -9      -6     2832.00     3398.40      2774.09 
 19     -14      -4     1514.00     1211.20      1335.22 
 20       3       6      889.00     1066.80      1085.17 
 21       5       9     2554.00     3064.80       456.30 
 22       5      10     1215.00     1458.00      1546.25 
 23       2       8     1810.00     2172.00      1926.64 
 24       1       9     3050.00     3660.00      2759.12 
 25       1      10        4.00        4.80         2.09 
 26       2       9     1563.00     1875.60      1309.29 
 27       6      14      741.00      889.20      1186.81 
 28       5      12     1532.00     1838.40       242.80 
 29       3       7      709.00      850.80       396.25 
 30       4       8     1022.00     1226.40       270.15 
 31      -6       1      883.00     1059.60       358.41 
 32      -6       2     1689.00     2026.80       685.57 
 33      -8      -2    10235.00    12282.00     13063.56 
 34      -7       2       29.00       34.80         8.42 
 35      -7      -3     2894.00     3472.80      2623.76 
 36      -7      -2      450.00      540.00        93.15 
 37     -20      12      411.00      328.80       389.39 
 38     -20      13      207.00      165.60       323.39 
 39     -12      10      496.00      595.20       507.94 
 40     -20      15     1021.00      816.80       492.43 
 41      -6       8      117.00      140.40        42.97 
 42       2      21       46.00       36.80        87.25 
 43       2      22        8.00        6.40        21.21 
 44       1      21       18.00       14.40        70.15 
 45      -1      24      561.00      448.80       609.90 
 46       1      22     1877.00     1501.60      6741.37 
 47      -2      20     3542.00     2833.60     13638.87 
 48      -2      21      801.00      640.80      1864.66 
 49      -4      18      967.00      773.60      1791.89 
 50      -4      19       62.00       49.60       153.57 
 51      -5      18     1366.00     1092.80      4084.22 
 52      -5      26      230.00      184.00       276.39 
 53       1      23        4.00        3.20         1.38 
 54      -6       5       12.00       14.40        15.79 
 55      -6       6      145.00      174.00       173.66 
 56      -9       6     7149.00     8578.80      5433.36 
 57      -9       7     2250.00     2700.00      2190.29 
 58     -12       5      383.00      306.40       306.01 
 59     -12       6      134.00      107.20       211.99 
 60     -11       3     1947.00     2336.40      2492.21 
 61     -11       4      182.00      218.40       295.96 
 62     -14       4     3934.00     4720.80      7398.22 
 63     -14       5      468.00      561.60       260.63 
 64     -15       4       18.00       14.40        21.34 
 65     -15       5      133.00      159.60        51.31 
 66     -16       7     2340.00     1872.00      1765.35 
 67     -16       8      754.00      603.20       743.72 
 68     -15      10     1264.00     1011.20      2340.82 
 69     -20      10      806.00      644.80      1721.94 
 70      -5      19     3665.00     2932.00     13874.69 
 71      -9     -11     2452.00     2942.40      5131.74 
