 71 
  0       0       0        0.00        0.00         0.00 
  1     -12      -6     7063.00     8475.60     31107.48 
  2     -15      -5       51.00       40.80       101.60 
  3      -1     -18       23.00       27.60        28.01 
  4       2     -21     3074.00     3688.80      6329.86 
  5      -1     -17      349.00      418.80       651.81 
  6      -9     -12     1047.00      837.60       774.43 
  7       2     -22      698.00      837.60      2648.48 
  8       1     -21     3001.00     3601.20      7166.16 
  9       7     -25       31.00       37.20        76.16 
 10      -7     -17     1135.00     1362.00      1979.37 
 11     -11      -5    21611.00    17288.80     74834.51 
 12     -14      -9       57.00       68.40       143.12 
 13     -14      -8       51.00       40.80       169.99 
 14     -11      -2      551.00      551.00         0.00 
 15     -14      -5      179.00      143.20       328.35 
 16     -15      -9        6.00        7.20        18.89 
 17     -15      -8      528.00      422.40      1338.81 
 18      -9      -6     2832.00     2832.00         0.00 
 19     -14      -4     1514.00     1211.20      2728.99 
 20       3       6      889.00      889.00         0.00 
 21       5       9     2554.00     2554.00         0.00 
 22       5      10     1215.00     1215.00         0.00 
 23       2       8     1810.00     1810.00         0.00 
 24       1       9     3050.00     3050.00         0.00 
 25       1      10        4.00        4.00         0.00 
 26       2       9     1563.00     1563.00         0.00 
 27       6      14      741.00      889.20      2610.98 
 28       5      12     1532.00     1838.40       534.16 
 29       3       7      709.00      709.00         0.00 
 30       4       8     1022.00     1022.00         0.00 
 31      -6       1      883.00      883.00         0.00 
 32      -6       2     1689.00     1689.00         0.00 
 33      -8      -2    10235.00    10235.00         0.00 
 34      -7       2       29.00       29.00         0.00 
 35      -7      -3     2894.00     2894.00         0.00 
 36      -7      -2      450.00      450.00         0.00 
 37     -20      12      411.00      493.20       395.42 
 38     -20      13      207.00      165.60       323.39 
 39     -12      10      496.00      595.20      1117.47 
 40     -20      15     1021.00      816.80       492.43 
 41      -6       8      117.00      117.00         0.00 
 42       2      21       46.00       36.80        87.25 
 43       2      22        8.00        6.40        21.21 
 44       1      21       18.00       14.40        70.15 
 45      -1      24      561.00      673.20       640.66 
 46       1      22     1877.00     1501.60      6741.37 
 47      -2      20     3542.00     2833.60     13638.87 
 48      -2      21      801.00      961.20      2194.04 
 49      -4      18      967.00      773.60      1791.89 
 50      -4      19       62.00       49.60       153.57 
 51      -5      18     1366.00     1639.20      4905.68 
 52      -5      26      230.00     1158.20       813.61 
 53       1      23        4.00        3.20         1.38 
 54      -6       5       12.00       12.00         0.00 
 55      -6       6      145.00      145.00         0.00 
 56      -9       6     7149.00     7149.00         0.00 
 57      -9       7     2250.00     2250.00         0.00 
 58     -12       5      383.00      306.40       615.72 
 59     -12       6      134.00      107.20       462.00 
 60     -11       3     1947.00     1947.00         0.00 
 61     -11       4      182.00      218.40       270.87 
 62     -14       4     3934.00     4720.80     16276.08 
 63     -14       5      468.00      561.60       573.40 
 64     -15       4       18.00       14.40        45.29 
 65     -15       5      133.00      159.60       112.88 
 66     -16       7     2340.00     1872.00      3516.76 
 67     -16       8      754.00      603.20      1544.17 
 68     -15      10     1264.00     1011.20      2340.82 
 69     -20      10      806.00      967.20      2009.03 
 70      -5      19     3665.00     4398.00     16916.43 
 71      -9     -11     2452.00     2942.40     11289.82 
