71
  0    0.00    0.00    0.00    0.00    0.00
  1  -12.00   -6.00 7063.00 8475.60 28405.33
  2  -15.00   -5.00   51.00   40.80   69.17
  3   -1.00  -18.00   23.00   27.60  102.94
  4    2.00  -21.00 3074.00 2459.20 3158.56
  5   -1.00  -17.00  349.00  418.80  264.88
  6   -9.00  -12.00 1047.00  837.60 1876.20
  7    2.00  -22.00  698.00  558.40 1942.18
  8    1.00  -21.00 3001.00 2400.80 11845.02
  9    7.00  -25.00   31.00   24.80  100.19
 10   -7.00  -17.00 1135.00  908.00 4353.52
 11  -11.00   -5.00 21611.00 17288.80 78048.65
 12  -14.00   -9.00   57.00   68.40   55.25
 13  -14.00   -8.00   51.00   40.80  141.62
 14  -11.00   -2.00  551.00  661.20 1692.39
 15  -14.00   -5.00  179.00  143.20  223.04
 16  -15.00   -9.00    6.00    7.20   11.50
 17  -15.00   -8.00  528.00  422.40  374.31
 18   -9.00   -6.00 2832.00 3398.40 10171.65
 19  -14.00   -4.00 1514.00 1211.20 3580.45
 20    3.00    6.00  889.00 1066.80 2711.26
 21    5.00    9.00 2554.00 3064.80 11917.79
 22    5.00   10.00 1215.00 1458.00 4336.77
 23    2.00    8.00 1810.00 2172.00 8495.12
 24    1.00    9.00 3050.00 3660.00 10911.43
 25    1.00   10.00    4.00    4.80   16.80
 26    2.00    9.00 1563.00 1875.60  544.97
 27    6.00   14.00  741.00  889.20 1342.65
 28    5.00   12.00 1532.00 1838.40 6747.37
 29    3.00    7.00  709.00  850.80 2964.09
 30    4.00    8.00 1022.00 1226.40 4705.63
 31   -6.00    1.00  883.00 1059.60 1821.45
 32   -6.00    2.00 1689.00 2026.80 6987.87
 33   -8.00   -2.00 10235.00 12282.00 21532.46
 34   -7.00    2.00   29.00   34.80   35.53
 35   -7.00   -3.00 2894.00 3472.80 2010.38
 36   -7.00   -2.00  450.00  540.00 1585.62
 37  -20.00   12.00  411.00  328.80 1034.06
 38  -20.00   13.00  207.00  165.60  403.70
 39  -12.00   10.00  496.00  595.20 1144.19
 40  -20.00   15.00 1021.00  816.80  877.38
 41   -6.00    8.00  117.00  140.40  471.88
 42    2.00   21.00   46.00   36.80   98.92
 43    2.00   22.00    8.00    6.40   20.28
 44    1.00   21.00   18.00   14.40   29.72
 45   -1.00   24.00  561.00  448.80  843.12
 46    1.00   22.00 1877.00 1501.60 4966.78
 47   -2.00   20.00 3542.00 2833.60 7253.91
 48   -2.00   21.00  801.00  640.80  917.96
 49   -4.00   18.00  967.00  773.60 1790.80
 50   -4.00   19.00   62.00   49.60   96.40
 51   -5.00   18.00 1366.00 1092.80 2531.26
 52   -5.00   26.00  230.00  184.00  687.68
 53    1.00   23.00    4.00    3.20    9.91
 54   -6.00    5.00   12.00   14.40   55.39
 55   -6.00    6.00  145.00  174.00  681.38
 56   -9.00    6.00 7149.00 8578.80 17071.27
 57   -9.00    7.00 2250.00 2700.00 10708.16
 58  -12.00    5.00  383.00  306.40  689.28
 59  -12.00    6.00  134.00  107.20  254.16
 60  -11.00    3.00 1947.00 2336.40 5333.07
 61  -11.00    4.00  182.00  218.40  794.57
 62  -14.00    4.00 3934.00 4720.80 14927.11
 63  -14.00    5.00  468.00  561.60 1476.89
 64  -15.00    4.00   18.00   14.40   38.46
 65  -15.00    5.00  133.00  159.60   24.73
 66  -16.00    7.00 2340.00 1872.00 2216.96
 67  -16.00    8.00  754.00  603.20 1177.95
 68  -15.00   10.00 1264.00 1011.20 1374.18
 69  -20.00   10.00  806.00  644.80  388.73
 70   -5.00   19.00 3665.00 2932.00 7727.66
 71   -9.00  -11.00 2452.00 2942.40 3161.59
