71
  0    0.00    0.00    0.00    0.00    0.00
  1  -12.00   -6.00 7063.00 5650.40 10802.79
  2  -15.00   -5.00   51.00   61.20   34.50
  3   -1.00  -18.00   23.00   18.40   38.63
  4    2.00  -21.00 3074.00 3688.80 1488.37
  5   -1.00  -17.00  349.00  279.20  157.36
  6   -9.00  -12.00 1047.00 1256.40  975.26
  7    2.00  -22.00  698.00  558.40  906.66
  8    1.00  -21.00 3001.00 3601.20 6579.41
  9    7.00  -25.00   31.00   24.80   46.20
 10   -7.00  -17.00 1135.00 1362.00 2414.45
 11  -11.00   -5.00 21611.00 17288.80 35695.16
 12  -14.00   -9.00   57.00   68.40   25.11
 13  -14.00   -8.00   51.00   40.80   66.12
 14  -11.00   -2.00  551.00  661.20  769.27
 15  -14.00   -5.00  179.00  143.20  115.48
 16  -15.00   -9.00    6.00    7.20    5.23
 17  -15.00   -8.00  528.00  422.40  219.94
 18   -9.00   -6.00 2832.00 3398.40 4623.48
 19  -14.00   -4.00 1514.00 1211.20 1697.55
 20    3.00    6.00  889.00 1066.80 1232.39
 21    5.00    9.00 2554.00 2043.20 4450.56
 22    5.00   10.00 1215.00 1458.00 1971.26
 23    2.00    8.00 1810.00 1448.00 3170.30
 24    1.00    9.00 3050.00 3660.00 4959.74
 25    1.00   10.00    4.00    3.20    6.35
 26    2.00    9.00 1563.00 1875.60  247.72
 27    6.00   14.00  741.00  592.80  592.05
 28    5.00   12.00 1532.00 1838.40 3066.99
 29    3.00    7.00  709.00  567.20 1121.67
 30    4.00    8.00 1022.00 1226.40 2138.92
 31   -6.00    1.00  883.00  706.40  778.73
 32   -6.00    2.00 1689.00 2026.80 3176.31
 33   -8.00   -2.00 10235.00 8188.00 9165.17
 34   -7.00    2.00   29.00   34.80   16.15
 35   -7.00   -3.00 2894.00 2315.20 1243.39
 36   -7.00   -2.00  450.00  540.00  720.74
 37  -20.00   12.00  411.00  328.80  487.25
 38  -20.00   13.00  207.00  248.40  211.98
 39  -12.00   10.00  496.00  396.80  477.44
 40  -20.00   15.00 1021.00 1225.20  393.88
 41   -6.00    8.00  117.00   93.60  179.39
 42    2.00   21.00   46.00   55.20   52.50
 43    2.00   22.00    8.00    6.40    9.55
 44    1.00   21.00   18.00   21.60   15.28
 45   -1.00   24.00  561.00  448.80  423.23
 46    1.00   22.00 1877.00 2252.40 2686.45
 47   -2.00   20.00 3542.00 2833.60 3493.72
 48   -2.00   21.00  801.00  961.20  443.37
 49   -4.00   18.00  967.00  773.60  873.15
 50   -4.00   19.00   62.00   74.40   49.15
 51   -5.00   18.00 1366.00 1092.80 1234.08
 52   -5.00   26.00  230.00  276.00  375.45
 53    1.00   23.00    4.00    3.20    4.68
 54   -6.00    5.00   12.00   14.40   25.18
 55   -6.00    6.00  145.00  116.00  254.25
 56   -9.00    6.00 7149.00 8578.80 7759.67
 57   -9.00    7.00 2250.00 1800.00 3989.89
 58  -12.00    5.00  383.00  459.60  358.48
 59  -12.00    6.00  134.00  107.20  123.55
 60  -11.00    3.00 1947.00 2336.40 2424.12
 61  -11.00    4.00  182.00  145.60  299.07
 62  -14.00    4.00 3934.00 4720.80 6785.05
 63  -14.00    5.00  468.00  374.40  581.83
 64  -15.00    4.00   18.00   21.60   20.39
 65  -15.00    5.00  133.00  106.40   34.77
 66  -16.00    7.00 2340.00 2808.00 1023.33
 67  -16.00    8.00  754.00  603.20  587.89
 68  -15.00   10.00 1264.00 1516.80  656.13
 69  -20.00   10.00  806.00  644.80  258.02
 70   -5.00   19.00 3665.00 4398.00 4092.62
 71   -9.00  -11.00 2452.00 1961.60 1535.55
