71
  0    0.00    0.00    0.00    0.00    0.00
  1  -12.00   -6.00 7063.00 5650.40 7633.60
  2  -15.00   -5.00   51.00   61.20   24.15
  3   -1.00  -18.00   23.00   18.40   27.15
  4    2.00  -21.00 3074.00 3688.80 1041.86
  5   -1.00  -17.00  349.00  279.20  127.81
  6   -9.00  -12.00 1047.00 1256.40  682.68
  7    2.00  -22.00  698.00  558.40  647.77
  8    1.00  -21.00 3001.00 3601.20 4605.59
  9    7.00  -25.00   31.00   24.80   32.70
 10   -7.00  -17.00 1135.00 1362.00 1690.12
 11  -11.00   -5.00 21611.00 17288.80 25106.78
 12  -14.00   -9.00   57.00   68.40   17.58
 13  -14.00   -8.00   51.00   40.80   47.25
 14  -11.00   -2.00  551.00  661.20  538.49
 15  -14.00   -5.00  179.00  143.20   88.59
 16  -15.00   -9.00    6.00    7.20    3.66
 17  -15.00   -8.00  528.00  422.40  181.35
 18   -9.00   -6.00 2832.00 3398.40 3236.43
 19  -14.00   -4.00 1514.00 1211.20 1226.82
 20    3.00    6.00  889.00 1066.80  862.67
 21    5.00    9.00 2554.00 2043.20 3120.89
 22    5.00   10.00 1215.00 1458.00 1379.88
 23    2.00    8.00 1810.00 1448.00 2222.50
 24    1.00    9.00 3050.00 3660.00 3471.82
 25    1.00   10.00    4.00    3.20    4.48
 26    2.00    9.00 1563.00 1875.60  173.40
 27    6.00   14.00  741.00  592.80  442.25
 28    5.00   12.00 1532.00 1838.40 2146.89
 29    3.00    7.00  709.00  567.20  790.96
 30    4.00    8.00 1022.00 1226.40 1497.25
 31   -6.00    1.00  883.00  706.40  575.51
 32   -6.00    2.00 1689.00 2026.80 2223.41
 33   -8.00   -2.00 10235.00 8188.00 6762.79
 34   -7.00    2.00   29.00   34.80   11.31
 35   -7.00   -3.00 2894.00 2315.20 1019.09
 36   -7.00   -2.00  450.00  540.00  504.51
 37  -20.00   12.00  411.00  328.80  350.54
 38  -20.00   13.00  207.00  248.40  148.39
 39  -12.00   10.00  496.00  396.80  349.79
 40  -20.00   15.00 1021.00 1225.20  275.72
 41   -6.00    8.00  117.00   93.60  126.75
 42    2.00   21.00   46.00   55.20   36.75
 43    2.00   22.00    8.00    6.40    6.87
 44    1.00   21.00   18.00   21.60   10.70
 45   -1.00   24.00  561.00  448.80  318.26
 46    1.00   22.00 1877.00 2252.40 1880.51
 47   -2.00   20.00 3542.00 2833.60 2553.68
 48   -2.00   21.00  801.00  961.20  310.36
 49   -4.00   18.00  967.00  773.60  643.73
 50   -4.00   19.00   62.00   74.40   34.40
 51   -5.00   18.00 1366.00 1092.80  909.78
 52   -5.00   26.00  230.00  276.00  262.82
 53    1.00   23.00    4.00    3.20    3.37
 54   -6.00    5.00   12.00   14.40   17.62
 55   -6.00    6.00  145.00  116.00  178.23
 56   -9.00    6.00 7149.00 8578.80 5431.77
 57   -9.00    7.00 2250.00 1800.00 2795.18
 58  -12.00    5.00  383.00  459.60  250.94
 59  -12.00    6.00  134.00  107.20   90.90
 60  -11.00    3.00 1947.00 2336.40 1696.89
 61  -11.00    4.00  182.00  145.60  210.42
 62  -14.00    4.00 3934.00 4720.80 4749.54
 63  -14.00    5.00  468.00  374.40  417.05
 64  -15.00    4.00   18.00   21.60   14.28
 65  -15.00    5.00  133.00  106.40   32.02
 66  -16.00    7.00 2340.00 2808.00  716.33
 67  -16.00    8.00  754.00  603.20  440.37
 68  -15.00   10.00 1264.00 1516.80  459.29
 69  -20.00   10.00  806.00  644.80  225.35
 70   -5.00   19.00 3665.00 4398.00 2864.84
 71   -9.00  -11.00 2452.00 1961.60 1182.81
