71
  0    0.00    0.00    0.00    0.00    0.00
  1  -12.00   -6.00 7063.00 5650.40 23479.55
  2  -15.00   -5.00   51.00   61.20   75.90
  3   -1.00  -18.00   23.00   18.40   84.57
  4    2.00  -21.00 3074.00 3688.80 3274.42
  5   -1.00  -17.00  349.00  279.20  275.57
  6   -9.00  -12.00 1047.00 1256.40 2145.56
  7    2.00  -22.00  698.00  558.40 1942.18
  8    1.00  -21.00 3001.00 3601.20 14474.71
  9    7.00  -25.00   31.00   24.80  100.19
 10   -7.00  -17.00 1135.00 1362.00 5311.79
 11  -11.00   -5.00 21611.00 17288.80 78048.65
 12  -14.00   -9.00   57.00   68.40   55.25
 13  -14.00   -8.00   51.00   40.80  141.62
 14  -11.00   -2.00  551.00  661.20 1692.39
 15  -14.00   -5.00  179.00  143.20  223.04
 16  -15.00   -9.00    6.00    7.20   11.50
 17  -15.00   -8.00  528.00  422.40  374.31
 18   -9.00   -6.00 2832.00 3398.40 10171.65
 19  -14.00   -4.00 1514.00 1211.20 3580.45
 20    3.00    6.00  889.00 1066.80 2711.26
 21    5.00    9.00 2554.00 2043.20 9769.25
 22    5.00   10.00 1215.00 1458.00 4336.77
 23    2.00    8.00 1810.00 1448.00 6961.51
 24    1.00    9.00 3050.00 3660.00 10911.43
 25    1.00   10.00    4.00    3.20   13.85
 26    2.00    9.00 1563.00 1875.60  544.97
 27    6.00   14.00  741.00  592.80 1191.25
 28    5.00   12.00 1532.00 1838.40 6747.37
 29    3.00    7.00  709.00  567.20 2444.48
 30    4.00    8.00 1022.00 1226.40 4705.63
 31   -6.00    1.00  883.00  706.40 1591.61
 32   -6.00    2.00 1689.00 2026.80 6987.87
 33   -8.00   -2.00 10235.00 8188.00 18774.69
 34   -7.00    2.00   29.00   34.80   35.53
 35   -7.00   -3.00 2894.00 2315.20 2140.58
 36   -7.00   -2.00  450.00  540.00 1585.62
 37  -20.00   12.00  411.00  328.80 1034.06
 38  -20.00   13.00  207.00  248.40  466.36
 39  -12.00   10.00  496.00  396.80  988.08
 40  -20.00   15.00 1021.00 1225.20  866.54
 41   -6.00    8.00  117.00   93.60  389.99
 42    2.00   21.00   46.00   55.20  115.50
 43    2.00   22.00    8.00    6.40   20.28
 44    1.00   21.00   18.00   21.60   33.62
 45   -1.00   24.00  561.00  448.80  843.12
 46    1.00   22.00 1877.00 2252.40 5910.18
 47   -2.00   20.00 3542.00 2833.60 7253.91
 48   -2.00   21.00  801.00  961.20  975.42
 49   -4.00   18.00  967.00  773.60 1790.80
 50   -4.00   19.00   62.00   74.40  108.12
 51   -5.00   18.00 1366.00 1092.80 2531.26
 52   -5.00   26.00  230.00  276.00  825.99
 53    1.00   23.00    4.00    3.20    9.91
 54   -6.00    5.00   12.00   14.40   55.39
 55   -6.00    6.00  145.00  116.00  558.34
 56   -9.00    6.00 7149.00 8578.80 17071.27
 57   -9.00    7.00 2250.00 1800.00 8768.74
 58  -12.00    5.00  383.00  459.60  788.66
 59  -12.00    6.00  134.00  107.20  254.16
 60  -11.00    3.00 1947.00 2336.40 5333.07
 61  -11.00    4.00  182.00  145.60  653.67
 62  -14.00    4.00 3934.00 4720.80 14927.11
 63  -14.00    5.00  468.00  374.40 1240.94
 64  -15.00    4.00   18.00   21.60   44.87
 65  -15.00    5.00  133.00  106.40   45.81
 66  -16.00    7.00 2340.00 2808.00 2251.32
 67  -16.00    8.00  754.00  603.20 1177.95
 68  -15.00   10.00 1264.00 1516.80 1443.48
 69  -20.00   10.00  806.00  644.80  388.73
 70   -5.00   19.00 3665.00 4398.00 9003.77
 71   -9.00  -11.00 2452.00 1961.60 2946.51
