71
  0    0.00    0.00    0.00    0.00    0.00
  1  -12.00   -6.00 7063.00 5650.40 6577.21
  2  -15.00   -5.00   51.00   61.20   20.70
  3   -1.00  -18.00   23.00   18.40   23.32
  4    2.00  -21.00 3074.00 3688.80  893.02
  5   -1.00  -17.00  349.00  279.20  117.96
  6   -9.00  -12.00 1047.00 1256.40  585.15
  7    2.00  -22.00  698.00  558.40  561.48
  8    1.00  -21.00 3001.00 3601.20 3947.65
  9    7.00  -25.00   31.00   24.80   28.20
 10   -7.00  -17.00 1135.00 1362.00 1448.67
 11  -11.00   -5.00 21611.00 17288.80 21577.33
 12  -14.00   -9.00   57.00   68.40   15.07
 13  -14.00   -8.00   51.00   40.80   40.96
 14  -11.00   -2.00  551.00  661.20  461.56
 15  -14.00   -5.00  179.00  143.20   79.62
 16  -15.00   -9.00    6.00    7.20    3.14
 17  -15.00   -8.00  528.00  422.40  168.49
 18   -9.00   -6.00 2832.00 3398.40 2774.09
 19  -14.00   -4.00 1514.00 1211.20 1069.91
 20    3.00    6.00  889.00 1066.80  739.43
 21    5.00    9.00 2554.00 2043.20 2677.67
 22    5.00   10.00 1215.00 1458.00 1182.75
 23    2.00    8.00 1810.00 1448.00 1906.57
 24    1.00    9.00 3050.00 3660.00 2975.84
 25    1.00   10.00    4.00    3.20    3.85
 26    2.00    9.00 1563.00 1875.60  148.63
 27    6.00   14.00  741.00  592.80  392.32
 28    5.00   12.00 1532.00 1838.40 1840.19
 29    3.00    7.00  709.00  567.20  680.73
 30    4.00    8.00 1022.00 1226.40 1283.35
 31   -6.00    1.00  883.00  706.40  507.77
 32   -6.00    2.00 1689.00 2026.80 1905.78
 33   -8.00   -2.00 10235.00 8188.00 5961.99
 34   -7.00    2.00   29.00   34.80    9.69
 35   -7.00   -3.00 2894.00 2315.20  944.32
 36   -7.00   -2.00  450.00  540.00  432.44
 37  -20.00   12.00  411.00  328.80  304.98
 38  -20.00   13.00  207.00  248.40  127.19
 39  -12.00   10.00  496.00  396.80  307.23
 40  -20.00   15.00 1021.00 1225.20  236.33
 41   -6.00    8.00  117.00   93.60  109.20
 42    2.00   21.00   46.00   55.20   31.50
 43    2.00   22.00    8.00    6.40    5.97
 44    1.00   21.00   18.00   21.60    9.17
 45   -1.00   24.00  561.00  448.80  283.27
 46    1.00   22.00 1877.00 2252.40 1611.87
 47   -2.00   20.00 3542.00 2833.60 2240.33
 48   -2.00   21.00  801.00  961.20  266.02
 49   -4.00   18.00  967.00  773.60  567.26
 50   -4.00   19.00   62.00   74.40   29.49
 51   -5.00   18.00 1366.00 1092.80  801.68
 52   -5.00   26.00  230.00  276.00  225.27
 53    1.00   23.00    4.00    3.20    2.93
 54   -6.00    5.00   12.00   14.40   15.11
 55   -6.00    6.00  145.00  116.00  152.89
 56   -9.00    6.00 7149.00 8578.80 4655.80
 57   -9.00    7.00 2250.00 1800.00 2396.94
 58  -12.00    5.00  383.00  459.60  215.09
 59  -12.00    6.00  134.00  107.20   80.01
 60  -11.00    3.00 1947.00 2336.40 1454.47
 61  -11.00    4.00  182.00  145.60  180.87
 62  -14.00    4.00 3934.00 4720.80 4071.03
 63  -14.00    5.00  468.00  374.40  362.13
 64  -15.00    4.00   18.00   21.60   12.24
 65  -15.00    5.00  133.00  106.40   31.10
 66  -16.00    7.00 2340.00 2808.00  614.00
 67  -16.00    8.00  754.00  603.20  391.20
 68  -15.00   10.00 1264.00 1516.80  393.68
 69  -20.00   10.00  806.00  644.80  214.45
 70   -5.00   19.00 3665.00 4398.00 2455.57
 71   -9.00  -11.00 2452.00 1961.60 1065.23
