 75 
  0      40      40        0.00        0.00         0.00 
  1      22      22       18.00       14.40        27.60 
  2      36      26       26.00       31.20         4.65 
  3      21      45       11.00       13.20        10.73 
  4      45      35       30.00       36.00         8.72 
  5      55      20       21.00       25.20         8.10 
  6      33      34       19.00       22.80        17.23 
  7      50      50       15.00       18.00         3.97 
  8      55      45       16.00       19.20        15.67 
  9      26      59       29.00       34.80        29.70 
 10      40      66       26.00       31.20        29.67 
 11      55      65       37.00       29.60        68.56 
 12      35      51       16.00       19.20        19.16 
 13      62      35       12.00        9.60         5.16 
 14      62      57       31.00       37.20        17.16 
 15      62      24        8.00        9.60        11.45 
 16      21      36       19.00       22.80        24.32 
 17      33      44       20.00       24.00        11.18 
 18       9      56       13.00       10.40        40.92 
 19      62      48       15.00       12.00        17.78 
 20      66      14       22.00       17.60        20.84 
 21      44      13       28.00       22.40        27.62 
 22      26      13       12.00        9.60        29.72 
 23      11      28        6.00        4.80        22.71 
 24       7      43       27.00       21.60        51.21 
 25      17      64       14.00       11.20        32.59 
 26      41      46       18.00       21.60        21.97 
 27      55      34       17.00       20.40        12.92 
 28      35      16       29.00       23.20        27.92 
 29      52      26       13.00       15.60        12.65 
 30      43      26       22.00       26.40        11.50 
 31      31      76       25.00       20.00        39.06 
 32      22      53       28.00       22.40        24.69 
 33      26      29       27.00       32.40        22.46 
 34      50      40       19.00       22.80        24.99 
 35      55      50       10.00       12.00        12.73 
 36      54      10       12.00        9.60        21.60 
 37      60      15       14.00       11.20        54.56 
 38      47      66       24.00       19.20        28.65 
 39      30      60       16.00       19.20        30.09 
 40      30      50       33.00       39.60        29.85 
 41      12      17       15.00       12.00        32.05 
 42      15      14       11.00        8.80        29.17 
 43      16      19       18.00       14.40        36.99 
 44      21      48       17.00       13.60        13.58 
 45      50      30       21.00       25.20        17.59 
 46      51      42       27.00       32.40        34.46 
 47      50      15       19.00       22.80        16.13 
 48      48      21       20.00       24.00        40.04 
 49      12      38        5.00        4.00         4.51 
 50      15      56       22.00       17.60        65.78 
 51      29      39       12.00       14.40        12.77 
 52      54      38       19.00       22.80         6.98 
 53      55      57       22.00       26.40        35.24 
 54      67      41       16.00       12.80        12.07 
 55      10      70        7.00        5.60        24.04 
 56       6      25       26.00       20.80        28.27 
 57      65      27       14.00       16.80        11.10 
 58      40      60       21.00       25.20        24.05 
 59      70      64       24.00       19.20        50.60 
 60      64       4       13.00       10.40        18.98 
 61      36       6       15.00       12.00        53.87 
 62      30      20       18.00       14.40        16.12 
 63      20      30       11.00       13.20         6.13 
 64      15       5       28.00       22.40        13.03 
 65      50      70        9.00        7.20        34.66 
 66      57      72       37.00       29.60        12.74 
 67      45      42       30.00       36.00        12.18 
 68      38      33       10.00       12.00         2.07 
 69      50       4        8.00        6.40         3.86 
 70      66       8       11.00        8.80        16.85 
 71      59       5        3.00        2.40         3.61 
 72      35      60        1.00        0.80         1.58 
 73      27      24        6.00        7.20        12.56 
 74      40      20       10.00       12.00         1.58 
 75      40      37       20.00       24.00         8.12 
