 75 
  0      40      40        0.00        0.00         0.00 
  1      22      22       18.00       14.40        60.00 
  2      36      26       26.00       26.00         0.00 
  3      21      45       11.00       11.00         0.00 
  4      45      35       30.00       30.00         0.00 
  5      55      20       21.00       25.20        17.82 
  6      33      34       19.00       19.00         0.00 
  7      50      50       15.00       15.00         0.00 
  8      55      45       16.00       16.00         0.00 
  9      26      59       29.00       34.80        65.34 
 10      40      66       26.00       31.20        65.28 
 11      55      65       37.00       29.60        68.56 
 12      35      51       16.00       16.00         0.00 
 13      62      35       12.00        9.60         8.88 
 14      62      57       31.00       37.20        37.75 
 15      62      24        8.00        9.60        25.19 
 16      21      36       19.00       19.00         0.00 
 17      33      44       20.00       20.00         0.00 
 18       9      56       13.00       15.60        49.33 
 19      62      48       15.00       12.00        37.74 
 20      66      14       22.00       26.40        21.17 
 21      44      13       28.00       22.40        57.34 
 22      26      13       12.00        9.60        29.72 
 23      11      28        6.00        7.20        27.69 
 24       7      43       27.00       21.60        51.21 
 25      17      64       14.00       16.80        38.35 
 26      41      46       18.00       18.00         0.00 
 27      55      34       17.00       17.00         0.00 
 28      35      16       29.00       23.20        57.77 
 29      52      26       13.00       13.00         0.00 
 30      43      26       22.00       22.00         0.00 
 31      31      76       25.00       20.00        39.06 
 32      22      53       28.00       22.40        50.47 
 33      26      29       27.00       27.00         0.00 
 34      50      40       19.00       19.00         0.00 
 35      55      50       10.00       10.00         0.00 
 36      54      10       12.00       14.40        24.71 
 37      60      15       14.00       11.20        54.56 
 38      47      66       24.00       19.20        60.85 
 39      30      60       16.00       19.20        66.20 
 40      30      50       33.00       33.00         0.00 
 41      12      17       15.00       18.00        37.39 
 42      15      14       11.00        8.80        29.17 
 43      16      19       18.00       21.60        42.98 
 44      21      48       17.00       13.60        27.33 
 45      50      30       21.00       21.00         0.00 
 46      51      42       27.00       27.00         0.00 
 47      50      15       19.00       22.80        35.49 
 48      48      21       20.00       24.00        88.09 
 49      12      38        5.00        4.00         9.26 
 50      15      56       22.00       26.40        79.01 
 51      29      39       12.00       12.00         0.00 
 52      54      38       19.00       19.00         0.00 
 53      55      57       22.00       26.40        77.52 
 54      67      41       16.00       12.80        24.05 
 55      10      70        7.00        5.60        24.04 
 56       6      25       26.00       31.20        29.69 
 57      65      27       14.00       16.80        24.42 
 58      40      60       21.00       21.00         0.00 
 59      70      64       24.00       28.80        58.96 
 60      64       4       13.00        7.40        18.76 
 61      36       6       15.00       12.00        53.87 
 62      30      20       18.00       14.40        33.02 
 63      20      30       11.00       13.20        13.48 
 64      15       5       28.00       33.60         9.56 
 65      50      70        9.00        7.20        34.66 
 66      57      72       37.00       29.60        12.74 
 67      45      42       30.00       30.00         0.00 
 68      38      33       10.00       10.00         0.00 
 69      50       4        8.00        6.40         3.86 
 70      66       8       11.00       13.20        18.86 
 71      59       5        3.00        2.40         3.61 
 72      35      60        1.00        0.80         3.45 
 73      27      24        6.00        7.20        27.63 
 74      40      20       10.00       12.00        14.88 
 75      40      37       20.00       20.00         0.00 
