75
  0   40.00   40.00    0.00    0.00    0.00
  1   22.00   22.00   18.00   14.40   59.84
  2   36.00   26.00   26.00   31.20   38.70
  3   21.00   45.00   11.00   13.20   49.23
  4   45.00   35.00   30.00   36.00   31.96
  5   55.00   20.00   21.00   25.20   15.94
  6   33.00   34.00   19.00   22.80   38.94
  7   50.00   50.00   15.00   18.00   49.86
  8   55.00   45.00   16.00   19.20   77.17
  9   26.00   59.00   29.00   34.80  113.19
 10   40.00   66.00   26.00   31.20  121.68
 11   55.00   65.00   37.00   29.60  133.63
 12   35.00   51.00   16.00   19.20   15.51
 13   62.00   35.00   12.00    9.60   33.32
 14   62.00   57.00   31.00   37.20   95.22
 15   62.00   24.00    8.00    9.60   10.77
 16   21.00   36.00   19.00   22.80   36.41
 17   33.00   44.00   20.00   24.00   13.10
 18    9.00   56.00   13.00   10.40   38.87
 19   62.00   48.00   15.00   12.00   35.47
 20   66.00   14.00   22.00   17.60   56.52
 21   44.00   13.00   28.00   22.40  107.10
 22   26.00   13.00   12.00    9.60   35.67
 23   11.00   28.00    6.00    4.80   23.08
 24    7.00   43.00   27.00   21.60   80.44
 25   17.00   64.00   14.00   11.20   48.48
 26   41.00   46.00   18.00   21.60    6.28
 27   55.00   34.00   17.00   20.40   30.80
 28   35.00   16.00   29.00   23.20  105.02
 29   52.00   26.00   13.00   15.60   54.35
 30   43.00   26.00   22.00   26.40  101.30
 31   31.00   76.00   25.00   20.00   45.06
 32   22.00   53.00   28.00   22.40   95.59
 33   26.00   29.00   27.00   32.40   56.80
 34   50.00   40.00   19.00   22.80   23.28
 35   55.00   50.00   10.00   12.00    6.95
 36   54.00   10.00   12.00    9.60   35.25
 37   60.00   15.00   14.00   11.20   35.22
 38   47.00   66.00   24.00   19.20   46.81
 39   30.00   60.00   16.00   19.20   36.91
 40   30.00   50.00   33.00   39.60   28.01
 41   12.00   17.00   15.00   12.00   50.00
 42   15.00   14.00   11.00    8.80   23.66
 43   16.00   19.00   18.00   14.40   45.64
 44   21.00   48.00   17.00   13.60   28.07
 45   50.00   30.00   21.00   25.20   35.22
 46   51.00   42.00   27.00   32.40   85.02
 47   50.00   15.00   19.00   22.80   45.20
 48   48.00   21.00   20.00   24.00   24.36
 49   12.00   38.00    5.00    4.00    9.26
 50   15.00   56.00   22.00   17.60   34.21
 51   29.00   39.00   12.00   14.40   25.53
 52   54.00   38.00   19.00   22.80   68.23
 53   55.00   57.00   22.00   26.40   64.48
 54   67.00   41.00   16.00   12.80   60.57
 55   10.00   70.00    7.00    5.60   26.95
 56    6.00   25.00   26.00   20.80   53.43
 57   65.00   27.00   14.00   16.80   66.63
 58   40.00   60.00   21.00   25.20   43.24
 59   70.00   64.00   24.00   19.20   45.52
 60   64.00    4.00   13.00   10.40   30.26
 61   36.00    6.00   15.00   12.00   53.87
 62   30.00   20.00   18.00   14.40   56.66
 63   20.00   30.00   11.00   13.20   34.71
 64   15.00    5.00   28.00   22.40   59.82
 65   50.00   70.00    9.00    7.20    3.10
 66   57.00   72.00   37.00   29.60   35.05
 67   45.00   42.00   30.00   36.00   52.61
 68   38.00   33.00   10.00   12.00   11.42
 69   50.00    4.00    8.00    6.40    3.86
 70   66.00    8.00   11.00    8.80   23.19
 71   59.00    5.00    3.00    2.40    3.61
 72   35.00   60.00    1.00    0.80    1.53
 73   27.00   24.00    6.00    7.20   24.98
 74   40.00   20.00   10.00   12.00    3.42
 75   40.00   37.00   20.00   24.00   32.43
