75
  0   40.00   40.00    0.00    0.00    0.00
  1   22.00   22.00   18.00   14.40   27.53
  2   36.00   26.00   26.00   31.20   17.59
  3   21.00   45.00   11.00    8.80   18.48
  4   45.00   35.00   30.00   36.00   14.53
  5   55.00   20.00   21.00   16.80    9.47
  6   33.00   34.00   19.00   22.80   17.70
  7   50.00   50.00   15.00   12.00   19.48
  8   55.00   45.00   16.00   19.20   35.08
  9   26.00   59.00   29.00   23.20   43.22
 10   40.00   66.00   26.00   31.20   55.31
 11   55.00   65.00   37.00   29.60   61.11
 12   35.00   51.00   16.00   19.20    7.05
 13   62.00   35.00   12.00    9.60   15.56
 14   62.00   57.00   31.00   37.20   43.28
 15   62.00   24.00    8.00    6.40    5.16
 16   21.00   36.00   19.00   22.80   16.55
 17   33.00   44.00   20.00   16.00    8.33
 18    9.00   56.00   13.00   15.60   21.22
 19   62.00   48.00   15.00   12.00   16.82
 20   66.00   14.00   22.00   26.40   30.50
 21   44.00   13.00   28.00   22.40   48.79
 22   26.00   13.00   12.00   14.40   19.47
 23   11.00   28.00    6.00    4.80   10.51
 24    7.00   43.00   27.00   32.40   43.91
 25   17.00   64.00   14.00   11.20   22.24
 26   41.00   46.00   18.00   21.60    2.85
 27   55.00   34.00   17.00   13.60   13.58
 28   35.00   16.00   29.00   34.80   58.06
 29   52.00   26.00   13.00   10.40   20.57
 30   43.00   26.00   22.00   26.40   46.04
 31   31.00   76.00   25.00   20.00   22.05
 32   22.00   53.00   28.00   33.60   52.66
 33   26.00   29.00   27.00   21.60   24.18
 34   50.00   40.00   19.00   22.80   10.58
 35   55.00   50.00   10.00    8.00    4.30
 36   54.00   10.00   12.00   14.40   19.22
 37   60.00   15.00   14.00   11.20   16.60
 38   47.00   66.00   24.00   28.80   24.58
 39   30.00   60.00   16.00   12.80   15.40
 40   30.00   50.00   33.00   39.60   12.73
 41   12.00   17.00   15.00   12.00   23.00
 42   15.00   14.00   11.00   13.20   12.55
 43   16.00   19.00   18.00   14.40   21.49
 44   21.00   48.00   17.00   20.40   14.43
 45   50.00   30.00   21.00   16.80   15.84
 46   51.00   42.00   27.00   32.40   38.64
 47   50.00   15.00   19.00   15.20   18.74
 48   48.00   21.00   20.00   24.00   11.07
 49   12.00   38.00    5.00    4.00    4.51
 50   15.00   56.00   22.00   26.40   17.44
 51   29.00   39.00   12.00    9.60   10.84
 52   54.00   38.00   19.00   22.80   31.02
 53   55.00   57.00   22.00   17.60   25.72
 54   67.00   41.00   16.00   19.20   33.57
 55   10.00   70.00    7.00    5.60   12.27
 56    6.00   25.00   26.00   31.20   28.22
 57   65.00   27.00   14.00   11.20   24.83
 58   40.00   60.00   21.00   25.20   19.66
 59   70.00   64.00   24.00   19.20   22.13
 60   64.00    4.00   13.00   15.60   16.19
 61   36.00    6.00   15.00   12.00   24.65
 62   30.00   20.00   18.00   21.60   31.04
 63   20.00   30.00   11.00    8.80   13.68
 64   15.00    5.00   28.00   33.60   31.72
 65   50.00   70.00    9.00    7.20    2.35
 66   57.00   72.00   37.00   44.40   16.18
 67   45.00   42.00   30.00   24.00   23.39
 68   38.00   33.00   10.00   12.00    5.19
 69   50.00    4.00    8.00    6.40    2.56
 70   66.00    8.00   11.00   13.20   12.28
 71   59.00    5.00    3.00    2.40    1.88
 72   35.00   60.00    1.00    1.20    0.78
 73   27.00   24.00    6.00    4.80    9.46
 74   40.00   20.00   10.00   12.00    1.55
 75   40.00   37.00   20.00   16.00   14.72
