75
  0   40.00   40.00    0.00    0.00    0.00
  1   22.00   22.00   18.00   14.40   19.45
  2   36.00   26.00   26.00   31.20   12.31
  3   21.00   45.00   11.00    8.80   12.98
  4   45.00   35.00   30.00   36.00   10.17
  5   55.00   20.00   21.00   16.80    7.69
  6   33.00   34.00   19.00   22.80   12.39
  7   50.00   50.00   15.00   12.00   13.92
  8   55.00   45.00   16.00   19.20   24.55
  9   26.00   59.00   29.00   23.20   30.59
 10   40.00   66.00   26.00   31.20   38.72
 11   55.00   65.00   37.00   29.60   42.99
 12   35.00   51.00   16.00   19.20    4.93
 13   62.00   35.00   12.00    9.60   11.12
 14   62.00   57.00   31.00   37.20   30.30
 15   62.00   24.00    8.00    6.40    3.96
 16   21.00   36.00   19.00   22.80   11.59
 17   33.00   44.00   20.00   16.00    6.87
 18    9.00   56.00   13.00   15.60   14.86
 19   62.00   48.00   15.00   12.00   12.15
 20   66.00   14.00   22.00   26.40   21.35
 21   44.00   13.00   28.00   22.40   34.21
 22   26.00   13.00   12.00   14.40   13.63
 23   11.00   28.00    6.00    4.80    7.37
 24    7.00   43.00   27.00   32.40   30.73
 25   17.00   64.00   14.00   11.20   15.68
 26   41.00   46.00   18.00   21.60    2.00
 27   55.00   34.00   17.00   13.60   10.15
 28   35.00   16.00   29.00   34.80   40.64
 29   52.00   26.00   13.00   10.40   14.50
 30   43.00   26.00   22.00   26.40   32.23
 31   31.00   76.00   25.00   20.00   16.29
 32   22.00   53.00   28.00   33.60   36.86
 33   26.00   29.00   27.00   21.60   17.84
 34   50.00   40.00   19.00   22.80    7.41
 35   55.00   50.00   10.00    8.00    3.52
 36   54.00   10.00   12.00   14.40   13.45
 37   60.00   15.00   14.00   11.20   11.94
 38   47.00   66.00   24.00   28.80   17.20
 39   30.00   60.00   16.00   12.80   11.28
 40   30.00   50.00   33.00   39.60    8.91
 41   12.00   17.00   15.00   12.00   16.25
 42   15.00   14.00   11.00   13.20    8.79
 43   16.00   19.00   18.00   14.40   15.45
 44   21.00   48.00   17.00   20.40   10.10
 45   50.00   30.00   21.00   16.80   11.91
 46   51.00   42.00   27.00   32.40   27.05
 47   50.00   15.00   19.00   15.20   13.70
 48   48.00   21.00   20.00   24.00    7.75
 49   12.00   38.00    5.00    4.00    3.33
 50   15.00   56.00   22.00   26.40   12.21
 51   29.00   39.00   12.00    9.60    7.99
 52   54.00   38.00   19.00   22.80   21.71
 53   55.00   57.00   22.00   17.60   18.52
 54   67.00   41.00   16.00   19.20   23.50
 55   10.00   70.00    7.00    5.60    8.60
 56    6.00   25.00   26.00   31.20   19.75
 57   65.00   27.00   14.00   11.20   17.39
 58   40.00   60.00   21.00   25.20   13.76
 59   70.00   64.00   24.00   19.20   16.28
 60   64.00    4.00   13.00   15.60   11.33
 61   36.00    6.00   15.00   12.00   17.34
 62   30.00   20.00   18.00   21.60   21.73
 63   20.00   30.00   11.00    8.80    9.80
 64   15.00    5.00   28.00   33.60   22.21
 65   50.00   70.00    9.00    7.20    2.17
 66   57.00   72.00   37.00   44.40   11.33
 67   45.00   42.00   30.00   24.00   17.52
 68   38.00   33.00   10.00   12.00    3.63
 69   50.00    4.00    8.00    6.40    2.24
 70   66.00    8.00   11.00   13.20    8.60
 71   59.00    5.00    3.00    2.40    1.45
 72   35.00   60.00    1.00    1.20    0.55
 73   27.00   24.00    6.00    4.80    6.67
 74   40.00   20.00   10.00   12.00    1.09
 75   40.00   37.00   20.00   16.00   11.10
