100 
  0      35      35        0.00        0.00         0.00 
  1      41      49       10.00       10.00         0.00 
  2      35      17        7.00        7.00         0.00 
  3      55      45       13.00       10.40        43.33 
  4      55      20       19.00       15.20        35.21 
  5      15      30       26.00       26.00         0.00 
  6      25      30        3.00        3.00         0.00 
  7      20      50        5.00        4.00        12.58 
  8      10      43        9.00        7.20        17.07 
  9      55      60       16.00       12.80         3.66 
 10      30      60       16.00       19.20        57.46 
 11      20      65       12.00        9.60        35.94 
 12      50      35       19.00       19.00         0.00 
 13      30      25       23.00       23.00         0.00 
 14      15      10       20.00       24.00        64.52 
 15      30       5        8.00        6.40         9.61 
 16      10      20       19.00       22.80        18.28 
 17       5      30        2.00        2.40         3.43 
 18      20      40       12.00       12.00         0.00 
 19      15      60       17.00       13.60        48.45 
 20      45      65        9.00        7.20        13.14 
 21      45      20       11.00       11.00         0.00 
 22      45      10       18.00       21.60        49.30 
 23      55       5       29.00       34.80       109.32 
 24      65      35        3.00        3.60         7.37 
 25      65      20        6.00        7.20        28.42 
 26      45      30       17.00       17.00         0.00 
 27      35      40       16.00       16.00         0.00 
 28      41      37       16.00       16.00         0.00 
 29      64      42        9.00        7.20         4.34 
 30      40      60       21.00       16.80        52.02 
 31      31      52       27.00       27.00         0.00 
 32      35      69       23.00       27.60        95.05 
 33      53      52       11.00       13.20        19.18 
 34      65      55       14.00       11.20        30.60 
 35      63      65        8.00        9.60        23.88 
 36       2      60        5.00        4.00        17.50 
 37      20      20        8.00        9.60        18.02 
 38       5       5       16.00       19.20        13.57 
 39      60      12       31.00       24.80        41.58 
 40      40      25        9.00        9.00         0.00 
 41      42       7        5.00        4.00         1.72 
 42      24      12        5.00        6.00        23.08 
 43      23       3        7.00        5.60         7.90 
 44      11      14       18.00       21.60        49.79 
 45       6      38       16.00       12.80        25.00 
 46       2      48        1.00        0.80         0.57 
 47       8      56       27.00       32.40        22.19 
 48      13      52       36.00       43.20        89.73 
 49       6      68       30.00       36.00        20.97 
 50      47      47       13.00       13.00         0.00 
 51      49      58       10.00        8.00        35.92 
 52      27      43        9.00        9.00         0.00 
 53      37      31       14.00       14.00         0.00 
 54      57      29       18.00       14.40        45.64 
 55      63      23        2.00        1.60         6.87 
 56      53      12        6.00        7.20         6.85 
 57      32      12        7.00        5.60        10.52 
 58      36      26       18.00       18.00         0.00 
 59      21      24       28.00       28.00         0.00 
 60      17      34        3.00        3.00         0.00 
 61      12      24       13.00       10.40        50.06 
 62      24      58       19.00       22.80        45.37 
 63      27      69       10.00        8.00        38.55 
 64      15      77        9.00        7.20        21.46 
 65      62      77       25.20        0.00        47.69 
 66      49      73       25.00       20.00        93.38 
 67      67       5       25.00       20.00        65.36 
 68      56      39       36.00       43.20        30.55 
 69      37      47        6.00        6.00         0.00 
 70      37      56        5.00        6.00         7.44 
 71      57      68       15.00       18.00        16.11 
 72      47      16       25.00       30.00        62.77 
 73      44      17        9.00        9.00         0.00 
 74      46      13        8.00        6.40        14.82 
 75      49      11       18.00       14.40        47.73 
 76      49      42       13.00       13.00         0.00 
 77      53      43       14.00       14.00         0.00 
 78      61      52        3.00        3.60         1.02 
 79      57      48       23.00       18.40        89.64 
 80      56      37        6.00        4.80         4.44 
 81      55      54       26.00       31.20        98.65 
 82      15      47       16.00       19.20        50.38 
 83      14      37       11.00       13.20        38.76 
 84      11      31        7.00        8.40         8.52 
 85      16      22       41.00       49.20        76.57 
 86       4      18       35.00       42.00        41.94 
 87      28      18       26.00       26.00         0.00 
 88      26      52        9.00        9.00         0.00 
 89      26      35       15.00       15.00         0.00 
 90      31      67        3.00        3.60         1.56 
 91      15      19        1.00        1.20         2.06 
 92      22      22        2.00        2.00         0.00 
 93      18      24       22.00       22.00         0.00 
 94      26      27       27.00       27.00         0.00 
 95      25      24       20.00       20.00         0.00 
 96      22      27       11.00       11.00         0.00 
 97      25      21       12.00       12.00         0.00 
 98      19      21       10.00        8.00        19.92 
 99      20      26        9.00        9.00         0.00 
100      18      18       17.00       13.60        34.82 
