100 
  0      35      35        0.00        0.00         0.00 
  1      41      49       10.00       12.00         3.67 
  2      35      17        7.00        8.40         6.83 
  3      55      45       13.00       10.40        19.93 
  4      55      20       19.00       15.20        17.17 
  5      15      30       26.00       31.20        14.92 
  6      25      30        3.00        3.60         1.68 
  7      20      50        5.00        4.00         5.93 
  8      10      43        9.00        7.20         8.30 
  9      55      60       16.00       12.80         3.66 
 10      30      60       16.00       19.20        26.12 
 11      20      65       12.00        9.60        35.94 
 12      50      35       19.00       22.80        15.92 
 13      30      25       23.00       27.60        20.85 
 14      15      10       20.00       16.00        54.12 
 15      30       5        8.00        6.40         9.61 
 16      10      20       19.00       22.80         8.31 
 17       5      30        2.00        1.60         3.06 
 18      20      40       12.00       14.40        11.75 
 19      15      60       17.00       13.60        48.45 
 20      45      65        9.00        7.20        13.14 
 21      45      20       11.00       13.20        12.60 
 22      45      10       18.00       21.60        22.41 
 23      55       5       29.00       23.20        90.73 
 24      65      35        3.00        2.40         6.33 
 25      65      20        6.00        4.80        23.28 
 26      45      30       17.00       20.40        22.36 
 27      35      40       16.00       19.20         6.49 
 28      41      37       16.00       19.20        19.53 
 29      64      42        9.00        7.20         4.34 
 30      40      60       21.00       16.80        24.55 
 31      31      52       27.00       32.40        34.36 
 32      35      69       23.00       18.40        78.44 
 33      53      52       11.00       13.20         8.72 
 34      65      55       14.00       11.20        30.60 
 35      63      65        8.00        6.40        20.15 
 36       2      60        5.00        4.00        17.50 
 37      20      20        8.00        9.60         8.19 
 38       5       5       16.00       12.80        13.74 
 39      60      12       31.00       24.80        41.58 
 40      40      25        9.00       10.80         9.58 
 41      42       7        5.00        4.00         1.31 
 42      24      12        5.00        6.00        10.49 
 43      23       3        7.00        5.60         7.90 
 44      11      14       18.00       14.40        42.28 
 45       6      38       16.00       12.80        12.48 
 46       2      48        1.00        0.80         0.57 
 47       8      56       27.00       21.60        22.64 
 48      13      52       36.00       43.20        40.79 
 49       6      68       30.00       24.00        22.29 
 50      47      47       13.00       15.60         9.88 
 51      49      58       10.00        8.00        16.43 
 52      27      43        9.00       10.80        11.49 
 53      37      31       14.00       16.80         5.68 
 54      57      29       18.00       14.40        21.49 
 55      63      23        2.00        1.60         6.87 
 56      53      12        6.00        4.80         6.52 
 57      32      12        7.00        5.60         5.28 
 58      36      26       18.00       21.60         3.73 
 59      21      24       28.00       33.60        35.84 
 60      17      34        3.00        3.60         0.29 
 61      12      24       13.00       10.40        22.79 
 62      24      58       19.00       22.80        20.62 
 63      27      69       10.00        8.00        38.55 
 64      15      77        9.00        7.20        21.46 
 65      62      77       20.00       16.00        59.94 
 66      49      73       25.00       20.00        93.38 
 67      67       5       25.00       20.00        65.36 
 68      56      39       36.00       43.20        13.89 
 69      37      47        6.00        7.20         1.59 
 70      37      56        5.00        6.00         2.78 
 71      57      68       15.00       12.00        15.51 
 72      47      16       25.00       30.00        28.53 
 73      44      17        9.00       10.80         5.06 
 74      46      13        8.00        6.40         7.22 
 75      49      11       18.00       14.40        22.38 
 76      49      42       13.00       15.60         2.32 
 77      53      43       14.00       16.80        17.58 
 78      61      52        3.00        2.40         1.40 
 79      57      48       23.00       18.40        40.79 
 80      56      37        6.00        4.80         2.58 
 81      55      54       26.00       31.20        44.84 
 82      15      47       16.00       19.20        22.90 
 83      14      37       11.00       13.20        17.62 
 84      11      31        7.00        8.40         3.87 
 85      16      22       41.00       49.20        34.81 
 86       4      18       35.00       28.00        39.58 
 87      28      18       26.00       31.20        12.85 
 88      26      52        9.00       10.80        10.26 
 89      26      35       15.00       18.00         4.36 
 90      31      67        3.00        2.40         1.81 
 91      15      19        1.00        1.20         0.94 
 92      22      22        2.00        2.40         2.40 
 93      18      24       22.00       26.40        24.82 
 94      26      27       27.00       32.40        32.34 
 95      25      24       20.00       24.00        18.09 
 96      22      27       11.00       13.20         5.75 
 97      25      21       12.00       14.40         9.98 
 98      19      21       10.00        8.00         9.63 
 99      20      26        9.00       10.80         8.76 
100      18      18       17.00       13.60        16.77 
