100
  0   35.00   35.00    0.00    0.00    0.00
  1   41.00   49.00   10.00    8.00   10.81
  2   35.00   17.00    7.00    8.40    3.31
  3   55.00   45.00   13.00   10.40   15.34
  4   55.00   20.00   19.00   22.80    6.44
  5   15.00   30.00   26.00   20.80    9.52
  6   25.00   30.00    3.00    3.60    1.96
  7   20.00   50.00    5.00    4.00    4.64
  8   10.00   43.00    9.00   10.80   13.81
  9   55.00   60.00   16.00   12.80   16.88
 10   30.00   60.00   16.00   19.20   23.83
 11   20.00   65.00   12.00    9.60   13.94
 12   50.00   35.00   19.00   22.80    5.86
 13   30.00   25.00   23.00   18.40   21.31
 14   15.00   10.00   20.00   24.00   19.55
 15   30.00    5.00    8.00    6.40    3.96
 16   10.00   20.00   19.00   22.80   11.59
 17    5.00   30.00    2.00    1.60    0.69
 18   20.00   40.00   12.00   14.40   13.71
 19   15.00   60.00   17.00   13.60   13.78
 20   45.00   65.00    9.00   10.80    8.73
 21   45.00   20.00   11.00    8.80   13.44
 22   45.00   10.00   18.00   21.60   20.44
 23   55.00    5.00   29.00   23.20   35.61
 24   65.00   35.00    3.00    3.60    3.41
 25   65.00   20.00    6.00    4.80    6.72
 26   45.00   30.00   17.00   20.40    1.89
 27   35.00   40.00   16.00   12.80    9.55
 28   41.00   37.00   16.00   19.20   22.42
 29   64.00   42.00    9.00    7.20   10.04
 30   40.00   60.00   21.00   25.20   30.77
 31   31.00   52.00   27.00   21.60   17.60
 32   35.00   69.00   23.00   27.60   30.28
 33   53.00   52.00   11.00    8.80    7.27
 34   65.00   55.00   14.00   16.80    5.46
 35   63.00   65.00    8.00    6.40    2.82
 36    2.00   60.00    5.00    6.00    5.61
 37   20.00   20.00    8.00    6.40    6.82
 38    5.00    5.00   16.00   19.20   11.47
 39   60.00   12.00   31.00   24.80   21.86
 40   40.00   25.00    9.00   10.80    2.43
 41   42.00    7.00    5.00    4.00    5.42
 42   24.00   12.00    5.00    6.00    3.99
 43   23.00    3.00    7.00    5.60    6.01
 44   11.00   14.00   18.00   21.60   10.70
 45    6.00   38.00   16.00   12.80    9.08
 46    2.00   48.00    1.00    1.20    1.00
 47    8.00   56.00   27.00   21.60   19.47
 48   13.00   52.00   36.00   43.20   13.95
 49    6.00   68.00   30.00   24.00   19.97
 50   47.00   47.00   13.00   15.60    7.21
 51   49.00   58.00   10.00    8.00    6.66
 52   27.00   43.00    9.00   10.80   10.28
 53   37.00   31.00   14.00   11.20   11.79
 54   57.00   29.00   18.00   21.60   26.44
 55   63.00   23.00    2.00    1.60    2.46
 56   53.00   12.00    6.00    7.20    4.56
 57   32.00   12.00    7.00    5.60    8.70
 58   36.00   26.00   18.00   21.60   11.79
 59   21.00   24.00   28.00   22.40   18.99
 60   17.00   34.00    3.00    3.60    2.61
 61   12.00   24.00   13.00   10.40   15.03
 62   24.00   58.00   19.00   22.80   22.94
 63   27.00   69.00   10.00    8.00    8.91
 64   15.00   77.00    9.00   10.80    7.14
 65   62.00   77.00   20.00   16.00    4.81
 66   49.00   73.00   25.00   30.00    7.65
 67   67.00    5.00   25.00   20.00   14.60
 68   56.00   39.00   36.00   43.20   13.08
 69   37.00   47.00    6.00    4.80    1.68
 70   37.00   56.00    5.00    6.00    3.91
 71   57.00   68.00   15.00   12.00    7.24
 72   47.00   16.00   25.00   30.00   13.64
 73   44.00   17.00    9.00    7.20   10.01
 74   46.00   13.00    8.00    9.60    0.87
 75   49.00   11.00   18.00   14.40    9.99
 76   49.00   42.00   13.00   15.60   11.44
 77   53.00   43.00   14.00   11.20    2.91
 78   61.00   52.00    3.00    3.60    3.08
 79   57.00   48.00   23.00   18.40   21.78
 80   56.00   37.00    6.00    7.20    0.99
 81   55.00   54.00   26.00   20.80   25.69
 82   15.00   47.00   16.00   19.20   24.11
 83   14.00   37.00   11.00    8.80    5.74
 84   11.00   31.00    7.00    8.40    9.20
 85   16.00   22.00   41.00   32.80   18.94
 86    4.00   18.00   35.00   42.00    9.15
 87   28.00   18.00   26.00   20.80   31.99
 88   26.00   52.00    9.00   10.80    3.43
 89   26.00   35.00   15.00   12.00    4.57
 90   31.00   67.00    3.00    3.60    3.60
 91   15.00   19.00    1.00    0.80    0.76
 92   22.00   22.00    2.00    2.40    0.68
 93   18.00   24.00   22.00   17.60   26.33
 94   26.00   27.00   27.00   32.40   25.64
 95   25.00   24.00   20.00   16.00   22.61
 96   22.00   27.00   11.00   13.20    2.97
 97   25.00   21.00   12.00    9.60   10.57
 98   19.00   21.00   10.00   12.00    2.22
 99   20.00   26.00    9.00    7.20    7.34
100   18.00   18.00   17.00   20.40   19.47
