100
  0   35.00   35.00    0.00    0.00    0.00
  1   41.00   49.00   10.00    8.00   33.24
  2   35.00   17.00    7.00    8.40   10.42
  3   55.00   45.00   13.00   10.40   47.80
  4   55.00   20.00   19.00   22.80   20.24
  5   15.00   30.00   26.00   20.80   20.53
  6   25.00   30.00    3.00    3.60    6.15
  7   20.00   50.00    5.00    4.00   13.91
  8   10.00   43.00    9.00   10.80   43.41
  9   55.00   60.00   16.00   12.80   51.71
 10   30.00   60.00   16.00   19.20   74.88
 11   20.00   65.00   12.00    9.60   43.34
 12   50.00   35.00   19.00   22.80   18.42
 13   30.00   25.00   23.00   18.40   63.87
 14   15.00   10.00   20.00   24.00   61.43
 15   30.00    5.00    8.00    6.40    9.97
 16   10.00   20.00   19.00   22.80   36.41
 17    5.00   30.00    2.00    1.60    1.42
 18   20.00   40.00   12.00   14.40   43.10
 19   15.00   60.00   17.00   13.60   40.20
 20   45.00   65.00    9.00   10.80   27.45
 21   45.00   20.00   11.00    8.80   42.08
 22   45.00   10.00   18.00   21.60   64.25
 23   55.00    5.00   29.00   23.20  111.54
 24   65.00   35.00    3.00    3.60   10.73
 25   65.00   20.00    6.00    4.80   20.78
 26   45.00   30.00   17.00   20.40    5.93
 27   35.00   40.00   16.00   12.80   25.72
 28   41.00   37.00   16.00   19.20   70.47
 29   64.00   42.00    9.00    7.20   31.03
 30   40.00   60.00   21.00   25.20   96.69
 31   31.00   52.00   27.00   21.60   48.67
 32   35.00   69.00   23.00   27.60   95.16
 33   53.00   52.00   11.00    8.80   20.18
 34   65.00   55.00   14.00   16.80   17.15
 35   63.00   65.00    8.00    6.40    5.92
 36    2.00   60.00    5.00    6.00   17.62
 37   20.00   20.00    8.00    6.40   20.13
 38    5.00    5.00   16.00   19.20   36.05
 39   60.00   12.00   31.00   24.80   61.75
 40   40.00   25.00    9.00   10.80    7.64
 41   42.00    7.00    5.00    4.00   16.67
 42   24.00   12.00    5.00    6.00   12.55
 43   23.00    3.00    7.00    5.60   17.75
 44   11.00   14.00   18.00   21.60   33.62
 45    6.00   38.00   16.00   12.80   24.05
 46    2.00   48.00    1.00    1.20    3.15
 47    8.00   56.00   27.00   21.60   55.30
 48   13.00   52.00   36.00   43.20   43.84
 49    6.00   68.00   30.00   24.00   55.56
 50   47.00   47.00   13.00   15.60   22.67
 51   49.00   58.00   10.00    8.00   18.53
 52   27.00   43.00    9.00   10.80   32.32
 53   37.00   31.00   14.00   11.20   34.68
 54   57.00   29.00   18.00   21.60   83.08
 55   63.00   23.00    2.00    1.60    7.70
 56   53.00   12.00    6.00    7.20   14.33
 57   32.00   12.00    7.00    5.60   27.28
 58   36.00   26.00   18.00   21.60   37.06
 59   21.00   24.00   28.00   22.40   53.11
 60   17.00   34.00    3.00    3.60    8.22
 61   12.00   24.00   13.00   10.40   46.69
 62   24.00   58.00   19.00   22.80   72.09
 63   27.00   69.00   10.00    8.00   26.52
 64   15.00   77.00    9.00   10.80   22.43
 65   62.00   77.00   20.00   16.00    6.89
 66   49.00   73.00   25.00   30.00   24.05
 67   67.00    5.00   25.00   20.00   39.06
 68   56.00   39.00   36.00   43.20   41.11
 69   37.00   47.00    6.00    4.80    2.89
 70   37.00   56.00    5.00    6.00   12.28
 71   57.00   68.00   15.00   12.00   18.03
 72   47.00   16.00   25.00   30.00   42.85
 73   44.00   17.00    9.00    7.20   30.91
 74   46.00   13.00    8.00    9.60    2.73
 75   49.00   11.00   18.00   14.40   26.27
 76   49.00   42.00   13.00   15.60   35.96
 77   53.00   43.00   14.00   11.20    3.21
 78   61.00   52.00    3.00    3.60    9.68
 79   57.00   48.00   23.00   18.40   65.55
 80   56.00   37.00    6.00    7.20    3.11
 81   55.00   54.00   26.00   20.80   77.87
 82   15.00   47.00   16.00   19.20   75.78
 83   14.00   37.00   11.00    8.80   14.75
 84   11.00   31.00    7.00    8.40   28.93
 85   16.00   22.00   41.00   32.80   46.29
 86    4.00   18.00   35.00   42.00   28.77
 87   28.00   18.00   26.00   20.80  100.23
 88   26.00   52.00    9.00   10.80   10.78
 89   26.00   35.00   15.00   12.00    8.57
 90   31.00   67.00    3.00    3.60   11.31
 91   15.00   19.00    1.00    0.80    2.19
 92   22.00   22.00    2.00    2.40    2.15
 93   18.00   24.00   22.00   17.60   82.18
 94   26.00   27.00   27.00   32.40   80.58
 95   25.00   24.00   20.00   16.00   70.01
 96   22.00   27.00   11.00   13.20    9.33
 97   25.00   21.00   12.00    9.60   31.37
 98   19.00   21.00   10.00   12.00    6.99
 99   20.00   26.00    9.00    7.20   21.46
100   18.00   18.00   17.00   20.40   61.21
