100
  0   35.00   35.00    0.00    0.00    0.00
  1   41.00   49.00   10.00    8.00   15.29
  2   35.00   17.00    7.00    8.40    4.74
  3   55.00   45.00   13.00   10.40   21.83
  4   55.00   20.00   19.00   22.80    9.20
  5   15.00   30.00   26.00   20.80   11.72
  6   25.00   30.00    3.00    3.60    2.79
  7   20.00   50.00    5.00    4.00    6.49
  8   10.00   43.00    9.00   10.80   19.73
  9   55.00   60.00   16.00   12.80   23.84
 10   30.00   60.00   16.00   19.20   34.04
 11   20.00   65.00   12.00    9.60   19.82
 12   50.00   35.00   19.00   22.80    8.37
 13   30.00   25.00   23.00   18.40   29.82
 14   15.00   10.00   20.00   24.00   27.92
 15   30.00    5.00    8.00    6.40    5.16
 16   10.00   20.00   19.00   22.80   16.55
 17    5.00   30.00    2.00    1.60    0.83
 18   20.00   40.00   12.00   14.40   19.59
 19   15.00   60.00   17.00   13.60   19.06
 20   45.00   65.00    9.00   10.80   12.48
 21   45.00   20.00   11.00    8.80   19.17
 22   45.00   10.00   18.00   21.60   29.20
 23   55.00    5.00   29.00   23.20   50.79
 24   65.00   35.00    3.00    3.60    4.88
 25   65.00   20.00    6.00    4.80    9.53
 26   45.00   30.00   17.00   20.40    2.69
 27   35.00   40.00   16.00   12.80   12.78
 28   41.00   37.00   16.00   19.20   32.03
 29   64.00   42.00    9.00    7.20   14.24
 30   40.00   60.00   21.00   25.20   43.95
 31   31.00   52.00   27.00   21.60   23.81
 32   35.00   69.00   23.00   27.60   43.25
 33   53.00   52.00   11.00    8.80    9.85
 34   65.00   55.00   14.00   16.80    7.80
 35   63.00   65.00    8.00    6.40    3.44
 36    2.00   60.00    5.00    6.00    8.01
 37   20.00   20.00    8.00    6.40    9.48
 38    5.00    5.00   16.00   19.20   16.39
 39   60.00   12.00   31.00   24.80   29.84
 40   40.00   25.00    9.00   10.80    3.47
 41   42.00    7.00    5.00    4.00    7.67
 42   24.00   12.00    5.00    6.00    5.71
 43   23.00    3.00    7.00    5.60    8.36
 44   11.00   14.00   18.00   21.60   15.28
 45    6.00   38.00   16.00   12.80   12.07
 46    2.00   48.00    1.00    1.20    1.43
 47    8.00   56.00   27.00   21.60   26.63
 48   13.00   52.00   36.00   43.20   19.93
 49    6.00   68.00   30.00   24.00   27.09
 50   47.00   47.00   13.00   15.60   10.31
 51   49.00   58.00   10.00    8.00    9.03
 52   27.00   43.00    9.00   10.80   14.69
 53   37.00   31.00   14.00   11.20   16.37
 54   57.00   29.00   18.00   21.60   37.76
 55   63.00   23.00    2.00    1.60    3.51
 56   53.00   12.00    6.00    7.20    6.51
 57   32.00   12.00    7.00    5.60   12.41
 58   36.00   26.00   18.00   21.60   16.85
 59   21.00   24.00   28.00   22.40   25.82
 60   17.00   34.00    3.00    3.60    3.74
 61   12.00   24.00   13.00   10.40   21.36
 62   24.00   58.00   19.00   22.80   32.77
 63   27.00   69.00   10.00    8.00   12.43
 64   15.00   77.00    9.00   10.80   10.20
 65   62.00   77.00   20.00   16.00    5.23
 66   49.00   73.00   25.00   30.00   10.93
 67   67.00    5.00   25.00   20.00   19.49
 68   56.00   39.00   36.00   43.20   18.69
 69   37.00   47.00    6.00    4.80    1.92
 70   37.00   56.00    5.00    6.00    5.58
 71   57.00   68.00   15.00   12.00    9.39
 72   47.00   16.00   25.00   30.00   19.48
 73   44.00   17.00    9.00    7.20   14.19
 74   46.00   13.00    8.00    9.60    1.24
 75   49.00   11.00   18.00   14.40   13.25
 76   49.00   42.00   13.00   15.60   16.34
 77   53.00   43.00   14.00   11.20    2.97
 78   61.00   52.00    3.00    3.60    4.40
 79   57.00   48.00   23.00   18.40   30.54
 80   56.00   37.00    6.00    7.20    1.42
 81   55.00   54.00   26.00   20.80   36.12
 82   15.00   47.00   16.00   19.20   34.44
 83   14.00   37.00   11.00    8.80    7.54
 84   11.00   31.00    7.00    8.40   13.15
 85   16.00   22.00   41.00   32.80   24.41
 86    4.00   18.00   35.00   42.00   13.08
 87   28.00   18.00   26.00   20.80   45.64
 88   26.00   52.00    9.00   10.80    4.90
 89   26.00   35.00   15.00   12.00    5.37
 90   31.00   67.00    3.00    3.60    5.14
 91   15.00   19.00    1.00    0.80    1.05
 92   22.00   22.00    2.00    2.40    0.98
 93   18.00   24.00   22.00   17.60   37.50
 94   26.00   27.00   27.00   32.40   36.63
 95   25.00   24.00   20.00   16.00   32.09
 96   22.00   27.00   11.00   13.20    4.24
 97   25.00   21.00   12.00    9.60   14.73
 98   19.00   21.00   10.00   12.00    3.18
 99   20.00   26.00    9.00    7.20   10.17
100   18.00   18.00   17.00   20.40   27.82
