100
  0   35.00   35.00    0.00    0.00    0.00
  1   41.00   49.00   10.00    8.00    9.31
  2   35.00   17.00    7.00    8.40    2.84
  3   55.00   45.00   13.00   10.40   13.18
  4   55.00   20.00   19.00   22.80    5.52
  5   15.00   30.00   26.00   20.80    8.79
  6   25.00   30.00    3.00    3.60    1.68
  7   20.00   50.00    5.00    4.00    4.02
  8   10.00   43.00    9.00   10.80   11.84
  9   55.00   60.00   16.00   12.80   14.55
 10   30.00   60.00   16.00   19.20   20.42
 11   20.00   65.00   12.00    9.60   11.98
 12   50.00   35.00   19.00   22.80    5.02
 13   30.00   25.00   23.00   18.40   18.47
 14   15.00   10.00   20.00   24.00   16.75
 15   30.00    5.00    8.00    6.40    3.56
 16   10.00   20.00   19.00   22.80    9.93
 17    5.00   30.00    2.00    1.60    0.64
 18   20.00   40.00   12.00   14.40   11.75
 19   15.00   60.00   17.00   13.60   12.01
 20   45.00   65.00    9.00   10.80    7.49
 21   45.00   20.00   11.00    8.80   11.53
 22   45.00   10.00   18.00   21.60   17.52
 23   55.00    5.00   29.00   23.20   30.55
 24   65.00   35.00    3.00    3.60    2.93
 25   65.00   20.00    6.00    4.80    5.78
 26   45.00   30.00   17.00   20.40    1.62
 27   35.00   40.00   16.00   12.80    8.47
 28   41.00   37.00   16.00   19.20   19.22
 29   64.00   42.00    9.00    7.20    8.64
 30   40.00   60.00   21.00   25.20   26.37
 31   31.00   52.00   27.00   21.60   15.53
 32   35.00   69.00   23.00   27.60   25.95
 33   53.00   52.00   11.00    8.80    6.41
 34   65.00   55.00   14.00   16.80    4.68
 35   63.00   65.00    8.00    6.40    2.61
 36    2.00   60.00    5.00    6.00    4.80
 37   20.00   20.00    8.00    6.40    5.94
 38    5.00    5.00   16.00   19.20    9.83
 39   60.00   12.00   31.00   24.80   19.20
 40   40.00   25.00    9.00   10.80    2.08
 41   42.00    7.00    5.00    4.00    4.67
 42   24.00   12.00    5.00    6.00    3.42
 43   23.00    3.00    7.00    5.60    5.23
 44   11.00   14.00   18.00   21.60    9.17
 45    6.00   38.00   16.00   12.80    8.08
 46    2.00   48.00    1.00    1.20    0.86
 47    8.00   56.00   27.00   21.60   17.08
 48   13.00   52.00   36.00   43.20   11.96
 49    6.00   68.00   30.00   24.00   17.60
 50   47.00   47.00   13.00   15.60    6.18
 51   49.00   58.00   10.00    8.00    5.87
 52   27.00   43.00    9.00   10.80    8.81
 53   37.00   31.00   14.00   11.20   10.26
 54   57.00   29.00   18.00   21.60   22.66
 55   63.00   23.00    2.00    1.60    2.11
 56   53.00   12.00    6.00    7.20    3.91
 57   32.00   12.00    7.00    5.60    7.46
 58   36.00   26.00   18.00   21.60   10.11
 59   21.00   24.00   28.00   22.40   16.72
 60   17.00   34.00    3.00    3.60    2.24
 61   12.00   24.00   13.00   10.40   12.92
 62   24.00   58.00   19.00   22.80   19.66
 63   27.00   69.00   10.00    8.00    7.74
 64   15.00   77.00    9.00   10.80    6.12
 65   62.00   77.00   20.00   16.00    4.68
 66   49.00   73.00   25.00   30.00    6.56
 67   67.00    5.00   25.00   20.00   12.97
 68   56.00   39.00   36.00   43.20   11.21
 69   37.00   47.00    6.00    4.80    1.60
 70   37.00   56.00    5.00    6.00    3.35
 71   57.00   68.00   15.00   12.00    6.52
 72   47.00   16.00   25.00   30.00   11.69
 73   44.00   17.00    9.00    7.20    8.61
 74   46.00   13.00    8.00    9.60    0.75
 75   49.00   11.00   18.00   14.40    8.91
 76   49.00   42.00   13.00   15.60    9.81
 77   53.00   43.00   14.00   11.20    2.89
 78   61.00   52.00    3.00    3.60    2.64
 79   57.00   48.00   23.00   18.40   18.86
 80   56.00   37.00    6.00    7.20    0.85
 81   55.00   54.00   26.00   20.80   22.21
 82   15.00   47.00   16.00   19.20   20.67
 83   14.00   37.00   11.00    8.80    5.14
 84   11.00   31.00    7.00    8.40    7.89
 85   16.00   22.00   41.00   32.80   17.11
 86    4.00   18.00   35.00   42.00    7.85
 87   28.00   18.00   26.00   20.80   27.44
 88   26.00   52.00    9.00   10.80    2.94
 89   26.00   35.00   15.00   12.00    4.30
 90   31.00   67.00    3.00    3.60    3.08
 91   15.00   19.00    1.00    0.80    0.66
 92   22.00   22.00    2.00    2.40    0.59
 93   18.00   24.00   22.00   17.60   22.60
 94   26.00   27.00   27.00   32.40   21.98
 95   25.00   24.00   20.00   16.00   19.45
 96   22.00   27.00   11.00   13.20    2.54
 97   25.00   21.00   12.00    9.60    9.18
 98   19.00   21.00   10.00   12.00    1.91
 99   20.00   26.00    9.00    7.20    6.40
100   18.00   18.00   17.00   20.40   16.69
