100 
  0      40      50        0.00        0.00         0.00 
  1      45      68       10.00       12.00        11.45 
  2      45      70       30.00       24.00        12.89 
  3      42      66       10.00       12.00         3.67 
  4      42      68       10.00       12.00        12.80 
  5      42      65       10.00       12.00        10.64 
  6      40      69       20.00       24.00         9.88 
  7      40      66       20.00       24.00        16.75 
  8      38      68       20.00       24.00        19.51 
  9      38      70       10.00       12.00         5.74 
 10      35      66       10.00       12.00         9.80 
 11      35      69       10.00       12.00        12.56 
 12      25      85       20.00       16.00         9.31 
 13      22      75       30.00       24.00        52.60 
 14      22      85       10.00        8.00        28.50 
 15      20      80       40.00       32.00        48.07 
 16      20      85       40.00       32.00       119.80 
 17      18      75       20.00       16.00        32.86 
 18      15      75       20.00       16.00        21.74 
 19      15      80       10.00        8.00         2.29 
 20      30      50       10.00       12.00         4.06 
 21      30      52       20.00       24.00         8.12 
 22      28      52       20.00       24.00        24.41 
 23      28      55       10.00       12.00         5.59 
 24      25      50       10.00       12.00        13.15 
 25      25      52       40.00       48.00        51.05 
 26      25      55       10.00       12.00        11.98 
 27      23      52       10.00       12.00         7.60 
 28      23      55       20.00       24.00        16.64 
 29      20      50       10.00       12.00        11.28 
 30      20      55       10.00       12.00        16.02 
 31      10      35       20.00       16.00        24.86 
 32      10      40       30.00       36.00        28.08 
 33       8      40       40.00       48.00        68.99 
 34       8      45       20.00       16.00        18.44 
 35       5      35       10.00        8.00        14.60 
 36       5      45       10.00        8.00         4.82 
 37       2      40       20.00       16.00        54.12 
 38       0      40       30.00       24.00        33.87 
 39       0      45       20.00       16.00        77.59 
 40      35      30       10.00        8.00        11.86 
 41      35      32       10.00       12.00         0.95 
 42      33      32       20.00       24.00        22.80 
 43      33      35       10.00       12.00         5.23 
 44      32      30       10.00        8.00        15.33 
 45      30      30       10.00        8.00        11.94 
 46      30      32       30.00       36.00        16.71 
 47      30      35       10.00       12.00        12.73 
 48      28      30       10.00        8.00         9.86 
 49      28      35       10.00       12.00        12.01 
 50      26      32       10.00       12.00        14.31 
 51      25      30       10.00       12.00         7.93 
 52      25      35       10.00       12.00         3.86 
 53      44       5       20.00       16.00        62.57 
 54      42      10       40.00       32.00        24.13 
 55      42      15       10.00       12.00         4.37 
 56      40       5       30.00       24.00        33.93 
 57      40      15       40.00       32.00        10.46 
 58      38       5       30.00       24.00        17.15 
 59      38      15       10.00        8.00         7.80 
 60      35       5       20.00       16.00        43.72 
 61      50      30       10.00       12.00         8.49 
 62      50      35       20.00       24.00        19.47 
 63      50      40       50.00       60.00        45.33 
 64      48      30       10.00       12.00        11.41 
 65      48      40       10.00       12.00         2.07 
 66      47      35       10.00       12.00         1.79 
 67      47      40       10.00       12.00         2.91 
 68      45      30       10.00       12.00        10.24 
 69      45      35       10.00       12.00         2.64 
 70      95      30       30.00       24.00        89.91 
 71      95      35       20.00       16.00        47.70 
 72      53      30       10.00       12.00         5.54 
 73      92      30       10.00        8.00         7.43 
 74      53      35       50.00       60.00        28.13 
 75      45      65       20.00       24.00        18.09 
 76      90      35       10.00        8.00        26.14 
 77      88      30       10.00        8.00         8.59 
 78      88      35       20.00       16.00        74.71 
 79      87      30       10.00        8.00        25.18 
 80      85      25       10.00        8.00        35.01 
 81      85      35       30.00       24.00        31.03 
 82      75      55       20.00       16.00        42.17 
 83      72      55       10.00       12.00        12.45 
 84      70      58       20.00       16.00        35.47 
 85      68      60       30.00       36.00        62.94 
 86      66      55       10.00       12.00        16.32 
 87      65      55       20.00       16.00        18.07 
 88      65      60       30.00       24.00        35.07 
 89      63      58       10.00        8.00         9.03 
 90      60      55       10.00        8.00         9.63 
 91      60      60       10.00        8.00         7.54 
 92      67      85       20.00       16.00        77.10 
 93      65      85       40.00       32.00        33.54 
 94      65      82       10.00        8.00        34.11 
 95      62      80       30.00       24.00       103.03 
 96      60      80       10.00        8.00        15.32 
 97      60      85       30.00       24.00        40.24 
 98      58      75       20.00       24.00        21.71 
 99      55      80       10.00       12.00        11.33 
100      55      85       20.00       16.00        46.98 
