100 
  0      40      50        0.00        0.00         0.00 
  1      45      68       10.00       10.00         0.00 
  2      45      70       30.00       24.00        22.19 
  3      42      66       10.00       10.00         0.00 
  4      42      68       10.00       10.00         0.00 
  5      42      65       10.00       10.00         0.00 
  6      40      69       20.00       20.00         0.00 
  7      40      66       20.00       20.00         0.00 
  8      38      68       20.00       20.00         0.00 
  9      38      70       10.00       10.00         0.00 
 10      35      66       10.00       10.00         0.00 
 11      35      69       10.00       10.00         0.00 
 12      25      85       20.00       24.00         6.83 
 13      22      75       30.00       24.00       115.52 
 14      22      85       10.00        8.00        28.50 
 15      20      80       40.00       32.00        48.07 
 16      20      85       40.00       32.00       119.80 
 17      18      75       20.00       16.00        71.83 
 18      15      75       20.00       24.00        22.84 
 19      15      80       10.00        8.00         2.29 
 20      30      50       10.00       10.00         0.00 
 21      30      52       20.00       20.00         0.00 
 22      28      52       20.00       20.00         0.00 
 23      28      55       10.00       10.00         0.00 
 24      25      50       10.00       10.00         0.00 
 25      25      52       40.00       40.00         0.00 
 26      25      55       10.00       10.00         0.00 
 27      23      52       10.00       10.00         0.00 
 28      23      55       20.00       20.00         0.00 
 29      20      50       10.00       10.00         0.00 
 30      20      55       10.00       12.00        35.24 
 31      10      35       20.00       16.00        53.03 
 32      10      40       30.00       36.00        61.77 
 33       8      40       40.00       48.00       151.78 
 34       8      45       20.00       16.00        37.93 
 35       5      35       10.00        8.00        14.60 
 36       5      45       10.00        8.00         4.82 
 37       2      40       20.00       24.00        64.52 
 38       0      40       30.00       24.00        33.87 
 39       0      45       20.00       24.00        94.72 
 40      35      30       10.00        8.00        25.16 
 41      35      32       10.00       10.00         0.00 
 42      33      32       20.00       20.00         0.00 
 43      33      35       10.00       10.00         0.00 
 44      32      30       10.00        8.00        33.33 
 45      30      30       10.00        8.00        25.36 
 46      30      32       30.00       36.00        44.65 
 47      30      35       10.00       10.00         0.00 
 48      28      30       10.00        8.00        20.48 
 49      28      35       10.00       10.00         0.00 
 50      26      32       10.00       12.00        31.49 
 51      25      30       10.00       12.00        17.44 
 52      25      35       10.00       12.00         8.49 
 53      44       5       20.00       24.00        75.39 
 54      42      10       40.00       48.00        20.76 
 55      42      15       10.00       12.00         9.62 
 56      40       5       30.00       36.00        35.95 
 57      40      15       40.00       32.00        13.78 
 58      38       5       30.00       24.00        17.15 
 59      38      15       10.00        8.00        15.62 
 60      35       5       20.00       16.00        43.72 
 61      50      30       10.00       12.00        18.68 
 62      50      35       20.00       20.00         0.00 
 63      50      40       50.00       50.00         0.00 
 64      48      30       10.00       12.00        25.11 
 65      48      40       10.00       10.00         0.00 
 66      47      35       10.00       10.00         0.00 
 67      47      40       10.00       10.00         0.00 
 68      45      30       10.00       12.00        22.53 
 69      45      35       10.00       10.00         0.00 
 70      95      30       30.00       40.00       114.56 
 71      95      35       20.00       16.00        47.70 
 72      53      30       10.00       12.00        12.18 
 73      92      30       10.00       12.00         6.99 
 74      53      35       50.00       50.00         0.00 
 75      45      65       20.00       20.00         0.00 
 76      90      35       10.00        8.00        26.14 
 77      88      30       10.00       12.00         8.48 
 78      88      35       20.00       16.00        74.71 
 79      87      30       10.00       12.00        29.84 
 80      85      25       10.00        8.00        35.01 
 81      85      35       30.00       36.00        32.22 
 82      75      55       20.00       24.00        49.13 
 83      72      55       10.00       12.00        27.39 
 84      70      58       20.00       16.00        77.94 
 85      68      60       30.00       36.00       138.47 
 86      66      55       10.00       12.00        35.91 
 87      65      55       20.00       16.00        37.06 
 88      65      60       30.00       24.00        74.31 
 89      63      58       10.00        8.00        18.52 
 90      60      55       10.00        8.00        19.92 
 91      60      60       10.00        8.00        15.03 
 92      67      85       20.00       16.00        77.10 
 93      65      85       40.00       48.00        32.88 
 94      65      82       10.00       12.00        41.33 
 95      62      80       30.00       24.00       103.03 
 96      60      80       10.00       12.00        17.14 
 97      60      85       30.00       24.00        40.24 
 98      58      75       20.00       24.00        47.76 
 99      55      80       10.00       12.00        24.93 
100      55      85       20.00       24.00        55.32 
