100
  0   40.00   50.00    0.00    0.00    0.00
  1   45.00   68.00   10.00    8.00   10.81
  2   45.00   70.00   30.00   36.00   14.21
  3   42.00   66.00   10.00    8.00   11.80
  4   42.00   68.00   10.00   12.00    3.39
  5   42.00   65.00   10.00    8.00    3.66
  6   40.00   69.00   20.00   24.00   13.04
  7   40.00   66.00   20.00   16.00   18.56
  8   38.00   68.00   20.00   24.00   30.69
  9   38.00   70.00   10.00    8.00   10.55
 10   35.00   66.00   10.00   12.00   14.89
 11   35.00   69.00   10.00    8.00   11.62
 12   25.00   85.00   20.00   24.00    6.17
 13   22.00   75.00   30.00   24.00   27.79
 14   22.00   85.00   10.00   12.00    9.77
 15   20.00   80.00   40.00   32.00   19.80
 16   20.00   85.00   40.00   48.00   24.39
 17   18.00   75.00   20.00   16.00    6.87
 18   15.00   75.00   20.00   24.00   22.86
 19   15.00   80.00   10.00    8.00    8.10
 20   30.00   50.00   10.00   12.00    9.70
 21   30.00   52.00   20.00   16.00   24.44
 22   28.00   52.00   20.00   24.00   22.71
 23   28.00   55.00   10.00    8.00   12.28
 24   25.00   50.00   10.00   12.00   11.38
 25   25.00   52.00   40.00   32.00   44.79
 26   25.00   55.00   10.00   12.00    1.11
 27   23.00   52.00   10.00    8.00    5.97
 28   23.00   55.00   20.00   24.00   28.03
 29   20.00   50.00   10.00    8.00   11.16
 30   20.00   55.00   10.00   12.00   14.65
 31   10.00   35.00   20.00   16.00   13.04
 32   10.00   40.00   30.00   36.00   39.49
 33    8.00   40.00   40.00   32.00   26.43
 34    8.00   45.00   20.00   24.00    7.80
 35    5.00   35.00   10.00    8.00    3.52
 36    5.00   45.00   10.00   12.00   11.21
 37    2.00   40.00   20.00   16.00   17.06
 38    0.00   40.00   30.00   36.00   21.51
 39    0.00   45.00   20.00   16.00   14.10
 40   35.00   30.00   10.00   12.00    2.70
 41   35.00   32.00   10.00    8.00   10.83
 42   33.00   32.00   20.00   24.00   15.98
 43   33.00   35.00   10.00    8.00    8.58
 44   32.00   30.00   10.00   12.00    5.94
 45   30.00   30.00   10.00    8.00    5.67
 46   30.00   32.00   30.00   36.00   30.06
 47   30.00   35.00   10.00    8.00    7.21
 48   28.00   30.00   10.00   12.00    3.87
 49   28.00   35.00   10.00    8.00    6.66
 50   26.00   32.00   10.00   12.00    5.55
 51   25.00   30.00   10.00    8.00    6.66
 52   25.00   35.00   10.00   12.00   11.43
 53   44.00    5.00   20.00   16.00   16.84
 54   42.00   10.00   40.00   48.00   58.74
 55   42.00   15.00   10.00    8.00   12.29
 56   40.00    5.00   30.00   36.00   22.79
 57   40.00   15.00   40.00   32.00   49.69
 58   38.00    5.00   30.00   36.00   19.66
 59   38.00   15.00   10.00    8.00    6.78
 60   35.00    5.00   20.00   24.00   17.43
 61   50.00   30.00   10.00    8.00   11.56
 62   50.00   35.00   20.00   24.00   24.15
 63   50.00   40.00   50.00   40.00   44.56
 64   48.00   30.00   10.00   12.00    7.93
 65   48.00   40.00   10.00    8.00    2.41
 66   47.00   35.00   10.00   12.00    3.06
 67   47.00   40.00   10.00    8.00    5.84
 68   45.00   30.00   10.00   12.00    3.63
 69   45.00   35.00   10.00    8.00    2.80
 70   95.00   30.00   30.00   36.00   23.45
 71   95.00   35.00   20.00   16.00    9.65
 72   53.00   30.00   10.00   12.00    5.45
 73   92.00   30.00   10.00    8.00   11.12
 74   53.00   35.00   50.00   60.00    5.43
 75   45.00   65.00   20.00   16.00   11.10
 76   90.00   35.00   10.00   12.00    8.80
 77   88.00   30.00   10.00    8.00    2.08
 78   88.00   35.00   20.00   24.00   20.53
 79   87.00   30.00   10.00    8.00    9.47
 80   85.00   25.00   10.00   12.00    1.65
 81   85.00   35.00   30.00   24.00   29.64
 82   75.00   55.00   20.00   24.00   30.14
 83   72.00   55.00   10.00    8.00    5.22
 84   70.00   58.00   20.00   24.00   26.30
 85   68.00   60.00   30.00   24.00   13.86
 86   66.00   55.00   10.00   12.00    2.62
 87   65.00   55.00   20.00   16.00   24.61
 88   65.00   60.00   30.00   36.00   11.44
 89   63.00   58.00   10.00    8.00    3.05
 90   60.00   55.00   10.00   12.00   11.99
 91   60.00   60.00   10.00    8.00    7.60
 92   67.00   85.00   20.00   24.00    6.83
 93   65.00   85.00   40.00   32.00   47.87
 94   65.00   82.00   10.00   12.00    9.50
 95   62.00   80.00   30.00   24.00   33.91
 96   60.00   80.00   10.00   12.00    2.70
 97   60.00   85.00   30.00   24.00   26.42
 98   58.00   75.00   20.00   24.00    4.45
 99   55.00   80.00   10.00    8.00    8.16
100   55.00   85.00   20.00   24.00   22.91
