100
  0   40.00   50.00    0.00    0.00    0.00
  1   45.00   68.00   10.00    8.00    9.31
  2   45.00   70.00   30.00   36.00   12.18
  3   42.00   66.00   10.00    8.00   10.14
  4   42.00   68.00   10.00   12.00    2.91
  5   42.00   65.00   10.00    8.00    3.38
  6   40.00   69.00   20.00   24.00   11.18
  7   40.00   66.00   20.00   16.00   16.09
  8   38.00   68.00   20.00   24.00   26.31
  9   38.00   70.00   10.00    8.00    9.10
 10   35.00   66.00   10.00   12.00   12.76
 11   35.00   69.00   10.00    8.00    9.98
 12   25.00   85.00   20.00   24.00    5.29
 13   22.00   75.00   30.00   24.00   24.09
 14   22.00   85.00   10.00   12.00    8.38
 15   20.00   80.00   40.00   32.00   17.79
 16   20.00   85.00   40.00   48.00   20.91
 17   18.00   75.00   20.00   16.00    6.38
 18   15.00   75.00   20.00   24.00   19.59
 19   15.00   80.00   10.00    8.00    7.07
 20   30.00   50.00   10.00   12.00    8.32
 21   30.00   52.00   20.00   16.00   20.97
 22   28.00   52.00   20.00   24.00   19.47
 23   28.00   55.00   10.00    8.00   10.53
 24   25.00   50.00   10.00   12.00    9.76
 25   25.00   52.00   40.00   32.00   38.55
 26   25.00   55.00   10.00   12.00    0.95
 27   23.00   52.00   10.00    8.00    5.29
 28   23.00   55.00   20.00   24.00   24.02
 29   20.00   50.00   10.00    8.00    9.60
 30   20.00   55.00   10.00   12.00   12.56
 31   10.00   35.00   20.00   16.00   11.50
 32   10.00   40.00   30.00   36.00   33.85
 33    8.00   40.00   40.00   32.00   23.30
 34    8.00   45.00   20.00   24.00    6.68
 35    5.00   35.00   10.00    8.00    3.26
 36    5.00   45.00   10.00   12.00    9.61
 37    2.00   40.00   20.00   16.00   14.84
 38    0.00   40.00   30.00   36.00   18.43
 39    0.00   45.00   20.00   16.00   12.39
 40   35.00   30.00   10.00   12.00    2.31
 41   35.00   32.00   10.00    8.00    9.33
 42   33.00   32.00   20.00   24.00   13.70
 43   33.00   35.00   10.00    8.00    7.47
 44   32.00   30.00   10.00   12.00    5.09
 45   30.00   30.00   10.00    8.00    5.05
 46   30.00   32.00   30.00   36.00   25.76
 47   30.00   35.00   10.00    8.00    6.33
 48   28.00   30.00   10.00   12.00    3.32
 49   28.00   35.00   10.00    8.00    5.87
 50   26.00   32.00   10.00   12.00    4.76
 51   25.00   30.00   10.00    8.00    5.87
 52   25.00   35.00   10.00   12.00    9.79
 53   44.00    5.00   20.00   16.00   14.66
 54   42.00   10.00   40.00   48.00   50.35
 55   42.00   15.00   10.00    8.00   10.54
 56   40.00    5.00   30.00   36.00   19.54
 57   40.00   15.00   40.00   32.00   42.61
 58   38.00    5.00   30.00   36.00   16.85
 59   38.00   15.00   10.00    8.00    5.97
 60   35.00    5.00   20.00   24.00   14.94
 61   50.00   30.00   10.00    8.00    9.94
 62   50.00   35.00   20.00   24.00   20.70
 63   50.00   40.00   50.00   40.00   38.69
 64   48.00   30.00   10.00   12.00    6.80
 65   48.00   40.00   10.00    8.00    2.34
 66   47.00   35.00   10.00   12.00    2.62
 67   47.00   40.00   10.00    8.00    5.19
 68   45.00   30.00   10.00   12.00    3.11
 69   45.00   35.00   10.00    8.00    2.66
 70   95.00   30.00   30.00   36.00   20.10
 71   95.00   35.00   20.00   16.00    8.69
 72   53.00   30.00   10.00   12.00    4.67
 73   92.00   30.00   10.00    8.00    9.57
 74   53.00   35.00   50.00   60.00    4.66
 75   45.00   65.00   20.00   16.00    9.90
 76   90.00   35.00   10.00   12.00    7.54
 77   88.00   30.00   10.00    8.00    2.07
 78   88.00   35.00   20.00   24.00   17.60
 79   87.00   30.00   10.00    8.00    8.20
 80   85.00   25.00   10.00   12.00    1.42
 81   85.00   35.00   30.00   24.00   25.62
 82   75.00   55.00   20.00   24.00   25.83
 83   72.00   55.00   10.00    8.00    4.67
 84   70.00   58.00   20.00   24.00   22.54
 85   68.00   60.00   30.00   24.00   12.52
 86   66.00   55.00   10.00   12.00    2.24
 87   65.00   55.00   20.00   16.00   21.11
 88   65.00   60.00   30.00   36.00    9.80
 89   63.00   58.00   10.00    8.00    2.87
 90   60.00   55.00   10.00   12.00   10.28
 91   60.00   60.00   10.00    8.00    6.65
 92   67.00   85.00   20.00   24.00    5.86
 93   65.00   85.00   40.00   32.00   41.10
 94   65.00   82.00   10.00   12.00    8.14
 95   62.00   80.00   30.00   24.00   29.17
 96   60.00   80.00   10.00   12.00    2.31
 97   60.00   85.00   30.00   24.00   22.95
 98   58.00   75.00   20.00   24.00    3.81
 99   55.00   80.00   10.00    8.00    7.11
100   55.00   85.00   20.00   24.00   19.64
