100
  0   40.00   50.00    0.00    0.00    0.00
  1   45.00   68.00   10.00    8.00   15.29
  2   45.00   70.00   30.00   36.00   20.30
  3   42.00   66.00   10.00    8.00   16.80
  4   42.00   68.00   10.00   12.00    4.84
  5   42.00   65.00   10.00    8.00    4.51
  6   40.00   69.00   20.00   24.00   18.63
  7   40.00   66.00   20.00   16.00   25.98
  8   38.00   68.00   20.00   24.00   43.85
  9   38.00   70.00   10.00    8.00   14.90
 10   35.00   66.00   10.00   12.00   21.27
 11   35.00   69.00   10.00    8.00   16.52
 12   25.00   85.00   20.00   24.00    8.81
 13   22.00   75.00   30.00   24.00   38.90
 14   22.00   85.00   10.00   12.00   13.96
 15   20.00   80.00   40.00   32.00   25.80
 16   20.00   85.00   40.00   48.00   34.84
 17   18.00   75.00   20.00   16.00    8.33
 18   15.00   75.00   20.00   24.00   32.65
 19   15.00   80.00   10.00    8.00   11.21
 20   30.00   50.00   10.00   12.00   13.86
 21   30.00   52.00   20.00   16.00   34.85
 22   28.00   52.00   20.00   24.00   32.45
 23   28.00   55.00   10.00    8.00   17.52
 24   25.00   50.00   10.00   12.00   16.26
 25   25.00   52.00   40.00   32.00   63.54
 26   25.00   55.00   10.00   12.00    1.58
 27   23.00   52.00   10.00    8.00    7.99
 28   23.00   55.00   20.00   24.00   40.04
 29   20.00   50.00   10.00    8.00   15.82
 30   20.00   55.00   10.00   12.00   20.93
 31   10.00   35.00   20.00   16.00   17.64
 32   10.00   40.00   30.00   36.00   56.42
 33    8.00   40.00   40.00   32.00   35.82
 34    8.00   45.00   20.00   24.00   11.14
 35    5.00   35.00   10.00    8.00    4.30
 36    5.00   45.00   10.00   12.00   16.02
 37    2.00   40.00   20.00   16.00   23.71
 38    0.00   40.00   30.00   36.00   30.72
 39    0.00   45.00   20.00   16.00   19.25
 40   35.00   30.00   10.00   12.00    3.86
 41   35.00   32.00   10.00    8.00   15.33
 42   33.00   32.00   20.00   24.00   22.83
 43   33.00   35.00   10.00    8.00   11.94
 44   32.00   30.00   10.00   12.00    8.49
 45   30.00   30.00   10.00    8.00    7.54
 46   30.00   32.00   30.00   36.00   42.94
 47   30.00   35.00   10.00    8.00    9.86
 48   28.00   30.00   10.00   12.00    5.54
 49   28.00   35.00   10.00    8.00    9.03
 50   26.00   32.00   10.00   12.00    7.93
 51   25.00   30.00   10.00    8.00    9.03
 52   25.00   35.00   10.00   12.00   16.32
 53   44.00    5.00   20.00   16.00   23.38
 54   42.00   10.00   40.00   48.00   83.92
 55   42.00   15.00   10.00    8.00   17.53
 56   40.00    5.00   30.00   36.00   32.56
 57   40.00   15.00   40.00   32.00   70.93
 58   38.00    5.00   30.00   36.00   28.08
 59   38.00   15.00   10.00    8.00    9.22
 60   35.00    5.00   20.00   24.00   24.90
 61   50.00   30.00   10.00    8.00   16.43
 62   50.00   35.00   20.00   24.00   34.49
 63   50.00   40.00   50.00   40.00   62.16
 64   48.00   30.00   10.00   12.00   11.33
 65   48.00   40.00   10.00    8.00    2.61
 66   47.00   35.00   10.00   12.00    4.37
 67   47.00   40.00   10.00    8.00    7.80
 68   45.00   30.00   10.00   12.00    5.19
 69   45.00   35.00   10.00    8.00    3.20
 70   95.00   30.00   30.00   36.00   33.50
 71   95.00   35.00   20.00   16.00   12.52
 72   53.00   30.00   10.00   12.00    7.79
 73   92.00   30.00   10.00    8.00   15.76
 74   53.00   35.00   50.00   60.00    7.76
 75   45.00   65.00   20.00   16.00   14.72
 76   90.00   35.00   10.00   12.00   12.57
 77   88.00   30.00   10.00    8.00    2.12
 78   88.00   35.00   20.00   24.00   29.33
 79   87.00   30.00   10.00    8.00   13.28
 80   85.00   25.00   10.00   12.00    2.36
 81   85.00   35.00   30.00   24.00   41.68
 82   75.00   55.00   20.00   24.00   43.06
 83   72.00   55.00   10.00    8.00    6.86
 84   70.00   58.00   20.00   24.00   37.57
 85   68.00   60.00   30.00   24.00   17.86
 86   66.00   55.00   10.00   12.00    3.74
 87   65.00   55.00   20.00   16.00   35.11
 88   65.00   60.00   30.00   36.00   16.34
 89   63.00   58.00   10.00    8.00    3.58
 90   60.00   55.00   10.00   12.00   17.13
 91   60.00   60.00   10.00    8.00   10.45
 92   67.00   85.00   20.00   24.00    9.76
 93   65.00   85.00   40.00   32.00   68.18
 94   65.00   82.00   10.00   12.00   13.57
 95   62.00   80.00   30.00   24.00   48.14
 96   60.00   80.00   10.00   12.00    3.85
 97   60.00   85.00   30.00   24.00   36.82
 98   58.00   75.00   20.00   24.00    6.35
 99   55.00   80.00   10.00    8.00   11.30
100   55.00   85.00   20.00   24.00   32.73
