100
  0   40.00   50.00    0.00    0.00    0.00
  1   45.00   68.00   10.00    8.00   33.24
  2   45.00   70.00   30.00   36.00   44.65
  3   42.00   66.00   10.00    8.00   36.77
  4   42.00   68.00   10.00   12.00   10.65
  5   42.00   65.00   10.00    8.00    7.90
  6   40.00   69.00   20.00   24.00   40.98
  7   40.00   66.00   20.00   16.00   55.65
  8   38.00   68.00   20.00   24.00   96.47
  9   38.00   70.00   10.00    8.00   32.32
 10   35.00   66.00   10.00   12.00   46.80
 11   35.00   69.00   10.00    8.00   36.12
 12   25.00   85.00   20.00   24.00   19.38
 13   22.00   75.00   30.00   24.00   83.30
 14   22.00   85.00   10.00   12.00   30.71
 15   20.00   80.00   40.00   32.00   49.84
 16   20.00   85.00   40.00   48.00   76.66
 17   18.00   75.00   20.00   16.00   14.18
 18   15.00   75.00   20.00   24.00   71.83
 19   15.00   80.00   10.00    8.00   23.65
 20   30.00   50.00   10.00   12.00   30.50
 21   30.00   52.00   20.00   16.00   76.50
 22   28.00   52.00   20.00   24.00   71.39
 23   28.00   55.00   10.00    8.00   38.46
 24   25.00   50.00   10.00   12.00   35.78
 25   25.00   52.00   40.00   32.00  138.51
 26   25.00   55.00   10.00   12.00    3.49
 27   23.00   52.00   10.00    8.00   16.08
 28   23.00   55.00   20.00   24.00   88.09
 29   20.00   50.00   10.00    8.00   34.48
 30   20.00   55.00   10.00   12.00   46.04
 31   10.00   35.00   20.00   16.00   36.05
 32   10.00   40.00   30.00   36.00  124.12
 33    8.00   40.00   40.00   32.00   73.37
 34    8.00   45.00   20.00   24.00   24.50
 35    5.00   35.00   10.00    8.00    7.40
 36    5.00   45.00   10.00   12.00   35.24
 37    2.00   40.00   20.00   16.00   50.32
 38    0.00   40.00   30.00   36.00   67.59
 39    0.00   45.00   20.00   16.00   39.84
 40   35.00   30.00   10.00   12.00    8.49
 41   35.00   32.00   10.00    8.00   33.33
 42   33.00   32.00   20.00   24.00   50.22
 43   33.00   35.00   10.00    8.00   25.36
 44   32.00   30.00   10.00   12.00   18.68
 45   30.00   30.00   10.00    8.00   15.03
 46   30.00   32.00   30.00   36.00   94.46
 47   30.00   35.00   10.00    8.00   20.48
 48   28.00   30.00   10.00   12.00   12.18
 49   28.00   35.00   10.00    8.00   18.52
 50   26.00   32.00   10.00   12.00   17.44
 51   25.00   30.00   10.00    8.00   18.53
 52   25.00   35.00   10.00   12.00   35.91
 53   44.00    5.00   20.00   16.00   49.54
 54   42.00   10.00   40.00   48.00  184.63
 55   42.00   15.00   10.00    8.00   38.51
 56   40.00    5.00   30.00   36.00   71.64
 57   40.00   15.00   40.00   32.00  155.89
 58   38.00    5.00   30.00   36.00   61.77
 59   38.00   15.00   10.00    8.00   18.97
 60   35.00    5.00   20.00   24.00   54.78
 61   50.00   30.00   10.00    8.00   35.92
 62   50.00   35.00   20.00   24.00   75.89
 63   50.00   40.00   50.00   40.00  132.58
 64   48.00   30.00   10.00   12.00   24.93
 65   48.00   40.00   10.00    8.00    3.44
 66   47.00   35.00   10.00   12.00    9.62
 67   47.00   40.00   10.00    8.00   15.62
 68   45.00   30.00   10.00   12.00   11.42
 69   45.00   35.00   10.00    8.00    4.82
 70   95.00   30.00   30.00   36.00   73.70
 71   95.00   35.00   20.00   16.00   24.03
 72   53.00   30.00   10.00   12.00   17.14
 73   92.00   30.00   10.00    8.00   34.34
 74   53.00   35.00   50.00   60.00   17.08
 75   45.00   65.00   20.00   16.00   29.19
 76   90.00   35.00   10.00   12.00   27.66
 77   88.00   30.00   10.00    8.00    2.29
 78   88.00   35.00   20.00   24.00   64.52
 79   87.00   30.00   10.00    8.00   28.50
 80   85.00   25.00   10.00   12.00    5.19
 81   85.00   35.00   30.00   24.00   89.85
 82   75.00   55.00   20.00   24.00   94.72
 83   72.00   55.00   10.00    8.00   13.41
 84   70.00   58.00   20.00   24.00   82.66
 85   68.00   60.00   30.00   24.00   33.87
 86   66.00   55.00   10.00   12.00    8.22
 87   65.00   55.00   20.00   16.00   77.10
 88   65.00   60.00   30.00   36.00   35.95
 89   63.00   58.00   10.00    8.00    5.72
 90   60.00   55.00   10.00   12.00   37.70
 91   60.00   60.00   10.00    8.00   21.86
 92   67.00   85.00   20.00   24.00   21.48
 93   65.00   85.00   40.00   32.00  149.41
 94   65.00   82.00   10.00   12.00   29.84
 95   62.00   80.00   30.00   24.00  105.02
 96   60.00   80.00   10.00   12.00    8.48
 97   60.00   85.00   30.00   24.00   78.43
 98   58.00   75.00   20.00   24.00   13.98
 99   55.00   80.00   10.00    8.00   23.85
100   55.00   85.00   20.00   24.00   72.01
