7 2 48 4
500 100
500 150
500 200
500 250
  0   23.627    3.963  0  0 0 0  0 1000
  1   71.106   31.165 20 23 1 4 1 2 4 8 257 374
  2    0.549  -73.682 24  7 1 4 1 2 4 8 325 468
  3   15.039    4.950 12 24 1 4 1 2 4 8 461 576
  4   45.837   32.874 10  9 1 4 1 2 4 8 239 413
  5  -27.783   44.080 13 24 1 4 1 2 4 8 281 388
  6   34.906   20.526  4 17 1 4 1 2 4 8 475 628
  7   24.310   -7.532  6 19 1 4 1 2 4 8 157 331
  8   38.629   42.084  8 13 1 4 1 2 4 8  70 168
  9    7.281   63.531  7  6 1 4 1 2 4 8  98 237
 10    4.150   59.003 13 14 1 4 1 2 4 8 100 242
 11   72.937   62.488  5 12 1 4 1 2 4 8 253 406
 12  -22.791    9.644 17 15 1 4 1 2 4 8 404 571
 13   30.359    7.294 14 24 1 2 1 2 149 244
 14   -4.987  -34.198  8  5 1 2 4 8 325 463
 15   12.366   50.690  5 16 1 2 2 4 316 459
 16   -5.945  -51.447 13 22 1 2 2 4 361 516
 17    5.792   27.319 12  7 1 2 1 8 139 243
 18   14.374   37.646  2 17 1 2 1 2 142 259
 19  -39.008  -38.196 10  1 1 2 2 4 275 405
 20   20.477  -23.016 20 22 1 2 1 8 121 297
 21   12.036  -95.831 16  5 1 2 2 4 117 266
 22   11.102  -28.540  9  6 1 2 1 2 311 486
 23   21.722  -11.420  9 14 1 2 4 8 321 498
 24  -30.060  -57.104 16  1 1 2 2 4  74 205
 25   61.279   12.836  6 15 1 2 1 2 458 566
 26   28.094  -10.779 18 15 1 2 1 2 284 437
 27   53.424   18.237  1  7 1 2 1 2 126 275
 28   23.126  -24.481  1 21 1 2 4 8 126 262
 29   49.591   25.275  4 15 1 2 1 2 314 461
 30   18.158  -36.597 14  2 1 2 1 8 318 464
 31    8.051  -30.695 23 15 1 2 1 2 316 455
 32   46.057   -4.413  6 15 1 2 2 4 430 556
 33    4.742   -6.696  6  9 1 2 2 4 434 539
 34  -61.401  -81.763 15  3 1 2 1 8 393 499
 35  -21.790   33.777 24  1 1 2 1 2 323 492
 36    3.766  -49.152  8  5 1 2 4 8 168 343
 37   38.556   26.898  8  8 1 1 8 249 385
 38   19.128  -43.781  1 10 1 1 1 125 274
 39   27.637  -44.818 10 12 1 1 4 177 323
 40    6.873  -17.578  3  4 1 1 1 275 436
 41   11.401  -19.183  3 14 1 1 2 165 328
 42  -11.151    7.269 23 17 1 1 1  96 228
 43   72.046   15.271  2  9 1 1 2 352 522
 44   26.416   -8.600  6 22 1 1 4 435 591
 45   12.384   86.682 17  7 1 1 4 227 364
 46   76.721   32.355  6 20 1 1 4 406 529
 47   32.025   84.741 16  3 1 1 1  91 198
 48  -14.764  -79.437  3  2 1 1 2 441 604
