7 3 96 4
500 100
500 150
500 200
500 250
  0   21.666   -2.195  0  0 0 0  0 1000
  1  -16.412    5.396 23 25 1 4 1 2 4 8 209 348
  2   20.190    8.527  9  8 1 4 1 2 4 8  79 224
  3   12.085   36.420  2 15 1 4 1 2 4 8 291 433
  4   51.642   37.671 19 13 1 4 1 2 4 8 195 372
  5  -24.896   27.045  9  8 1 4 1 2 4 8 478 589
  6   58.136  -70.673 10 11 1 4 1 2 4 8  71 174
  7   16.418   28.979 14  8 1 4 1 2 4 8 451 564
  8   55.542  -46.954 12  7 1 4 1 2 4 8 167 340
  9   52.472  -61.682 17  7 1 4 1 2 4 8 337 485
 10   23.572  -26.721 14  1 1 4 1 2 4 8 253 411
 11    5.792   50.482  5 23 1 4 1 2 4 8 330 462
 12   46.429  -99.872 17  6 1 4 1 2 4 8 269 414
 13  -35.999   77.466 15 18 1 4 1 2 4 8 396 570
 14    4.822  -23.743 10 16 1 4 1 2 4 8 122 248
 15    5.042  -41.986  4 11 1 4 1 2 4 8 247 407
 16   -5.896   -9.009 24 12 1 4 1 2 4 8 206 373
 17   89.520  -47.461 19 19 1 4 1 2 4 8 420 558
 18   24.176   42.108  4 22 1 4 1 2 4 8 410 506
 19   41.675  -35.040  7 13 1 4 1 2 4 8 453 616
 20   76.843   31.683 18  6 1 4 1 2 4 8 241 405
 21    3.949  -24.646  8 18 1 4 1 2 4 8 446 558
 22   77.942  -10.742 16 14 1 4 1 2 4 8 353 510
 23   78.876  -26.440 21 17 1 4 1 2 4 8 325 416
 24   44.397  -15.332  4  1 1 4 1 2 4 8 120 238
 25   15.961   36.847 10 19 1 2 1 8 157 314
 26   69.397  -54.626 12 18 1 2 1 2 371 548
 27   14.874   83.002  5 18 1 2 4 8 449 610
 28   30.078   24.780 11 14 1 2 2 4 461 580
 29   83.313   10.638 12 25 1 2 1 8 320 447
 30    5.786   -2.856 14 19 1 2 2 4  65 207
 31   62.177   22.217 16  6 1 2 2 4 460 560
 32   65.588  -41.077  2  2 1 2 2 4 310 414
 33  -10.004   51.379 19 13 1 2 4 8 374 515
 34   63.391    8.636 16  5 1 2 1 8 372 547
 35   -5.695    1.202  2 21 1 2 1 2 172 295
 36   -8.167    4.395  5 25 1 2 2 4 106 262
 37    3.253   -4.755  1 13 1 2 2 4 181 279
 38   46.057  -63.452  7  6 1 2 1 2 203 343
 39   63.416   -5.261 15 19 1 2 2 4 256 412
 40   13.092  -36.743 15 11 1 2 1 8 393 518
 41   23.669  -26.154  2 10 1 2 4 8 453 576
 42    9.027   90.192 13 21 1 2 1 8 169 343
 43   76.624    6.805 10 17 1 2 1 2 327 484
 44   -1.208   -8.875 21  3 1 2 4 8  61 240
 45   37.042   60.815  5  8 1 2 4 8 193 347
 46   65.265   37.909  3  6 1 2 1 8 370 549
 47  -10.120  -15.631 24  6 1 2 4 8 353 481
 48    9.680  -28.711  9 17 1 2 1 2 412 544
 49    7.550  -56.458  2 11 1 2 4 8 379 469
 50   14.795   62.445 23  4 1 2 1 8 244 399
 51    7.269  -24.066  3 11 1 2 1 2 320 469
 52   21.490   50.092 12 18 1 2 1 2 355 507
 53  -17.242   -6.396 25 24 1 2 2 4 463 633
 54   65.985  -14.948 25 12 1 2 2 4 448 560
 55   49.139  -25.116 18 15 1 2 1 8 274 452
 56  -19.012  -76.208 15  5 1 2 2 4 365 521
 57   96.301   -6.873 10 10 1 2 1 8 268 374
 58   66.113   68.481  3 14 1 2 1 8  77 193
 59   30.048   27.020  5  3 1 2 2 4 303 463
 60   72.052   -6.567 17 25 1 2 1 8 100 236
 61    7.550  -39.832 11 25 1 2 1 2 156 314
 62   53.082  -10.693 13  7 1 2 1 2 127 220
 63  -25.073  -58.185 19  8 1 2 2 4 473 637
 64   36.761  -14.014 22 24 1 2 1 2 150 310
 65   19.366   30.005 24  8 1 2 4 8 311 473
 66   23.315   44.336 16 22 1 2 1 2 187 297
 67   36.548   -2.161  8 15 1 2 1 8 285 388
 68   81.311  -73.871 11  5 1 2 1 2 386 524
 69   87.250  -86.615 15 14 1 2 1 2 377 501
 70   17.725   73.309  8 23 1 2 2 4 116 283
 71   57.953   17.877  3 12 1 2 2 4 184 309
 72   -8.344   38.257  9  9 1 2 1 2 352 512
 73   10.443   47.455 24 20 1 1 8 310 437
 74   71.143   44.336  6  1 1 1 2 407 501
 75   39.014   35.083 12 14 1 1 2  75 205
 76   62.701  -59.564 21 18 1 1 8 442 591
 77   18.237   -8.545  8 11 1 1 4 339 436
 78   34.857   14.148 11 23 1 1 2 404 529
 79  -91.144  -76.550  3  1 1 1 2 305 440
 80   15.460  -76.562 16 17 1 1 1  92 266
 81   74.957  -24.280 18  9 1 1 1 454 589
 82  -62.354  -39.624 14 20 1 1 8 243 390
 83   30.884    4.156  2  5 1 1 4  73 203
 84   45.197  -28.235  1  3 1 1 4 109 283
 85    0.262    9.045 21 16 1 1 2 255 423
 86   -2.850   31.848  1 15 1 1 1 217 377
 87   14.685  -22.229 10  4 1 1 1 408 562
 88  -39.490  -20.728 18 17 1 1 4 336 496
 89   26.331   30.322 10 24 1 1 4 436 609
 90  -23.291   24.756  9 20 1 1 1  91 230
 91   35.669   -5.322  9 20 1 1 2 376 499
 92   56.512  -32.996 25 23 1 1 4 203 294
 93   54.388   56.714 25 24 1 1 4 438 599
 94   25.116    8.917  1 10 1 1 8 474 575
 95   40.240   90.057  5  7 1 1 2 368 524
 96  -18.970  -44.684  9 11 1 1 4  60 206
