7 4 144 4
500 100
500 150
500 200
500 250
  0   -7.089    2.402  0  0 0 0  0 1000
  1   18.884  -16.040 22  6 1 4 1 2 4 8 212 325
  2   -6.049   41.125 23 12 1 4 1 2 4 8 365 538
  3  -48.553  -29.407 14 22 1 4 1 2 4 8 469 633
  4  -20.337   52.478  8  4 1 4 1 2 4 8 300 453
  5   19.244   35.107  5  5 1 4 1 2 4 8 234 357
  6  -12.189  -45.801  3 16 1 4 1 2 4 8 158 274
  7  -16.956  -39.697 23  9 1 4 1 2 4 8 317 475
  8  -24.176  -51.526 23  7 1 4 1 2 4 8 400 545
  9   30.023  -14.740  6 21 1 4 1 2 4 8 171 273
 10  -19.269   34.711  1 18 1 4 1 2 4 8 419 559
 11   -5.286  -20.105 14  5 1 4 1 2 4 8 264 414
 12  -39.374  -10.303  8  4 1 4 1 2 4 8 158 318
 13   15.625  -36.688 24 13 1 4 1 2 4 8 458 577
 14  -35.919   80.383  9 16 1 4 1 2 4 8 430 577
 15   18.054   33.295 19  9 1 4 1 2 4 8 176 352
 16  -52.368  -18.463  3 15 1 4 1 2 4 8 479 570
 17   19.763   45.642 16  3 1 4 1 2 4 8 431 573
 18  -51.550  -30.908 18 10 1 4 1 2 4 8 304 483
 19   18.091   44.049 19 25 1 4 1 2 4 8 468 574
 20  -14.380  -62.408  1  8 1 4 1 2 4 8 408 511
 21    1.770   -5.847 17  5 1 4 1 2 4 8 452 617
 22   63.995  -11.792 10 14 1 4 1 2 4 8 204 317
 23   16.241   13.153  3  7 1 4 1 2 4 8 419 564
 24  -10.193   32.214  3 10 1 4 1 2 4 8 314 442
 25   -2.185   33.929 13 22 1 4 1 2 4 8 201 292
 26    9.674  -17.505 25  7 1 4 1 2 4 8 359 471
 27   10.559   32.007  7 10 1 4 1 2 4 8 220 330
 28  -75.110    4.510  2  2 1 4 1 2 4 8 406 507
 29  -17.352   -5.609 21 13 1 4 1 2 4 8 277 388
 30   41.479  -57.941  4  2 1 4 1 2 4 8 181 294
 31   40.948   -8.057 22 12 1 4 1 2 4 8 448 624
 32   27.118   -5.255 21 20 1 4 1 2 4 8 454 595
 33   14.093   -5.896 16  4 1 4 1 2 4 8 380 496
 34  -59.222  -12.811  8 15 1 4 1 2 4 8 269 435
 35  -32.751    2.216 21  9 1 4 1 2 4 8 226 358
 36   16.962  -66.901 10 20 1 4 1 2 4 8 303 448
 37   -2.686   18.994 15  2 1 2 2 4 392 530
 38  -48.499  -23.700 20 18 1 2 2 4 167 338
 39   -6.616  -13.336 10  1 1 2 1 2 371 480
 40  -86.798  -93.707  7  2 1 2 1 8 329 453
 41  -38.220   -5.066 11 21 1 2 1 2 136 241
 42   31.720  -36.578  4 25 1 2 1 8 265 368
 43   32.361   -1.740  3  4 1 2 1 2 189 354
 44    6.647   15.558  4  8 1 2 4 8 162 294
 45  -12.555   39.600 24  3 1 2 4 8 345 509
 46   23.071  -22.437 23 23 1 2 4 8 285 463
 47   13.739    3.558 14 25 1 2 1 8 100 194
 48   70.734  -43.695 24 14 1 2 1 2 303 434
 49   -8.771  -15.558 15 15 1 2 4 8 221 367
 50  -61.951   14.111  9 17 1 2 1 8 240 395
 51   -9.778   -4.926  8  5 1 2 2 4 430 591
 52   -2.765   17.938  4  9 1 2 2 4 318 484
 53   14.478  -41.650  1 12 1 2 1 2 398 540
 54  -51.910   26.892  8  8 1 2 1 8  78 186
 55   38.116  -98.456 12  9 1 2 1 2 147 313
 56  -31.421   11.328 17 14 1 2 4 8 355 478
 57   12.476   56.097 17 24 1 2 4 8 394 509
 58    2.399  -71.582 11  7 1 2 1 2 111 268
 59    8.411   49.017  5 15 1 2 1 2 166 325
 60   21.472   -8.655  6 16 1 2 2 4  70 216
 61  -54.492   17.676 22 19 1 2 1 2 212 311
 62   14.374   -0.012 12 22 1 2 2 4 138 278
 63  -14.001    8.032 21  8 1 2 2 4 306 413
 64   74.286  -16.187  8 14 1 2 4 8 454 554
 65   21.094  -11.499 25 22 1 2 1 8 209 362
 66  -54.370   20.740  4  1 1 2 4 8 187 312
 67   -7.458   74.432 20 13 1 2 4 8 388 527
 68    1.935   11.261 10 16 1 2 2 4 144 297
 69    6.305   36.768 11 13 1 2 1 8  63 232
 70  -31.317   -7.172  3 20 1 2 1 2 373 527
 71  -30.548   14.087 10  4 1 2 1 8 443 545
 72   18.665   87.811 16 15 1 2 2 4  80 205
 73  -36.780  -23.633 18 24 1 2 2 4 224 391
 74   35.870  -19.482  9  6 1 2 4 8 278 382
 75  -41.852   17.310 17 20 1 2 1 2 451 594
 76   56.519   58.289 24  3 1 2 4 8 127 259
 77  -43.036  -41.541 17  9 1 2 4 8 359 532
 78   27.344   70.087  1  6 1 2 1 2 378 501
 79   36.841   44.153 18 21 1 2 1 2 442 593
 80  -63.348  -14.856  6 19 1 2 1 2 274 370
 81  -45.312  -19.739  9  7 1 2 4 8 268 397
 82  -27.887   64.532  4 23 1 2 4 8  63 176
 83  -38.354   -4.034 13  5 1 2 4 8 127 261
 84  -35.638    6.610 17 12 1 2 2 4  88 187
 85    2.142   27.856  8  1 1 2 4 8 334 443
 86    6.610   -2.216 23  6 1 2 1 2 217 362
 87  -31.451   72.369 11  8 1 2 4 8 156 251
 88    2.655  -25.140 15 20 1 2 4 8 227 363
 89  -53.595   28.552  9 22 1 2 1 8 229 342
 90   -7.745   50.720 15  2 1 2 1 2 295 388
 91  -48.700  -17.981  4 22 1 2 1 8 384 497
 92  -40.582   -3.308 22  1 1 2 4 8 110 288
 93  -31.714   40.070  8 20 1 2 4 8  96 275
 94   -6.189   20.813  8 10 1 2 2 4 375 497
 95  -32.379   -7.910 12 12 1 2 1 8 188 293
 96  -19.482   13.544  7 12 1 2 4 8 165 341
 97   41.785   -2.728 25 10 1 2 1 8 419 565
 98  -69.745  -22.491  4 11 1 2 2 4 230 347
 99  -42.633   -6.836 10 17 1 2 2 4 401 559
100  -28.955   15.491  4  2 1 2 2 4 235 331
101   -9.161   29.657 21 20 1 2 4 8 151 258
102  -33.429   29.492  9  5 1 2 4 8 441 589
103  -30.872   20.654  7 14 1 2 2 4 165 339
104  -66.943   81.207  3 16 1 2 1 8 458 630
105  -14.404  -33.954  2 23 1 2 1 2 263 416
106  -70.544  -16.187 12 17 1 2 2 4  96 248
107  -31.909   48.224 14 12 1 2 1 8 448 542
108   -5.103   69.318 23 20 1 2 2 4 412 523
109   17.822  -40.405  4 12 1 1 1  90 254
110    6.653   28.217 22  7 1 1 1 321 418
111    7.343  -15.204  4 16 1 1 4 363 512
112   20.630  -56.732 12 18 1 1 8 307 441
113  -44.019  -13.092  1  3 1 1 8 349 519
114  -33.423   65.100  2  5 1 1 1 197 295
115   15.833  -14.282  9  2 1 1 2 161 320
116   -5.389   12.592 23 11 1 1 4 445 600
117   11.322  -13.574 11  1 1 1 2 222 338
118  -19.501   29.968 17 11 1 1 2 182 287
119   29.395   25.305 17  1 1 1 2 392 519
120   14.484  -49.243  3 16 1 1 2 211 378
121  -58.398   16.467 15 19 1 1 8 272 382
122   17.218  -12.415 11 23 1 1 2 444 622
123   -7.611  -15.790 15 20 1 1 4 165 305
124    3.857  -30.408 25 15 1 1 4 362 489
125   18.207  -12.823 21 22 1 1 1 256 420
126  -12.549   41.449 22 19 1 1 8 399 552
127    7.013  -20.862 14 21 1 1 4 408 538
128  -87.775  -40.820  7 18 1 1 8 236 371
129  -47.156   30.554 23 10 1 1 1 261 414
130  -16.583  -23.328  5  6 1 1 4 299 461
131   -2.637    0.049 12 21 1 1 8 344 464
132  -47.882    1.428 21  8 1 1 8 358 473
133   75.342  -28.101 14 22 1 1 4  91 254
134  -21.313   -1.727 15 14 1 1 1 245 347
135  -17.493   18.634  9 15 1 1 2 219 355
136    3.174   23.828  5 12 1 1 2 380 534
137  -33.099   55.963  3 18 1 1 2 292 446
138  -33.899    6.366  1 15 1 1 2 407 531
139    1.312   50.458  9 18 1 1 8 203 362
140  -38.715    3.235 20  6 1 1 4 327 484
141  -72.772   44.043 21 16 1 1 4 183 292
142   41.248   -4.797 12 23 1 1 8 356 531
143  -30.988   24.524  7  3 1 1 4  69 181
144   14.221   35.968  9 11 1 1 1 105 274
