7 5 192 4
500 100
500 150
500 200
500 250
  0  -17.863    9.258  0  0 0 0  0 1000
  1   -1.410   38.470 18  3 1 4 1 2 4 8 213 314
  2    2.948  -20.251 18  8 1 4 1 2 4 8 298 440
  3  -32.855   20.105  3  6 1 4 1 2 4 8 139 269
  4  -10.516   26.233 14  8 1 4 1 2 4 8 352 494
  5  -28.339   59.308  4 13 1 4 1 2 4 8 112 285
  6  -40.582   51.685 13 20 1 4 1 2 4 8 202 324
  7  -31.183   40.466 25 18 1 4 1 2 4 8 460 595
  8   62.915   78.546 10 24 1 4 1 2 4 8 307 438
  9  -21.381  -10.602 11 20 1 4 1 2 4 8 299 422
 10  -22.058   -8.765 14 14 1 4 1 2 4 8  82 213
 11   41.406  -32.452 11 15 1 4 1 2 4 8 231 344
 12   -5.786   14.954  9  1 1 4 1 2 4 8 312 435
 13   -6.671  -36.298 17 21 1 4 1 2 4 8  69 160
 14  -53.668   33.014 19 15 1 4 1 2 4 8 374 486
 15    6.342   81.238  7 12 1 4 1 2 4 8 141 235
 16   17.767  -31.000 18 18 1 4 1 2 4 8 406 503
 17  -49.341    7.861 20  4 1 4 1 2 4 8 226 371
 18   12.341  -23.999 10 25 1 4 1 2 4 8 251 426
 19  -39.502    6.250 22 21 1 4 1 2 4 8 475 597
 20    7.117   14.441  9 15 1 4 1 2 4 8 282 399
 21   19.897   -9.216  7 17 1 4 1 2 4 8 455 556
 22  -24.402   29.694 23  9 1 4 1 2 4 8 130 266
 23   26.147  -12.207  2  1 1 4 1 2 4 8 256 383
 24   31.183   40.344 22 25 1 4 1 2 4 8 411 544
 25   27.069  -17.627 20 18 1 4 1 2 4 8 224 371
 26   28.534  -43.945 15 19 1 4 1 2 4 8 144 269
 27   10.797  -53.784 11 22 1 4 1 2 4 8 315 444
 28  -85.785   29.449  4  2 1 4 1 2 4 8 378 514
 29  -17.273   72.626  2  2 1 4 1 2 4 8 255 357
 30  -35.657  -24.512 13 23 1 4 1 2 4 8 449 548
 31  -26.807   42.059  7 24 1 4 1 2 4 8 233 402
 32   19.434    4.730 21 12 1 4 1 2 4 8 316 430
 33  -47.821   30.426 13 21 1 4 1 2 4 8 383 486
 34   10.547  -31.482  4  8 1 4 1 2 4 8 427 589
 35  -38.544   19.873 12 21 1 4 1 2 4 8 463 600
 36  -27.972   15.851  2  2 1 4 1 2 4 8 402 496
 37  -47.919   73.254 13 23 1 4 1 2 4 8  78 192
 38  -13.141  -96.667  7 13 1 4 1 2 4 8 149 291
 39    9.131   37.061  3  5 1 4 1 2 4 8 428 559
 40   -4.053  -78.888 12 12 1 4 1 2 4 8  87 256
 41  -27.838   32.208 20 17 1 4 1 2 4 8 398 539
 42  -50.439   41.803  3 11 1 4 1 2 4 8 313 471
 43  -17.767  -49.957  8  5 1 4 1 2 4 8 119 288
 44  -16.132   20.935 15  8 1 4 1 2 4 8 423 576
 45  -33.234   36.536 23 16 1 4 1 2 4 8 212 381
 46   42.529  -41.534 19 22 1 4 1 2 4 8 243 420
 47  -19.342    1.129 18  9 1 4 1 2 4 8 184 351
 48  -11.493   12.109  7  2 1 4 1 2 4 8 248 378
 49  -67.175    5.920 19  6 1 2 1 8 142 316
 50  -71.765   44.427  7 25 1 2 1 8 238 348
 51  -98.322   39.105 20  9 1 2 1 8  66 233
 52   85.083   16.327 23  5 1 2 1 8  90 263
 53    0.757   27.405  1 16 1 2 1 8 365 493
 54    8.380  -80.713 18 18 1 2 2 4 313 464
 55   51.917  -71.155 22  6 1 2 1 2  84 199
 56  -33.997  -20.868  7 10 1 2 4 8 350 502
 57    0.513  -30.981 15 24 1 2 1 2 247 411
 58   22.046  -13.397  3  3 1 2 1 8 338 471
 59   28.656  -22.156 19 23 1 2 1 2 308 466
 60   24.670   28.107 21 22 1 2 1 2 475 626
 61  -89.880   39.508 22  6 1 2 1 2 240 354
 62  -37.097   70.959 22 11 1 2 2 4 353 472
 63   11.005  -19.946 10 17 1 2 4 8 432 555
 64   10.309  -65.625 12 25 1 2 1 2 396 556
 65  -69.287   41.223 18 20 1 2 4 8 157 260
 66  -45.929   -8.801 19 25 1 2 2 4 187 365
 67   36.548    1.031 10 15 1 2 2 4 229 385
 68  -44.592   18.787 14 20 1 2 1 2 443 559
 69  -28.937    6.421 17  6 1 2 1 8 116 262
 70   89.532  -53.479  5 10 1 2 4 8  82 230
 71   23.676  -63.177 23 24 1 2 4 8 152 243
 72  -37.421  -35.944 10 14 1 2 1 2 154 261
 73  -47.870   30.127  5 11 1 2 4 8 391 488
 74  -74.377   76.648 15 20 1 2 4 8 214 322
 75   -8.374  -13.135  2 13 1 2 4 8 430 580
 76   34.760   58.545 11 13 1 2 2 4 180 303
 77    1.813   -4.907  6  2 1 2 2 4 158 279
 78   31.061  -38.373  1 22 1 2 1 8 365 486
 79   51.373   14.001  6 12 1 2 2 4 301 415
 80  -44.470   30.817  2  7 1 2 1 2 155 302
 81   40.186  -57.477 21  7 1 2 1 2 176 348
 82   27.374  -14.917 18  8 1 2 1 2 183 324
 83   20.258  -59.399  8  1 1 2 4 8 364 455
 84   49.377   25.946 19  4 1 2 2 4  78 229
 85  -37.646   26.044 25 24 1 2 4 8 164 333
 86  -42.578    5.573 10  6 1 2 1 8 428 520
 87  -67.859   -9.814 22 24 1 2 4 8 450 561
 88  -19.629   61.621 17  4 1 2 4 8 172 340
 89   -7.611  -27.032 16 17 1 2 4 8 125 299
 90  -19.092   56.018 24 19 1 2 4 8 186 302
 91   69.287  -77.911  6 15 1 2 1 2 179 333
 92   66.772  -51.709 22 14 1 2 2 4  64 241
 93  -36.047   27.246 12  6 1 2 2 4 136 233
 94    7.928  -33.582  3 11 1 2 4 8 115 292
 95  -37.366   30.859 13 13 1 2 1 8  98 268
 96  -10.748   32.288 14 22 1 2 4 8 217 363
 97   -3.943  -35.229 25 12 1 2 1 8 300 419
 98  -71.057  -17.004  1 10 1 2 1 2 386 496
 99  -12.622   16.211 12  5 1 2 1 8 448 539
100   31.042  -33.923 15 19 1 2 4 8 170 339
101  -18.195    9.235 15 23 1 2 1 2 439 542
102  -21.411  -39.404 15  6 1 2 2 4 470 569
103  -37.433   43.152  9  4 1 2 1 8  94 185
104  -64.417   43.829 17 14 1 2 1 8 278 407
105  -43.756   30.029  1 12 1 2 1 8 360 539
106   74.457    6.378 10 10 1 2 1 2 330 493
107  -25.787    7.117  6 11 1 2 1 2 233 361
108   24.487   70.093 13 11 1 2 1 2 273 438
109   60.449  -30.676  6 12 1 2 1 2 279 408
110  -50.641  -59.888 21 18 1 2 4 8 108 271
111   18.976  -40.289  8 23 1 2 4 8 273 365
112   -0.104    8.582  4  7 1 2 1 2 477 617
113    3.485  -18.616  9 13 1 2 2 4 146 278
114   43.085  -29.810 10  9 1 2 1 8 368 537
115   26.807  -26.422 12 14 1 2 1 2 179 315
116  -21.234   -1.752 25  3 1 2 4 8 254 424
117  -46.417   49.591 25 25 1 2 1 8 381 505
118   18.195   50.830 16 18 1 2 1 8 417 585
119  -38.171  -14.099 23 22 1 2 4 8 450 619
120  -32.214   37.982 24 15 1 2 4 8 385 548
121    6.964   83.862 12 21 1 2 1 8 257 418
122  -26.190    6.647  4 19 1 2 1 8 130 271
123   33.972  -24.603 23  3 1 2 4 8 154 319
124   52.417  -18.445  8 23 1 2 4 8 152 296
125   -8.313   12.677  3  1 1 2 1 8 207 327
126  -25.183   52.484  2 10 1 2 4 8 257 368
127   15.729  -26.508 14 22 1 2 1 8 163 337
128  -34.674   -8.313 12 23 1 2 1 8 445 577
129  -36.700    0.629 22  9 1 2 4 8 105 228
130  -33.002  -60.052 18 20 1 2 2 4 366 472
131  -25.360   18.481 20 21 1 2 1 2 243 402
132  -15.192   29.132 19 13 1 2 1 2 324 497
133    2.325   11.346 10 15 1 2 2 4 209 342
134   17.615   -2.563  2  1 1 2 1 8 310 402
135   48.303  -47.656 12 20 1 2 2 4  85 250
136  -26.471  -30.414 25  9 1 2 2 4 444 546
137  -54.053   43.549  1  7 1 2 4 8 175 343
138  -28.442   24.884 10  8 1 2 2 4 160 256
139    1.501  -14.636 19  2 1 2 1 8  69 197
140  -80.255   39.062 16 19 1 2 1 2 344 441
141   33.313   -9.253 15  8 1 2 4 8 314 464
142   23.328   72.046 18 21 1 2 1 2 306 424
143   23.895  -12.463 13 22 1 2 2 4  88 210
144  -17.218   12.891  4  1 1 2 1 8  94 239
145  -21.326   14.978 16  5 1 1 4  81 176
146    5.548  -24.408 10 22 1 1 2 449 584
147   16.333  -32.629 16  8 1 1 4 209 345
148   39.185  -41.602  3 16 1 1 8 416 543
149  -28.918   -9.113  3 21 1 1 8  74 192
150   12.152   95.117 14  9 1 1 8 435 526
151  -40.717   70.312 22  8 1 1 2 232 352
152   27.655    3.101 18 18 1 1 4 447 607
153   18.616   -3.699 25 12 1 1 2 406 560
154  -70.093   32.147 25 22 1 1 1 402 542
155  -17.279   50.616 16  5 1 1 1 249 354
156   38.818  -17.389 25 10 1 1 8 275 392
157  -15.594  -11.432  4 12 1 1 1  88 204
158   60.101  -38.263 11 13 1 1 2 248 411
159  -81.720  -27.301  1 14 1 1 4  92 226
160   98.914  -31.921 14 16 1 1 8 275 406
161   35.760  -50.830  1 12 1 1 2 335 470
162   19.409  -20.288 20 19 1 1 8  95 270
163  -41.351   45.343 21 22 1 1 4 208 381
164  -15.015   16.290  2 24 1 1 1 182 273
165  -74.829  -22.644 14 10 1 1 4  60 217
166   -4.803  -19.629  7 11 1 1 4  71 249
167  -35.339   42.651 16  5 1 1 2 168 286
168   18.707  -24.500 14  8 1 1 4 424 543
169  -23.273   58.026 14  7 1 1 4 337 499
170  -50.159   56.805 19 11 1 1 8 250 428
171  -41.974   16.254 15  7 1 1 1 270 404
172  -77.063   28.723 21  7 1 1 1 246 385
173  -34.705  -49.426 10  2 1 1 1 213 306
174  -30.005   50.018 13 13 1 1 8 326 439
175  -82.294   54.059  4  2 1 1 8 365 544
176  -49.640   30.554 16 14 1 1 8 197 351
177   26.434   -4.578  8  9 1 1 2 221 369
178   91.473  -89.404  1  9 1 1 8 291 410
179    5.652   92.957  2  1 1 1 4 100 251
180   -0.049   26.697 20 24 1 1 8 155 298
181   26.868  -55.914  1  2 1 1 1 188 330
182   -7.196   -8.972  4 10 1 1 8 425 585
183  -24.011    7.373 15  4 1 1 2 153 260
184   -0.720   18.884 12  2 1 1 2 446 586
185   19.690   57.098 10 18 1 1 1 130 269
186   24.768  -86.151 24  3 1 1 1 185 275
187  -55.389   18.152 23  8 1 1 4 270 385
188  -41.986   43.701 22 18 1 1 8 180 296
189   72.864  -97.382 20  7 1 1 1 465 619
190   14.319  -28.888 10 10 1 1 8 191 359
191   34.210    9.076 13 16 1 1 4 400 491
192    0.922  -11.090 13 22 1 1 8 371 484
