7 6 240 4
500 100
500 150
500 200
500 250
  0   -3.638   16.114  0  0 0 0  0 1000
  1  -34.686   24.048  1 24 1 4 1 2 4 8 215 393
  2    9.717  -10.956 12 18 1 4 1 2 4 8 231 342
  3   54.742  -41.296 20 15 1 4 1 2 4 8 228 325
  4   51.898   89.935  5 18 1 4 1 2 4 8 404 534
  5   -0.006   24.420 10  7 1 4 1 2 4 8 410 544
  6    7.379  -12.677 12  1 1 4 1 2 4 8 246 374
  7  -56.360   19.299 19 17 1 4 1 2 4 8 183 295
  8    0.604   24.774  8  7 1 4 1 2 4 8 213 330
  9   44.183   55.829 18  5 1 4 1 2 4 8 426 571
 10  -24.292   27.118 25 16 1 4 1 2 4 8 165 287
 11    2.789   54.303 23  8 1 4 1 2 4 8 198 365
 12   57.104   66.650  3  8 1 4 1 2 4 8 466 642
 13  -51.465   30.646 21 21 1 4 1 2 4 8 100 253
 14   47.546  -20.782  5  9 1 4 1 2 4 8 318 485
 15    6.696   32.458  1 18 1 4 1 2 4 8 105 206
 16   41.144   18.518 15  6 1 4 1 2 4 8 332 436
 17  -62.811   59.491  9 23 1 4 1 2 4 8 442 589
 18   20.728  -37.500 19  9 1 4 1 2 4 8 198 369
 19  -59.039   38.422 13 14 1 4 1 2 4 8  63 201
 20   36.731  -50.226 24  5 1 4 1 2 4 8 156 287
 21  -62.030   33.521  7 22 1 4 1 2 4 8 458 585
 22   46.210   17.157  8 11 1 4 1 2 4 8 475 634
 23   27.307   21.722 12 21 1 4 1 2 4 8  93 202
 24    6.403  -18.994 13 19 1 4 1 2 4 8  88 227
 25   20.776  -15.387 25 15 1 4 1 2 4 8 246 360
 26  -53.625   34.863 23 13 1 4 1 2 4 8 348 485
 27  -12.903   37.512 20  4 1 4 1 2 4 8 411 559
 28  -13.123    2.655  8 19 1 4 1 2 4 8 350 522
 29   24.396   51.978  5 24 1 4 1 2 4 8 234 328
 30   78.394   64.496 19 19 1 4 1 2 4 8 297 472
 31  -11.444   69.794 24  7 1 4 1 2 4 8 437 598
 32  -33.502    7.501  4 17 1 4 1 2 4 8 178 355
 33   33.228  -22.797 13 18 1 4 1 2 4 8 386 477
 34   -5.127  -26.282 15 24 1 4 1 2 4 8 165 323
 35    0.305  -79.218 15  2 1 4 1 2 4 8 281 422
 36   24.768  -88.690 21 25 1 4 1 2 4 8  81 214
 37    5.243  -67.346 21  8 1 4 1 2 4 8 183 362
 38  -19.440   50.104 24 21 1 4 1 2 4 8 131 244
 39   19.061  -29.480 18  7 1 4 1 2 4 8  66 219
 40  -10.083   36.786 13  5 1 4 1 2 4 8 266 389
 41   57.715   71.362  4 14 1 4 1 2 4 8 239 415
 42  -47.406   63.544 11 15 1 4 1 2 4 8 362 484
 43   15.790  -17.041  4  2 1 4 1 2 4 8 470 643
 44   70.361   27.753 25  5 1 4 1 2 4 8 264 439
 45   -2.551   51.666 13  1 1 4 1 2 4 8  78 252
 46  -68.878    4.053 17  3 1 4 1 2 4 8 200 377
 47  -19.385   12.677 14 23 1 4 1 2 4 8 267 416
 48   41.693  -93.585 15 10 1 4 1 2 4 8 193 322
 49   28.082  -18.262 19 23 1 4 1 2 4 8  63 175
 50   28.845  -16.473 10 12 1 4 1 2 4 8 236 390
 51  -52.032   26.703 23 10 1 4 1 2 4 8 121 294
 52  -27.356   38.708 19  6 1 4 1 2 4 8 282 372
 53  -34.302   25.995 25  4 1 4 1 2 4 8 332 446
 54  -41.425   78.906 21 25 1 4 1 2 4 8 128 232
 55   24.786  -35.925  5 19 1 4 1 2 4 8 440 594
 56  -22.522   18.536  4  8 1 4 1 2 4 8 345 436
 57   -7.550   23.572 22 21 1 4 1 2 4 8 100 224
 58  -45.129   30.438  9  1 1 4 1 2 4 8 145 253
 59  -33.136   30.731 19 11 1 4 1 2 4 8 449 606
 60  -31.482    9.351 11  4 1 4 1 2 4 8 460 615
 61    9.686    7.294 14 23 1 2 1 2 268 398
 62   43.884  -23.669 12 12 1 2 1 8 148 246
 63   49.188   59.290 11  6 1 2 1 8 139 278
 64  -39.551  -10.968  3 17 1 2 4 8 338 468
 65  -96.521   45.508 17 21 1 2 1 2 106 249
 66  -59.076   41.669  2 20 1 2 2 4 186 326
 67  -68.811    4.315  1 24 1 2 1 8  70 244
 68   10.510   19.092  5 25 1 2 2 4 323 491
 69   40.820   65.723 11 21 1 2 4 8 169 293
 70   28.833  -57.672  7 25 1 2 2 4 211 352
 71   29.303  -49.371 19  7 1 2 1 2 282 451
 72   -6.238  -52.020 22 14 1 2 1 2 228 318
 73  -75.037   46.448  2 17 1 2 2 4 138 255
 74  -57.495   13.574 10  3 1 2 4 8 150 263
 75  -15.704   13.940 20  3 1 2 2 4 408 565
 76   36.322   71.411  8  9 1 2 1 8 232 347
 77   39.429   30.835 21 16 1 2 1 8 378 537
 78  -93.097   84.552 20 21 1 2 1 2 352 472
 79   45.367   -8.905 18 11 1 2 2 4 160 327
 80   96.985  -19.165 23 12 1 2 1 2 456 564
 81  -53.088   53.790  8  4 1 2 1 2  83 207
 82  -23.102   61.108 15  8 1 2 4 8 302 472
 83   28.400  -35.272 24 13 1 2 4 8 181 319
 84  -31.110  -51.361 16  6 1 2 2 4  68 181
 85   82.385   46.893 24 10 1 2 1 8 414 553
 86  -19.629    0.769 11  4 1 2 4 8 218 347
 87   13.965   91.473 19 23 1 2 2 4 323 450
 88  -87.347    5.078 21 13 1 2 2 4 117 228
 89  -27.386  -58.612  6 22 1 2 4 8 442 586
 90  -39.404   54.022  6 12 1 2 2 4  78 216
 91    7.391  -32.019 23 19 1 2 1 8 393 497
 92   54.401   29.810 10 22 1 2 2 4 437 612
 93   28.650   63.910 16 22 1 2 4 8 175 281
 94    1.117  -56.006 23 24 1 2 2 4 276 419
 95   14.471   14.288 25 10 1 2 4 8 427 572
 96  -17.572  -79.858 19 19 1 2 2 4 270 386
 97  -20.978  -34.015  8  9 1 2 1 8 181 272
 98   81.104   94.263  2 16 1 2 2 4 123 227
 99    1.190   56.055  6 23 1 2 1 2  75 189
100   21.112  -47.125 20 19 1 2 1 8 104 257
101   75.848   86.322  5 14 1 2 2 4 307 406
102    7.880   -5.750 13  6 1 2 1 2  78 218
103  -69.318   28.619  3 25 1 2 4 8 443 542
104   10.931  -29.095 18 20 1 2 1 2  99 276
105  -22.272   -1.086  9  1 1 2 4 8 456 570
106   32.770   29.266 17 14 1 2 2 4 145 318
107   11.786   15.375 18 22 1 2 4 8 438 600
108   10.645    6.067 11  1 1 2 2 4 134 264
109    3.345   17.041  9 20 1 2 2 4 467 562
110    5.615  -87.604  5 13 1 2 2 4 314 453
111   20.490  -30.389 16 16 1 2 1 2 183 309
112    2.661   66.876 19 24 1 2 1 8 227 372
113   14.752   22.925  9  9 1 2 1 2 362 455
114   25.201  -47.119  5 25 1 2 1 2 119 268
115  -16.949   67.664 11 18 1 2 2 4 197 309
116  -28.986   28.894 15  6 1 2 1 8  62 158
117   35.413  -48.401 24 22 1 2 1 2 120 252
118  -29.620   72.046 19 22 1 2 1 8 233 373
119  -31.281  -15.088  6  2 1 2 4 8  88 209
120  -46.460   48.151 10  8 1 2 1 2 140 299
121   56.378  -25.140 20 15 1 2 2 4 241 363
122   30.255  -25.458 23 20 1 2 4 8 237 340
123  -54.669   25.677 22 19 1 2 2 4 143 242
124  -61.542   35.144  5  7 1 2 4 8 361 523
125   32.532  -18.872 21 22 1 2 4 8 157 323
126  -92.487  -22.693  7  7 1 2 1 8 114 274
127   70.404  -72.443 14 15 1 2 2 4 337 465
128    8.783  -69.360 22 19 1 2 4 8 235 364
129   26.794   57.440 15  4 1 2 1 8 368 461
130    6.421   62.018  7 10 1 2 2 4 433 572
131  -99.670   11.475 10 14 1 2 1 8 143 251
132  -44.159   41.980 12  4 1 2 1 2 291 432
133  -55.664   39.050  8 25 1 2 4 8 327 429
134  -43.549   30.188 11 12 1 2 1 8 375 548
135   38.019  -18.427  2 24 1 2 1 2 372 476
136   31.653   63.483  7  3 1 2 1 2  88 228
137   26.068  -10.266 12 18 1 2 1 2 477 569
138  -73.022   25.958 24 25 1 2 1 2 333 491
139  -41.949   22.791 15 19 1 2 4 8 355 453
140    6.207   44.769 11  3 1 2 1 8 362 489
141   25.104   78.876  2 18 1 2 1 8 445 545
142   34.998   16.058 17  9 1 2 1 8 256 406
143  -43.262    8.588 18 20 1 2 1 8 106 238
144  -12.598   48.462 11 23 1 2 2 4  83 204
145  -15.387   67.053 17 13 1 2 1 2 133 289
146   -8.099   40.924 15  6 1 2 2 4 460 622
147  -33.551   34.430  8 13 1 2 1 2 332 460
148   28.937  -22.119  4 12 1 2 1 8 185 345
149   78.638   -8.209  9 24 1 2 4 8 336 492
150   51.001   45.770 18 14 1 2 2 4 290 467
151   49.200   20.630 10 18 1 2 2 4 293 391
152  -41.656   51.086  2 16 1 2 2 4  96 242
153   19.690  -28.058 22  9 1 2 4 8 357 493
154   56.927   15.271  2  6 1 2 2 4  84 189
155   28.503   -6.470 17  4 1 2 4 8 229 350
156   -1.367   -9.375 23  4 1 2 4 8 100 190
157  -81.995   -2.673 21 16 1 2 2 4 207 343
158  -24.945  -41.241 14 22 1 2 4 8 149 281
159  -86.847   69.415  9  1 1 2 2 4 373 545
160   46.558   15.570 22  2 1 2 1 8 284 399
161  -85.394   44.781 18 18 1 2 1 2 213 387
162   -7.013   53.424 17 22 1 2 1 2 106 218
163  -26.520   62.097  5  3 1 2 2 4 332 497
164  -81.604   30.640 25  3 1 2 4 8 279 422
165   82.147   44.208 22 24 1 2 1 8 171 345
166   17.316  -35.895  1 14 1 2 1 2 274 441
167   48.181   22.577 11 22 1 2 4 8  99 220
168  -31.110   16.931 14 11 1 2 1 2 195 337
169  -43.066   16.962  9 14 1 2 2 4 115 223
170  -11.420  -25.311  5 13 1 2 4 8  71 218
171   29.364  -51.721 18 12 1 2 2 4 166 264
172   55.597  -65.259  4 10 1 2 2 4 260 408
173   29.919  -46.252  8 12 1 2 4 8 197 358
174   17.883  -68.549  6 22 1 2 4 8 137 250
175  -89.935   64.575 25 10 1 2 4 8 328 484
176    7.159  -28.467  3  6 1 2 1 2 392 531
177   -0.745  -38.892  9  4 1 2 4 8  97 234
178   73.029  -66.461  5 11 1 2 1 8 209 349
179   11.572  -44.574 16 14 1 2 2 4 118 291
180   15.710   34.839  3 20 1 2 1 2 149 261
181   29.022  -40.002  6  5 1 1 8 475 615
182   67.542   32.446 23  4 1 1 1 296 440
183    5.292  -51.556  2 14 1 1 1 444 596
184  -74.139    9.161 24 21 1 1 1 301 424
185  -51.196   40.833 18 21 1 1 1 178 312
186  -67.139   19.141  7 23 1 1 8 129 240
187  -30.927  -11.401 24  2 1 1 1 133 233
188  -44.891  -23.718 21 13 1 1 8 150 310
189  -79.999   60.114  2 18 1 1 4 106 266
190  -44.556   19.623  7 16 1 1 4 235 413
191   27.057    8.679 23 10 1 1 1 409 544
192  -61.267   59.912 24 25 1 1 8 261 418
193  -56.812   45.544  3 18 1 1 1 312 445
194   19.965  -44.220 16 17 1 1 2 440 552
195  -69.049   62.891 13 19 1 1 4  72 233
196   -7.928   97.266 25 25 1 1 4  93 214
197   20.404   44.513 14 24 1 1 4 408 539
198   42.505  -14.215 17 20 1 1 8 417 511
199   33.752   32.294 11  6 1 1 4 288 421
200   17.975   32.782  1 24 1 1 8 209 325
201   52.118   21.033 22 25 1 1 8 333 508
202  -26.489   43.903 11 10 1 1 2 184 357
203   37.103   53.345  6 19 1 1 8  85 248
204   72.357   62.030 18  7 1 1 4 220 323
205  -53.674   48.523 19 11 1 1 2 242 369
206  -97.900   67.920 10 21 1 1 4 128 253
207  -69.232   35.602 17 24 1 1 2 199 323
208  -27.686  -26.093 17  1 1 1 1 469 638
209   16.370  -15.546  7 23 1 1 4 324 494
210   42.493  -51.324 22 10 1 1 8 140 292
211  -54.779   35.907  4 21 1 1 4 140 241
212  -12.848   51.459  4 17 1 1 8 293 457
213   57.916   18.445  9 13 1 1 8 164 312
214   43.469  -98.682 12  6 1 1 2 369 540
215   10.449  -42.487  5 22 1 1 1 258 410
216   -8.252   37.714 15 14 1 1 8 438 529
217   68.695  -30.060 22 13 1 1 8 143 249
218   31.604  -53.210  5 15 1 1 2 254 387
219  -49.097    5.194 17 17 1 1 1 385 489
220   -1.782  -45.105 24  6 1 1 4 381 548
221   27.814  -24.841 15 18 1 1 4 269 424
222   -1.111    8.301  4 12 1 1 2 436 537
223   16.614  -30.084  5 11 1 1 4 109 209
224  -54.858   56.482  1  6 1 1 4 215 327
225  -65.692   41.821  2  2 1 1 4 213 387
226  -73.962   74.353  1 16 1 1 4 423 519
227  -10.944   82.013  8 22 1 1 4 259 366
228   13.953  -25.842 16  7 1 1 1 389 564
229  -88.318   31.061  7 15 1 1 8 138 243
230  -48.724   50.220  7 16 1 1 8 396 548
231  -21.863   75.830 17 25 1 1 2 129 297
232  -19.391  -40.826 13  2 1 1 8 128 263
233  -21.112   42.914  8 18 1 1 8 207 380
234   46.967   34.076 25  3 1 1 1 448 584
235   55.475   40.869 22  5 1 1 2 120 275
236   25.330   47.449 12 16 1 1 2 425 548
237   54.816   -6.958 23 10 1 1 8 467 630
238   33.441  -40.125  7 15 1 1 4 189 336
239    9.705  -35.016 20 14 1 1 8 118 214
240    1.617  -72.998 12  1 1 1 4 261 396
