7 7 288 4
500 100
500 150
500 200
500 250
  0   18.488   -4.745  0  0 0 0  0 1000
  1  -26.599  -50.415  5  9 1 4 1 2 4 8 217 383
  2   32.990  -35.767 21  7 1 4 1 2 4 8 164 334
  3   17.780  -14.044 18 22 1 4 1 2 4 8 317 470
  4  -19.708  -27.600 20 16 1 4 1 2 4 8 457 575
  5   26.007   39.270  5  9 1 4 1 2 4 8 289 384
  6   -4.315   -7.166 16  5 1 4 1 2 4 8 290 425
  7  -14.636  -40.906 24 19 1 4 1 2 4 8 325 504
  8    9.052  -28.381  7  6 1 4 1 2 4 8 120 224
  9    7.159  -19.171  1 16 1 4 1 2 4 8 133 300
 10    8.087  -60.339 14 16 1 4 1 2 4 8 248 361
 11  -51.520   45.697  5  4 1 4 1 2 4 8 165 296
 12   92.395   15.039 11 13 1 4 1 2 4 8 200 339
 13   63.556  -13.025 21 15 1 4 1 2 4 8 132 258
 14   25.714  -18.573 22 21 1 4 1 2 4 8 263 395
 15   41.541  -26.318 18  7 1 4 1 2 4 8  70 179
 16    0.006  -73.206 17 12 1 4 1 2 4 8 259 370
 17  -73.352  -46.521 16 24 1 4 1 2 4 8 237 386
 18  -57.227   22.089 11 15 1 4 1 2 4 8 145 312
 19  -18.372  -42.267 24 19 1 4 1 2 4 8  70 225
 20   51.764   21.436 12 16 1 4 1 2 4 8 449 595
 21  -70.996   -2.527  8 18 1 4 1 2 4 8 462 615
 22   24.939   35.095 15 23 1 4 1 2 4 8 401 493
 23   15.253  -34.937 10  3 1 4 1 2 4 8 350 441
 24   31.091   28.845 14  6 1 4 1 2 4 8 185 329
 25   16.437  -20.740 10 20 1 4 1 2 4 8 268 439
 26   59.692   40.546 21 14 1 4 1 2 4 8 132 282
 27  -15.936   78.101  7 24 1 4 1 2 4 8  86 253
 28   -4.236  -52.222 16  8 1 4 1 2 4 8 322 439
 29    9.247  -14.722 14  8 1 4 1 2 4 8 212 388
 30   11.462  -10.034  4 25 1 4 1 2 4 8 145 306
 31   70.282   53.497 23 23 1 4 1 2 4 8 221 375
 32   39.526  -49.115 14  1 1 4 1 2 4 8 460 611
 33   89.606   30.585  5  5 1 4 1 2 4 8 389 557
 34   60.895  -60.400 13 20 1 4 1 2 4 8 324 477
 35   43.652   53.912 21 20 1 4 1 2 4 8  98 244
 36    3.680    4.504  7 15 1 4 1 2 4 8 180 353
 37   32.336  -40.875 24 12 1 4 1 2 4 8 289 443
 38   54.791    0.610  8 21 1 4 1 2 4 8 113 287
 39   80.487  -64.923 10 19 1 4 1 2 4 8 123 297
 40   50.250  -47.650 24 24 1 4 1 2 4 8 444 612
 41   45.404   10.706 19 16 1 4 1 2 4 8  81 203
 42   48.932   82.941  1  2 1 4 1 2 4 8 410 587
 43   41.400  -20.111 23 24 1 4 1 2 4 8 401 578
 44   45.239  -71.399  1  2 1 4 1 2 4 8 104 210
 45   29.498  -18.292 11 10 1 4 1 2 4 8 364 543
 46   54.620  -30.090 15 21 1 4 1 2 4 8 157 333
 47  -17.743    9.668 17 19 1 4 1 2 4 8 351 483
 48   54.169   13.745 20 11 1 4 1 2 4 8 138 267
 49   21.466   17.517 14 18 1 4 1 2 4 8 404 544
 50   40.173   15.912 12  6 1 4 1 2 4 8 235 344
 51   70.599  -53.308 16  4 1 4 1 2 4 8 176 355
 52   68.982   55.853 22 21 1 4 1 2 4 8 474 571
 53   36.151   45.081 21 15 1 4 1 2 4 8 299 399
 54   45.020  -56.799 24 12 1 4 1 2 4 8 363 510
 55  -13.617  -37.646 14 22 1 4 1 2 4 8 377 480
 56  -20.007  -70.490 17  3 1 4 1 2 4 8 340 459
 57  -37.952   15.259 25 19 1 4 1 2 4 8 373 546
 58   43.982   54.730 10 14 1 4 1 2 4 8 372 546
 59   -2.063  -55.255 10 21 1 4 1 2 4 8 171 327
 60   95.447  -10.864  1 10 1 4 1 2 4 8 444 604
 61   10.162  -29.303 11  6 1 4 1 2 4 8 296 441
 62   38.794   -1.343 10  4 1 4 1 2 4 8 363 529
 63    7.800   39.795  2 13 1 4 1 2 4 8 265 420
 64   59.827   17.059 18 12 1 4 1 2 4 8 280 380
 65   23.157   -3.613  7 10 1 4 1 2 4 8 474 568
 66  -18.689  -46.082  4  1 1 4 1 2 4 8 186 288
 67   41.162  -55.701 22  5 1 4 1 2 4 8 331 432
 68   -4.492  -65.601  1 17 1 4 1 2 4 8 202 333
 69  -22.009  -24.548  8 20 1 4 1 2 4 8 221 322
 70   76.746  -10.284 21 18 1 4 1 2 4 8 340 474
 71   26.343  -10.150 11  8 1 4 1 2 4 8 412 570
 72  -13.879  -78.888  9  5 1 4 1 2 4 8 302 464
 73    7.281    7.202 13  4 1 2 1 8 305 442
 74   11.591   49.310 20 22 1 2 1 2  85 202
 75   43.164   -1.636 12 19 1 2 2 4 386 549
 76   38.544   64.191 24 24 1 2 2 4 284 390
 77  -40.308  -56.445 15 24 1 2 1 2 177 284
 78    6.757   47.290 21  7 1 2 1 8 339 458
 79   37.543   81.061 23 24 1 2 1 8 439 569
 80  -58.691  -46.558 11 24 1 2 2 4 337 496
 81   52.313   34.717 16 15 1 2 4 8 410 576
 82  -14.410  -42.194  9 19 1 2 1 2 422 530
 83  -35.138  -52.094 24  5 1 2 1 2 419 514
 84   54.260   29.712  3 14 1 2 2 4 477 642
 85  -21.674   -6.073 14 18 1 2 2 4 244 353
 86   23.645  -35.681 15 25 1 2 1 8 428 595
 87   50.800  -16.821  8 14 1 2 1 2 197 339
 88   36.023   10.773 19 14 1 2 1 8  63 207
 89    2.350  -16.180 20  2 1 2 2 4 338 453
 90  -52.924   40.356 13  6 1 2 1 2 389 549
 91   22.980  -54.181 11  8 1 2 1 2 187 331
 92  -12.830    0.177 19 16 1 2 4 8 391 565
 93   82.477   74.963 13  4 1 2 2 4 215 330
 94  -62.720    8.038  4 23 1 2 4 8 436 544
 95   28.400  -27.057 13  4 1 2 1 2 337 457
 96   27.985  -15.912  3 23 1 2 1 2 322 498
 97   66.284  -26.245 24 18 1 2 1 8  62 216
 98   11.804  -17.334 17  2 1 2 1 8 279 376
 99   43.707    0.409  2 16 1 2 1 8 122 259
100   37.451  -36.420 23  3 1 2 4 8 459 595
101  -18.805   86.713 12 16 1 2 1 2 174 269
102   21.051   48.309  6 10 1 2 4 8 107 198
103  -83.020  -85.339 10 20 1 2 1 2 372 478
104  -19.415   -9.625 19 12 1 2 2 4 340 474
105   12.976   51.575  1 23 1 2 2 4 132 271
106   74.207   69.849 25 23 1 2 1 2 379 473
107  -58.978  -11.096  7 23 1 2 2 4 223 329
108   78.174   10.992  8 14 1 2 4 8 415 509
109   25.189   47.394 21  9 1 2 2 4 236 386
110   -1.477   -8.820 22  2 1 2 4 8 100 215
111   48.889    2.588 24 12 1 2 4 8  94 254
112   69.037   32.819  3 24 1 2 2 4 397 548
113   84.973   -2.039 16  5 1 2 2 4 159 303
114  -40.521   -6.641 24  2 1 2 1 8 290 420
115   44.879   -0.092 23 15 1 2 1 2 215 394
116  -11.023    6.812 19 18 1 2 1 2 290 401
117   46.204  -17.596 12 25 1 2 1 8 279 418
118    0.757  -32.788 12  1 1 2 2 4 468 581
119   27.899  -30.914 22 23 1 2 1 8 147 311
120   64.355   45.862  3 15 1 2 2 4 314 469
121   -3.467   -6.384 19  5 1 2 1 8 226 398
122   26.331  -46.967  9  3 1 2 1 2 344 500
123   28.821   -7.794 18  3 1 2 1 2 131 255
124   26.178    7.202 14 17 1 2 1 8 151 330
125   47.766   54.364  3 17 1 2 4 8 108 230
126   39.966  -22.839  7 21 1 2 2 4 392 510
127   14.142  -16.034 14 24 1 2 4 8  92 264
128   34.155  -19.122  6 15 1 2 2 4 444 570
129   31.750   54.358 14  9 1 2 4 8 211 364
130  -50.214   84.717  5 23 1 2 4 8  80 252
131   81.323  -51.587  3  6 1 2 1 2 462 609
132   -4.645  -26.776  4  2 1 2 1 2 258 368
133   26.678  -44.141  4 14 1 2 4 8 445 607
134   -3.052   -1.495 10  2 1 2 1 8 440 604
135   30.225   43.164 13 22 1 2 1 2 238 371
136    7.819   73.907 10 24 1 2 1 8 153 332
137   57.397   42.554 22 13 1 2 1 8 359 464
138   23.688  -48.816 17 12 1 2 1 2  86 217
139   74.866  -38.715 11  6 1 2 2 4 221 378
140   -8.453  -12.573 17  7 1 2 1 8 380 536
141    5.237  -11.212 18  9 1 2 4 8 156 297
142   47.620   44.366  9  4 1 2 2 4 206 298
143  -18.597   -2.570  5  2 1 2 1 8 124 266
144   50.470   18.756 11  7 1 2 2 4  73 169
145   42.157   64.746  6 15 1 2 4 8 185 313
146   96.051  -67.590 20 20 1 2 2 4 471 569
147    6.921  -24.457 25 14 1 2 1 8 455 576
148   55.994  -20.325  1  5 1 2 1 2 374 477
149   42.157  -54.663 15 14 1 2 1 8 178 281
150   45.435   45.410 14 23 1 2 4 8 144 317
151  -19.891  -49.286 12 22 1 2 1 8 354 521
152  -60.046  -76.849  6 13 1 2 2 4 165 298
153   55.566   38.599 12 19 1 2 1 2 309 428
154    7.135   17.950 17 18 1 2 1 2 185 346
155    6.689  -22.656  2 10 1 2 4 8 209 346
156   39.410   11.682 12 16 1 2 4 8 345 497
157   37.512   82.794 23 17 1 2 4 8 325 482
158   66.467   49.182 22 25 1 2 1 8 470 571
159   -6.744  -13.989  7  8 1 2 1 8 233 353
160   56.165   18.091 22  2 1 2 1 2 294 393
161   35.791   21.869 19 21 1 2 2 4  90 213
162   76.868   29.285  9  2 1 2 4 8 117 255
163   65.326   36.261  4 22 1 2 2 4 456 613
164   -1.306   97.784 11  3 1 2 1 2 376 481
165   10.083   74.182  3 15 1 2 2 4 282 384
166   27.618   47.205 23  8 1 2 1 8 476 632
167   -3.821  -50.934 16 10 1 2 1 8 451 575
168   32.452   28.693  1 10 1 2 1 8 386 551
169   11.597  -32.635  5 13 1 2 2 4 312 455
170   -2.594   58.691  5  6 1 2 1 8 312 428
171   52.911   45.007  9 11 1 2 1 8  62 214
172  -18.817   88.580 14 10 1 2 1 8 274 431
173   81.812   77.612  5 22 1 2 4 8 181 320
174    1.495   61.572 20 20 1 2 4 8 369 482
175   53.656   39.490  4 11 1 2 1 2 291 424
176   13.800   44.049  6 20 1 2 4 8 166 290
177  -27.478  -20.758 13  8 1 2 2 4 393 519
178    2.570  -34.857 17  3 1 2 4 8 127 287
179    2.399   53.168  4 17 1 2 1 8 137 242
180   -1.324   83.740  6  8 1 2 1 8 142 314
181   26.251   43.134  3 12 1 2 4 8 342 479
182   48.364   60.938 21  5 1 2 1 8 167 295
183   35.004  -13.428 24  5 1 2 4 8 315 422
184  -62.830  -20.056 19 18 1 2 1 8 156 261
185   43.817  -89.404 23  6 1 2 4 8 226 356
186   57.294   28.101  3 23 1 2 1 2  73 205
187    9.106   -4.449 20 14 1 2 1 2 416 592
188   53.284   67.542 17 17 1 2 1 2 120 234
189   28.503   77.966  2  1 1 2 1 8 168 334
190   56.830  -67.926 12 16 1 2 1 8 279 376
191   51.862   70.691  2 19 1 2 1 8 417 595
192   52.032   24.188  9 10 1 2 1 8 150 261
193   70.178   35.199  5 23 1 2 1 8 339 479
194  -25.531  -25.195  5  4 1 2 1 8 286 406
195   55.560   22.424 18  1 1 2 1 2 257 408
196   19.055  -10.608 13 19 1 2 1 2 119 251
197   75.696   69.031 23 24 1 2 1 2 402 521
198   81.702    6.732 22 16 1 2 4 8 401 499
199  -22.113   63.953 13  9 1 2 1 2 402 504
200   -7.098  -14.240  7 14 1 2 1 8 217 313
201   42.242   37.061 25  3 1 2 1 2 368 507
202   88.544  -58.319 13  2 1 2 1 2 270 433
203   46.039   16.638 25 13 1 2 4 8 476 631
204   46.887   10.150  4 23 1 2 1 2 401 497
205   15.039   -6.903  8 24 1 2 1 2 349 506
206   57.159  -59.515 23  5 1 2 2 4  93 199
207   -4.199  -21.991  8 18 1 2 1 8 143 286
208   69.482   29.919 16 19 1 2 1 8 432 567
209    9.930   54.114 12 18 1 2 4 8 475 576
210  -32.428   53.387  9 12 1 2 2 4 312 461
211   23.444   54.944  2 23 1 2 2 4 148 242
212   68.512   68.317 20  5 1 2 1 8 476 601
213   81.866   42.072  7  3 1 2 2 4 126 282
214   12.335  -76.672 19  5 1 2 1 8 198 363
215   77.252  -17.963  2 16 1 2 1 8 158 321
216  -40.710  -72.260 20 14 1 2 1 8 197 340
217  -20.618  -18.665  2  3 1 1 2 251 410
218   51.868   41.345  4 16 1 1 8 378 538
219   45.673   33.350 11 14 1 1 2 118 219
220  -49.432   14.960  9 16 1 1 2  98 228
221  -48.279  -15.643 15 16 1 1 2 406 547
222  -42.786  -18.353 18  5 1 1 1 477 580
223   19.922   -9.149 11 14 1 1 8  88 243
224   24.518  -28.003 17 18 1 1 1  80 212
225   39.099  -24.023 15  5 1 1 8 127 270
226   83.716  -57.886 25 13 1 1 1 276 383
227   41.455    5.505 17  9 1 1 1 228 386
228   47.174  -36.285 15 13 1 1 4 265 420
229  -28.925  -20.648 19  1 1 1 2 474 579
230   25.934  -46.606 24 23 1 1 8 191 345
231   27.405   77.545 11  3 1 1 4 115 250
232   75.897   19.006 20 18 1 1 8 289 401
233   33.899  -20.923  8  8 1 1 2 272 382
234  -44.910  -65.680 24 14 1 1 4 227 389
235   -4.755  -25.751 14 20 1 1 2 306 396
236   53.723  -46.741 24 14 1 1 1 436 541
237   38.464   43.787 22 24 1 1 4  63 229
238  -21.112  -27.582 16 16 1 1 1 352 487
239   -7.660  -56.677 10  4 1 1 4 280 418
240   32.513   31.396 10  7 1 1 2 411 580
241   56.091   70.782 10 20 1 1 1 337 488
242  -21.326  -21.417  5  4 1 1 8 186 307
243   55.902  -31.177  8  9 1 1 4 327 419
244   72.119   31.763 24 10 1 1 1 366 542
245    4.071   -8.002  9 15 1 1 2 350 465
246  -11.414    3.003 20 10 1 1 4 108 264
247   54.840   53.693 21  4 1 1 4 219 330
248   22.699   46.997 10 21 1 1 1 410 502
249    7.587  -17.499 19 10 1 1 1 445 557
250    5.896   69.861  8 16 1 1 2 420 532
251   55.011   98.767 18 19 1 1 1 152 327
252   -9.351  -36.456  9 24 1 1 8 267 398
253   39.319  -54.199 20 23 1 1 1 340 459
254   43.451  -17.584  7 16 1 1 4 253 411
255   17.169  -62.042 17 19 1 1 2 159 332
256   34.650   -7.678 25  5 1 1 4 363 539
257   64.752   33.301 21 14 1 1 2  91 210
258    2.924  -25.763 24 12 1 1 4 404 538
259   45.404   15.741  1  8 1 1 2 103 262
260   54.694   22.314 25 15 1 1 2 121 216
261  -15.405  -12.952 17  1 1 1 8 375 548
262   31.683  -21.844  8 13 1 1 8 452 624
263   22.174   53.149 20 25 1 1 1 241 396
264   42.767   31.641  3 23 1 1 4 199 325
265   30.402  -23.260 21 11 1 1 2 403 526
266   16.449   80.701 12 10 1 1 8 237 372
267   -7.361  -32.324 19 25 1 1 4 280 391
268    0.024   41.956 19  6 1 1 2 264 357
269   10.150  -15.253  1 17 1 1 2 199 377
270   33.313  -19.092 24 15 1 1 2 230 356
271   16.522   95.453 17  8 1 1 4 252 383
272  -68.506  -32.721 14 10 1 1 2 278 405
273  -25.806  -20.636 13 12 1 1 1  92 243
274   14.197   38.538  3  5 1 1 8 384 563
275   24.988  -24.658  4  8 1 1 8 303 452
276   33.893   15.979 20 17 1 1 1 276 407
277   37.500  -13.385 14 23 1 1 8 369 477
278    9.167  -32.874 16 19 1 1 2 399 507
279  -40.308   68.945 11  7 1 1 8 205 335
280   70.184   56.030  3 14 1 1 8 284 400
281  -30.566  -10.370 14 19 1 1 8 239 360
282   14.209  -12.085 16  3 1 1 8 149 318
283   36.963   44.897 23  4 1 1 8 303 471
284  -21.027  -58.649  3 13 1 1 1 406 500
285   24.133  -17.712 25  7 1 1 2 319 410
286   36.792  -11.603 16 20 1 1 1 266 435
287   59.753    5.817 19  6 1 1 1  77 208
288   25.214  -87.634  6  8 1 1 1 225 351
