7 2 72 6
500 125
500 150
500 175
500 200
500 225
500 250
  0    4.115   10.762  0  0 0 0  0 1000
  1   77.344   53.870  2  2 1 6 1 2 4 8 16 32 218 371
  2   26.141   63.538  2 25 1 6 1 2 4 8 16 32  97 236
  3  -10.242   54.718 15 10 1 6 1 2 4 8 16 32 406 525
  4   33.258   18.079  8 23 1 6 1 2 4 8 16 32  89 195
  5   43.958   -9.076  2 20 1 6 1 2 4 8 16 32 167 313
  6    8.447   43.396  4 21 1 6 1 2 4 8 16 32 334 475
  7    8.826   39.532 16 22 1 6 1 2 4 8 16 32 468 624
  8   -0.128   -1.715  4 23 1 6 1 2 4 8 16 32 447 537
  9  -30.377  -59.790 25 13 1 6 1 2 4 8 16 32 260 358
 10   28.601  -75.531  5 12 1 6 1 2 4 8 16 32 331 436
 11  -22.821  -97.266  5  4 1 6 1 2 4 8 16 32 132 227
 12  -21.674  -26.318 18 23 1 6 1 2 4 8 16 32 355 457
 13   36.218   22.614 17  1 1 6 1 2 4 8 16 32 163 261
 14   35.925   36.414  5 20 1 6 1 2 4 8 16 32 207 304
 15   28.461   33.759 18  8 1 6 1 2 4 8 16 32 455 572
 16  -16.321   15.118  6 16 1 6 1 2 4 8 16 32 185 303
 17   70.184   20.117 16 21 1 6 1 2 4 8 16 32 452 603
 18   98.981   78.912 17 22 1 6 1 2 4 8 16 32  92 255
 19    5.292   77.161 11 24 1 3 1 2 32  77 248
 20   14.929   22.430  5  3 1 3 1 2 32 323 483
 21   28.424   91.449 13 12 1 3 1 2 4 465 555
 22   24.976  -16.644  3 25 1 3 1 2 4 326 440
 23  -22.064   42.871  5 19 1 3 1 2 32 187 350
 24   -6.000   23.596  6 16 1 3 2 4 8 282 431
 25  -59.503  -95.001 18 15 1 3 1 2 32 290 428
 26   -0.098    5.927 10 14 1 3 1 2 32 337 499
 27  -12.567   28.424 21  3 1 3 2 4 8 181 278
 28  -29.669  -61.774 16 25 1 3 2 4 8 295 448
 29  -16.107   -1.599  6 11 1 3 4 8 16 191 359
 30   30.157   -9.851  5  5 1 3 2 4 8 413 560
 31  -10.651   44.464  7 14 1 3 1 2 4 426 573
 32   70.361   64.264 17 21 1 3 1 2 32 322 446
 33  -31.763   54.352  3 14 1 3 4 8 16 392 548
 34  -52.997   34.442  6 23 1 3 4 8 16  62 211
 35   48.102   40.991 24 11 1 3 2 4 8 335 485
 36   10.699   25.427  3 12 1 3 1 16 32 279 401
 37   27.649   60.168 11  9 1 3 2 4 8 394 524
 38  -31.171  -18.707  7 18 1 3 1 2 4  95 239
 39   26.331    3.424 15 24 1 3 8 16 32 181 287
 40   10.852   48.572 14  8 1 3 1 16 32 202 325
 41   45.477   48.993 18 11 1 3 1 2 32 342 500
 42    7.812   89.618 19 11 1 3 4 8 16 458 599
 43    4.755   36.731 25  6 1 3 2 4 8 331 423
 44   49.530   43.127 13 18 1 3 1 2 32 365 493
 45   -1.611  -43.243  4 14 1 3 1 2 32 231 325
 46  -30.798   48.755  3 23 1 3 2 4 8 115 290
 47  -22.205  -10.803 15 14 1 3 1 2 4 435 550
 48  -15.387   -0.073  5 14 1 3 1 16 32  83 211
 49   23.804   -4.565 15  9 1 3 1 2 32 325 493
 50   -9.052   -2.185 25  2 1 3 8 16 32 233 387
 51   -9.229  -11.230  7 20 1 3 2 4 8 232 327
 52   -4.523   79.553  6  4 1 3 1 2 32 246 351
 53   33.386   68.726 12 18 1 3 1 2 32 266 442
 54   13.055  -71.808  8 25 1 3 1 2 32 178 278
 55   55.072   14.172 25 23 1 1 1 314 456
 56    8.051  -31.848  8 21 1 1 1 335 483
 57  -36.218   77.502 11 11 1 1 1 226 359
 58  -22.943  -22.229 23  6 1 1 16 179 328
 59   60.999   24.274  1 20 1 1 4 312 467
 60   29.919   70.844 16 25 1 1 32 429 594
 61    0.092   48.114 25  6 1 1 8 325 486
 62  -15.686   16.754 12  8 1 1 1 158 303
 63   -8.203   10.297 13 23 1 1 8 392 563
 64   -1.086   46.759 21  4 1 1 2 222 382
 65   -4.163   56.055  3 22 1 1 2 423 557
 66   -4.559   74.152  2 12 1 1 16 186 341
 67   -4.657   19.086  6 16 1 1 8 173 292
 68  -16.028   12.732  1  2 1 1 4  81 174
 69   21.460    6.976 16 15 1 1 1 274 443
 70  -23.682    6.573 12 22 1 1 8 469 597
 71  -16.266    3.180  7 20 1 1 2 121 267
 72  -15.063    9.003 18 15 1 1 2 376 520
