7 3 144 6 
500 125
500 150
500 175
500 200
500 225
500 250
  0  -10.674   16.160  0  0 0 0  0 1000
  1   -2.374  -56.158  3 23 1 6 1 2 4 8 16 32 221 349
  2  -25.366  -51.691  2 13 1 6 1 2 4 8 16 32 384 551
  3   20.459  -52.020  8 15 1 6 1 2 4 8 16 32 165 306
  4  -68.463  -44.293 21 21 1 6 1 2 4 8 16 32 194 366
  5   51.794   -9.241 11  1 1 6 1 2 4 8 16 32 343 500
  6   19.818   74.152 10 21 1 6 1 2 4 8 16 32 422 576
  7   52.795    0.311  4  7 1 6 1 2 4 8 16 32 334 444
  8   12.976  -59.015 13 12 1 6 1 2 4 8 16 32 260 412
  9   11.871   24.915 13 23 1 6 1 2 4 8 16 32  95 237
 10   68.738  -50.494 12  9 1 6 1 2 4 8 16 32  77 254
 11  -22.046  -62.946  4  5 1 6 1 2 4 8 16 32  66 179
 12  -49.896  -29.114  6 18 1 6 1 2 4 8 16 32 243 361
 13  -13.593   27.863 25  5 1 6 1 2 4 8 16 32 225 358
 14  -20.868  -27.332 18 25 1 6 1 2 4 8 16 32  95 213
 15   81.989  -18.140 11  9 1 6 1 2 4 8 16 32 384 517
 16  -86.163   72.308  9 18 1 6 1 2 4 8 16 32 459 591
 17  -98.157  -15.424  9 25 1 6 1 2 4 8 16 32 463 619
 18  -59.534   11.157  5 11 1 6 1 2 4 8 16 32 406 562
 19   31.268   31.903  2  5 1 6 1 2 4 8 16 32  92 206
 20   -8.502  -99.738 18 11 1 6 1 2 4 8 16 32  71 169
 21   68.225   28.650 25 16 1 6 1 2 4 8 16 32 471 613
 22   43.201  -21.716  5  9 1 6 1 2 4 8 16 32 177 337
 23    1.892   18.744 20 15 1 6 1 2 4 8 16 32 281 409
 24   39.105  -19.037  3  8 1 6 1 2 4 8 16 32 477 637
 25  -37.854   82.397 13  6 1 6 1 2 4 8 16 32 335 496
 26   54.102   27.997 18  9 1 6 1 2 4 8 16 32 325 422
 27  -60.242    1.483 22 14 1 6 1 2 4 8 16 32 372 507
 28  -85.181   -8.716 14 19 1 6 1 2 4 8 16 32 239 373
 29  -48.267    6.116  8 21 1 6 1 2 4 8 16 32 148 300
 30  -26.855   16.559 10 15 1 6 1 2 4 8 16 32 109 228
 31  -72.589   96.625 13 23 1 6 1 2 4 8 16 32 414 547
 32   46.869    8.282 13  8 1 6 1 2 4 8 16 32 466 626
 33   49.261   35.828 14  1 1 6 1 2 4 8 16 32 397 527
 34  -32.465   39.050 20  3 1 6 1 2 4 8 16 32 379 520
 35   22.931   -2.979 24 12 1 6 1 2 4 8 16 32 389 548
 36  -92.950   25.201 13 25 1 6 1 2 4 8 16 32 477 588
 37  -33.472   38.977 13 11 1 3 8 16 32 185 355
 38  -56.763   55.975 21  1 1 3 8 16 32 479 655
 39   56.390   17.596  1 14 1 3 1 2 32 296 446
 40   22.302  -16.028 17 15 1 3 1 16 32 139 261
 41   -8.295   65.088 16 15 1 3 1 16 32 445 585
 42  -63.043   12.299 20  8 1 3 4 8 16 135 295
 43  -86.975   52.936 25 20 1 3 8 16 32 193 293
 44  -70.734    8.746  7 12 1 3 1 2 32 466 636
 45  -36.572   -8.435  9 11 1 3 4 8 16 383 487
 46  -24.951   -3.900 15 25 1 3 1 16 32 450 624
 47   47.260  -29.510 19  9 1 3 1 16 32 182 353
 48  -63.031    0.684  4 10 1 3 4 8 16 394 521
 49  -13.068   28.094 17 14 1 3 1 16 32 167 301
 50  -45.465   65.552  2 13 1 3 1 2 32 229 383
 51   70.374  -15.564 20 19 1 3 8 16 32 342 449
 52   93.805   16.101  8  5 1 3 2 4 8 210 329
 53  -13.397   72.491 23 10 1 3 1 16 32 201 349
 54  -27.136   -0.055  2  2 1 3 1 16 32 228 324
 55  -13.177   50.763 21 12 1 3 4 8 16 187 317
 56   31.781    2.045 21 15 1 3 8 16 32 325 440
 57   38.904   19.312 11  4 1 3 4 8 16 352 494
 58  -36.139   41.943  2 13 1 3 4 8 16 214 314
 59    4.498  -10.706 22 15 1 3 1 16 32 175 329
 60  -13.214   28.632 20  5 1 3 1 2 32 399 574
 61   38.287   -7.281 25 15 1 3 8 16 32 381 483
 62  -25.690   18.536 22  3 1 3 1 2 4 169 271
 63  -27.454    6.049 15  3 1 3 1 2 32 225 339
 64   -2.100   21.600  9  3 1 3 1 2 32 106 205
 65    0.403   84.155 22 22 1 3 8 16 32 320 445
 66    0.708   27.661 20  1 1 3 2 4 8 186 356
 67   77.692  -10.785 22  9 1 3 1 16 32 275 429
 68  -26.147   25.952 11  6 1 3 1 2 4 260 368
 69  -18.665   13.135 22  9 1 3 1 2 4 380 504
 70   62.195  -10.602 10 22 1 3 1 16 32 307 421
 71  -73.987   37.524 20 12 1 3 1 16 32 380 503
 72   36.780   -6.824 21 23 1 3 1 2 32 104 213
 73  -39.191   56.683 21 14 1 3 1 2 4 386 492
 74  -32.471  -41.089 11 25 1 3 1 2 32 313 444
 75  -24.951   -7.501 15 19 1 3 4 8 16 321 414
 76   -4.443   59.833 12  7 1 3 4 8 16 442 613
 77  -44.989    0.690  1 12 1 3 1 2 4 416 547
 78  -69.299  -15.179  1 18 1 3 1 16 32 300 416
 79  -71.448   19.934 21 21 1 3 1 16 32 436 546
 80   62.097    1.562 23 15 1 3 8 16 32 399 532
 81   -8.246  -20.026 10 12 1 3 1 16 32 132 244
 82   76.117    4.230 11 18 1 3 1 2 32 361 463
 83    1.044   16.125 13 24 1 3 8 16 32 290 436
 84  -16.962   26.697 13 23 1 3 8 16 32 446 588
 85  -19.781   -5.804 23  8 1 3 1 2 32 154 264
 86   -3.168   24.762 14 21 1 3 1 16 32 219 317
 87   -5.243   86.212  7  6 1 3 1 2 4 238 337
 88  -31.915   50.098  1 17 1 3 2 4 8 318 470
 89  -30.573  -44.318 23  9 1 3 1 2 4 447 563
 90   17.926  -31.097 19 20 1 3 2 4 8  64 201
 91   51.727   38.739 25  6 1 3 8 16 32 410 584
 92   -3.540   11.426 10  9 1 3 1 2 4 252 422
 93  -42.432   30.896 19 12 1 3 4 8 16 333 475
 94  -36.560   -3.644 23 10 1 3 4 8 16  78 173
 95  -37.054   59.918 20 18 1 3 8 16 32  66 200
 96  -18.976   85.504 15 20 1 3 8 16 32  60 237
 97  -27.539   23.267  4 12 1 3 4 8 16 125 286
 98  -42.212   83.582 23  3 1 3 1 16 32 329 497
 99   40.625   -1.154 12 14 1 3 1 16 32 263 380
100    8.185   67.072  7 17 1 3 8 16 32 263 440
101   28.564   92.499 21 23 1 3 4 8 16 198 371
102  -50.439   71.295 13  3 1 3 4 8 16 193 317
103   63.934  -12.543 10 10 1 3 4 8 16 160 289
104   -5.463   16.992  3  3 1 3 1 16 32 221 318
105  -74.139   13.538 22  2 1 3 2 4 8 422 548
106   -9.454  -24.591 11  1 1 3 1 2 32 242 368
107    9.814  -11.969 12 13 1 3 2 4 8 417 536
108   52.332  -41.431 11  9 1 3 4 8 16 418 584
109   37.860  -10.370  5 11 1 1 2 382 518
110  -46.783    4.974 16 18 1 1 32 300 433
111   43.732    4.797  3  8 1 1 2 245 416
112    9.857  -10.901  2 25 1 1 32  67 235
113   11.646   28.143 19  5 1 1 2 389 506
114  -69.403   20.288  9 18 1 1 1 383 545
115   44.220  -30.035 21  4 1 1 16 270 379
116   10.120   31.567 21 24 1 1 32 135 293
117  -59.918   14.838 24 20 1 1 1 336 499
118   53.375  -66.461  7 24 1 1 32 335 456
119   -5.597   40.900  1 11 1 1 2 322 432
120  -19.989   67.340 11 17 1 1 16 418 560
121   -8.807   44.873 20 13 1 1 8 181 326
122  -38.519   53.070  1  5 1 1 1 244 377
123  -24.371   29.340 17 24 1 1 2  97 206
124  -10.962  -10.962  3 17 1 1 2 360 502
125   48.309    0.159  7  1 1 1 2 379 548
126  -34.357   33.667 15 20 1 1 8 386 559
127  -49.359   92.407  9 18 1 1 32 195 319
128  -92.426  -27.319 15 12 1 1 2 233 350
129  -66.785    0.879 10 13 1 1 8 160 313
130  -16.174   56.451 24 13 1 1 2 282 374
131  -12.988   14.661  8 16 1 1 1 161 334
132  -37.244   75.409 14 14 1 1 8 158 262
133  -65.698  -84.882  8 12 1 1 32 379 540
134   59.088  -20.795 14 24 1 1 32 216 352
135   26.086   20.355 16 11 1 1 1 257 386
136   49.170  -13.330  1 10 1 1 16 345 459
137  -94.250  -28.485 16 24 1 1 8 426 572
138   -6.329   10.913  7 21 1 1 8 186 324
139  -42.163   26.801 20 12 1 1 16 238 392
140   32.715  -21.869 12  1 1 1 16 433 588
141  -27.362   46.771  3 22 1 1 2 128 300
142  -29.883   -5.585 12 17 1 1 4 476 575
143   -8.942    2.313  4  8 1 1 32 179 351
144   80.548   21.252 18 11 1 1 2 460 574
