7 5 288 6
500 125
500 150
500 175
500 200
500 225
500 250
  0   -2.497    7.199  0  0 0 0  0 1000
  1   -5.713   17.725 16 22 1 6 1 2 4 8 16 32 225 327
  2   38.647   -9.479  8  8 1 6 1 2 4 8 16 32 250 355
  3  -38.031  -14.679 18  6 1 6 1 2 4 8 16 32 343 506
  4   31.158  -48.444 11 25 1 6 1 2 4 8 16 32 299 447
  5   28.027  -35.413  5 10 1 6 1 2 4 8 16 32  99 268
  6   18.353   26.764  3  3 1 6 1 2 4 8 16 32  90 256
  7  -50.891   61.176 18  3 1 6 1 2 4 8 16 32 199 354
  8    0.250  -36.530  2  9 1 6 1 2 4 8 16 32  74 198
  9   64.972  -60.602  7 12 1 6 1 2 4 8 16 32 349 444
 10   -8.099  -53.857  4  8 1 6 1 2 4 8 16 32 243 402
 11  -57.111    5.804 10  5 1 6 1 2 4 8 16 32 420 550
 12   20.343   38.843  6 18 1 6 1 2 4 8 16 32 132 266
 13  -25.366   28.339 23 15 1 6 1 2 4 8 16 32 288 455
 14  -41.962   -1.660  5 22 1 6 1 2 4 8 16 32 403 541
 15  -31.512  -31.396 17 13 1 6 1 2 4 8 16 32 313 462
 16   -3.204  -39.069 25  4 1 6 1 2 4 8 16 32 312 458
 17   12.891    3.247 22  8 1 6 1 2 4 8 16 32 474 635
 18   -8.344   29.761 13 12 1 6 1 2 4 8 16 32 301 449
 19   23.730  -77.106 22 21 1 6 1 2 4 8 16 32 107 253
 20   15.411  -85.101 13  1 1 6 1 2 4 8 16 32 238 365
 21   -8.148  -25.415 13 14 1 6 1 2 4 8 16 32 478 583
 22  -19.250   18.634 19 24 1 6 1 2 4 8 16 32 448 564
 23   48.236   59.326 25 21 1 6 1 2 4 8 16 32 375 467
 24   12.048  -22.076 22 20 1 6 1 2 4 8 16 32 251 421
 25   43.085  -26.385  9 25 1 6 1 2 4 8 16 32 379 474
 26   13.403   41.626 19  9 1 6 1 2 4 8 16 32 314 436
 27   28.021   -8.887  1  5 1 6 1 2 4 8 16 32 142 316
 28   42.712   45.270 17 20 1 6 1 2 4 8 16 32 183 298
 29   13.049   48.462 13 14 1 6 1 2 4 8 16 32 105 240
 30    8.478   94.440  8 11 1 6 1 2 4 8 16 32 225 315
 31  -57.910   -4.999 18  2 1 6 1 2 4 8 16 32 403 522
 32  -24.786   54.529  3  2 1 6 1 2 4 8 16 32 190 297
 33    6.555   59.930 16 22 1 6 1 2 4 8 16 32 403 508
 34  -24.286   54.797 21  3 1 6 1 2 4 8 16 32 275 407
 35   43.561  -60.767 10 19 1 6 1 2 4 8 16 32 443 611
 36   -6.708   37.024 13 10 1 6 1 2 4 8 16 32 255 354
 37   14.154    8.234 13 19 1 6 1 2 4 8 16 32 396 517
 38   21.405   79.810 20 24 1 6 1 2 4 8 16 32 443 561
 39   -9.161    0.079 10 15 1 6 1 2 4 8 16 32 411 514
 40  -78.955  -14.075  7 19 1 6 1 2 4 8 16 32  75 196
 41   49.921  -51.971 20 12 1 6 1 2 4 8 16 32 128 249
 42   38.995   24.945 19 18 1 6 1 2 4 8 16 32 231 410
 43  -34.729   16.705  5  1 1 6 1 2 4 8 16 32 474 582
 44   42.535   12.451  8 25 1 6 1 2 4 8 16 32 148 271
 45   -9.766   14.752 23  2 1 6 1 2 4 8 16 32 116 230
 46  -87.018  -15.735 18 14 1 6 1 2 4 8 16 32 365 537
 47   -8.789  -21.448 20 24 1 6 1 2 4 8 16 32 350 486
 48   36.078   35.925 12  5 1 6 1 2 4 8 16 32 284 409
 49   39.105  -15.649 19 12 1 6 1 2 4 8 16 32 429 529
 50  -14.386  -61.194 21  2 1 6 1 2 4 8 16 32 225 379
 51  -14.307  -38.519 13 25 1 6 1 2 4 8 16 32 453 572
 52  -70.764   50.854 20 19 1 6 1 2 4 8 16 32 174 307
 53   -9.943   -7.458  9 24 1 6 1 2 4 8 16 32 135 255
 54   38.434  -60.419 13 18 1 6 1 2 4 8 16 32 278 370
 55  -55.542  -28.204 18 20 1 6 1 2 4 8 16 32  60 178
 56   60.089  -17.572  6 17 1 6 1 2 4 8 16 32 314 486
 57  -56.720   13.538 16 12 1 6 1 2 4 8 16 32 478 629
 58   -2.271  -37.628  1  2 1 6 1 2 4 8 16 32 248 389
 59  -59.680  -16.437  5 19 1 6 1 2 4 8 16 32 458 610
 60  -44.348  -11.981 23 13 1 6 1 2 4 8 16 32 369 464
 61   13.849  -45.526 18 22 1 6 1 2 4 8 16 32 437 570
 62  -12.494   26.123  6 19 1 6 1 2 4 8 16 32 179 329
 63   27.203   28.119 20 24 1 6 1 2 4 8 16 32 477 623
 64  -59.143    5.707 15 11 1 6 1 2 4 8 16 32 411 540
 65   78.003   -8.386 22  6 1 6 1 2 4 8 16 32 217 333
 66    2.765  -14.154 18 16 1 6 1 2 4 8 16 32 185 280
 67   17.389    3.278 19 10 1 6 1 2 4 8 16 32 378 478
 68   14.069  -22.229  8 11 1 6 1 2 4 8 16 32 438 562
 69   -1.782  -64.014  5 20 1 6 1 2 4 8 16 32  66 234
 70   13.080  -44.489 21 15 1 6 1 2 4 8 16 32 144 245
 71   37.311   30.365 12 16 1 6 1 2 4 8 16 32 219 319
 72  -96.143   14.362  6  3 1 6 1 2 4 8 16 32 252 416
 73  -43.597   23.920 24  7 1 3 1 2 4 300 446
 74  -21.265   10.071  8  6 1 3 4 8 16 184 324
 75  -41.327  -19.958 18 11 1 3 1 16 32 277 384
 76   -0.165   53.345 10 11 1 3 4 8 16 127 281
 77    9.827  -34.778 15 14 1 3 1 2 32 435 553
 78    0.702   -2.002  1 21 1 3 4 8 16 273 387
 79   18.866   43.915  7 19 1 3 2 4 8 153 279
 80  -74.237   -9.357 19  4 1 3 1 2 32 161 306
 81  -61.786  -12.103  6  5 1 3 2 4 8 366 473
 82   47.583   11.737  8  5 1 3 1 2 4 181 340
 83   -3.748    5.109 17 12 1 3 1 2 4 344 494
 84   23.206   66.211  2 20 1 3 1 2 32 425 582
 85  -45.142  -31.555 14 10 1 3 1 2 4 233 373
 86  -12.958   72.906  4 20 1 3 2 4 8 220 393
 87  -58.789  -19.824 18 22 1 3 1 16 32 405 536
 88  -41.382  -17.096 21 14 1 3 2 4 8 209 337
 89    7.367  -40.900 25 19 1 3 2 4 8 240 387
 90  -12.866   47.046 16 12 1 3 4 8 16 267 359
 91  -56.238   -7.581 16 14 1 3 1 2 32 418 582
 92  -54.077  -82.892 10 24 1 3 1 2 32 159 326
 93   38.293    7.275  9  7 1 3 4 8 16 412 572
 94  -11.774    5.377  7 21 1 3 4 8 16 399 515
 95  -18.561  -72.882  7 23 1 3 8 16 32 306 480
 96   46.936   42.871 15 21 1 3 4 8 16 165 282
 97  -37.939  -24.353  9 16 1 3 2 4 8 307 413
 98  -24.475   48.938  3 10 1 3 1 2 4 221 375
 99   47.369   25.323 19 11 1 3 2 4 8 357 520
100   21.741    8.856  4  8 1 3 1 16 32 132 277
101  -51.996   78.772 16  3 1 3 8 16 32 354 519
102  -45.032    1.398 11  3 1 3 2 4 8 250 367
103    9.271   51.581 17 16 1 3 4 8 16 438 582
104   -9.369   32.239 13  1 1 3 2 4 8 282 384
105   36.182   95.209  7 16 1 3 1 2 32 194 371
106   25.519  -66.394 13 16 1 3 2 4 8 291 438
107  -51.544   -7.245 19 20 1 3 1 16 32 407 504
108   -1.483  -25.531 20  1 1 3 8 16 32 140 234
109  -16.296  -28.253  6  3 1 3 1 2 4 339 495
110  -40.118   31.744  9  5 1 3 4 8 16 293 468
111  -70.697   30.450  6 13 1 3 1 2 32  65 214
112    2.954  -72.662 13  4 1 3 8 16 32 407 586
113   18.835  -21.552 13  1 1 3 4 8 16 403 533
114  -75.055  -18.445 15  6 1 3 1 16 32 305 428
115  -21.179  -37.701  3 15 1 3 8 16 32 306 458
116   61.011   56.879 22 21 1 3 8 16 32 171 270
117  -19.421   26.886 19  2 1 3 1 16 32 234 412
118  -32.721    3.033 10  5 1 3 4 8 16 386 542
119  -12.347   -4.669 21 13 1 3 1 2 4 439 543
120   20.178   50.519 22 24 1 3 4 8 16 346 480
121   22.406  -22.656  4 21 1 3 8 16 32 151 308
122  -18.652   30.988 10 15 1 3 1 2 32 457 605
123  -19.885  -88.281 11 18 1 3 1 2 32  74 232
124    8.112  -40.570 14 13 1 3 1 2 32 360 537
125  -10.229  -68.457 14 10 1 3 1 2 32 280 451
126   10.144   65.186 13 15 1 3 2 4 8 101 191
127   -5.890   -0.446 25  9 1 3 4 8 16 124 245
128  -90.149  -55.536  6 13 1 3 1 2 4 232 343
129  -32.410   28.625  9  7 1 3 1 2 4 267 360
130    6.433   23.553  4 25 1 3 2 4 8 416 575
131    1.434  -71.667  1  9 1 3 1 2 4 380 540
132   17.230  -33.679 16 10 1 3 4 8 16  91 222
133  -22.675  -90.125 16  9 1 3 1 2 32 196 296
134  -16.077  -19.287 16 15 1 3 1 16 32 346 464
135    2.502   26.849  6 12 1 3 4 8 16 410 507
136  -81.464  -21.259 20 13 1 3 1 2 32 473 573
137    7.642   20.032 15  9 1 3 1 16 32 191 364
138   23.132   50.415 21 17 1 3 1 2 32 112 284
139  -22.900    9.644  3  5 1 3 1 2 4 390 483
140   36.359   38.342 18  6 1 3 4 8 16 468 593
141   83.710  -34.198  8 14 1 3 2 4 8 390 553
142   -0.317   28.333  5 10 1 3 2 4 8 376 540
143  -34.583   -5.542  2  5 1 3 4 8 16 216 318
144   16.376    5.896 20 11 1 3 1 16 32 439 594
145  -24.921  -11.139  6  7 1 3 4 8 16 446 610
146   75.177   -5.115 17 20 1 3 4 8 16 105 246
147   -1.910  -37.811  5 14 1 3 1 2 4 232 405
148    9.570   50.092  2  3 1 3 2 4 8  60 237
149  -49.554  -76.062 10 18 1 3 1 2 32 229 338
150   86.804  -71.698 25 10 1 3 1 16 32 256 408
151   66.113   34.296 14 24 1 3 2 4 8 238 387
152  -12.787  -14.734  4 12 1 3 1 2 32  90 245
153   11.078  -40.088 14  1 1 3 4 8 16  65 184
154  -26.019   36.792  9 23 1 3 4 8 16 271 439
155   -7.916   -5.634  2  9 1 3 2 4 8 108 234
156  -12.793  -10.602  4  3 1 3 8 16 32 309 413
157   12.189   80.023  4 15 1 3 8 16 32  78 246
158   44.794   58.502  1 16 1 3 2 4 8 396 521
159  -72.308  -24.860 23 15 1 3 2 4 8 377 510
160   69.714    0.250  6  6 1 3 1 2 4 343 451
161  -31.018  -18.738 22 10 1 3 2 4 8 318 458
162    7.996   59.747 11  2 1 3 2 4 8 171 262
163  -33.984  -20.026  9 21 1 3 8 16 32 236 352
164   45.416  -58.716 20 17 1 3 1 2 32 439 534
165  -82.990   -6.378 15  2 1 3 1 2 4 418 516
166  -68.787  -80.823  9 24 1 3 8 16 32 228 331
167  -80.621   -5.713 17 23 1 3 1 2 32 108 245
168   30.212  -52.557  5 23 1 3 4 8 16  82 181
169    0.732   54.944 11  4 1 3 4 8 16 459 601
170  -50.092  -41.864  7  5 1 3 4 8 16 256 397
171  -53.699   44.574 15 14 1 3 2 4 8 383 537
172   25.482  -63.043 23 24 1 3 1 2 4 344 456
173  -80.652   14.227 20  4 1 3 1 16 32 103 220
174   28.156  -42.242  8 22 1 3 1 16 32 266 380
175   22.614   34.668 10 24 1 3 1 16 32 105 211
176  -32.666    5.585 14 13 1 3 1 16 32 300 438
177  -70.917    1.385 20  7 1 3 1 16 32 193 353
178   13.550   11.749 20  5 1 3 4 8 16 138 311
179   40.845   31.671 22  3 1 3 1 2 4 227 353
180   72.650   18.707 13 21 1 3 4 8 16 110 220
181  -16.968  -73.547 18 13 1 3 4 8 16  98 224
182  -27.747   12.543 23  7 1 3 8 16 32 362 501
183  -57.648  -19.995 23 18 1 3 4 8 16  90 240
184   13.470  -52.692 25 21 1 3 4 8 16 271 377
185   22.925  -51.392  8 10 1 3 8 16 32 467 575
186  -63.007   19.159 11 24 1 3 8 16 32 214 360
187   74.786   -5.347 21  6 1 3 1 2 4 151 255
188  -14.764  -10.876 13 11 1 3 1 2 32 391 544
189   37.231   12.848  7 24 1 3 1 2 32 477 583
190  -72.626   21.002 24  7 1 3 4 8 16  80 224
191  -45.544  -51.996  5 16 1 3 8 16 32 460 586
192  -37.482   37.079 12  2 1 3 1 2 4 438 588
193   13.245  -35.309  9 14 1 3 8 16 32 473 647
194   37.585   51.349  8 23 1 3 1 16 32 358 514
195    9.570   64.038  4 10 1 3 4 8 16 344 446
196   25.214   52.618 24 13 1 3 8 16 32 250 345
197   25.818   68.225 21  4 1 3 2 4 8 376 524
198   24.310  -57.623 19 15 1 3 1 2 4 322 440
199  -40.601  -34.827 20  4 1 3 1 16 32 135 262
200   17.780   38.727  4 19 1 3 1 2 32 257 431
201   15.045   45.020  5  7 1 3 1 16 32 119 254
202  -18.683   14.941  3  3 1 3 1 16 32 282 396
203   82.605  -27.258  8  8 1 3 2 4 8 332 446
204   51.251  -58.881 12  1 1 3 1 16 32 468 618
205   10.730   38.843 14 20 1 3 4 8 16 461 590
206   23.785   18.103 10 20 1 3 1 2 32 336 439
207   67.444  -77.087 25 23 1 3 1 16 32 284 432
208  -17.383   24.005 22 11 1 3 2 4 8 246 393
209  -48.395  -25.269  3 17 1 3 1 2 32 392 505
210  -34.357  -20.807 11 21 1 3 1 2 32 330 463
211   50.598    3.894 20  5 1 3 8 16 32 185 335
212    9.747   77.747 20 16 1 3 2 4 8 132 246
213   22.711   85.693  8 19 1 3 1 2 32 352 457
214   47.845   56.934 19 10 1 3 1 2 4 183 320
215  -14.441   33.813 12 24 1 3 8 16 32  75 203
216  -45.081  -22.284  6 23 1 3 2 4 8 254 385
217  -47.333  -14.667 21 18 1 1 32 372 523
218   36.383   69.714  6 23 1 1 4 161 280
219   23.456  -42.200 22 22 1 1 32 465 640
220   27.124   81.622 14 18 1 1 2 364 487
221  -51.141  -39.197 12 24 1 1 2 253 418
222  -65.607   45.197 13  7 1 1 16 262 373
223  -45.367   -5.151  9  7 1 1 16 400 557
224  -34.692   14.728 14 15 1 1 2 247 388
225   32.324  -71.722 15 14 1 1 2 115 282
226   30.951   83.569 22 15 1 1 2 379 537
227   70.190   26.440  6  8 1 1 16  73 216
228  -61.493   15.594 22 17 1 1 16  67 212
229  -57.086   -1.965 10 16 1 1 1 477 581
230   17.487   45.190 21 10 1 1 4 423 584
231    9.210  -91.730  2 20 1 1 8 464 618
232    0.836  -86.279  3 20 1 1 8 255 429
233  -25.256  -24.121 14  9 1 1 4 180 338
234   25.134   -7.745 17  7 1 1 32 380 487
235  -11.108   17.065 13  4 1 1 32 394 519
236  -21.283   10.260  5 11 1 1 32  71 174
237  -14.868    1.917 18  2 1 1 32 138 317
238   22.614    9.198 18 22 1 1 2 330 493
239  -71.710   35.132 16 21 1 1 2 253 422
240   44.965  -64.453 16 24 1 1 8 322 476
241   28.406   10.217 17  6 1 1 2 320 471
242  -76.666  -11.005 21  1 1 1 4 399 560
243    7.007  -38.861 12 24 1 1 32 210 369
244   33.008   54.340 23 16 1 1 1 143 322
245   24.286   65.668 25  5 1 1 2 454 602
246   35.748  -74.152 18  8 1 1 16 250 373
247  -34.210  -11.206  1  4 1 1 8 479 626
248  -29.724   42.725 19 10 1 1 4 450 598
249  -22.528   16.656  8 16 1 1 2 265 408
250    9.436  -23.535 16 19 1 1 8 196 367
251  -12.219   27.203 17 12 1 1 8 262 368
252  -24.042    0.574  3 13 1 1 8 194 323
253   33.331   93.042 15 23 1 1 32  76 197
254  -40.161    5.762 23 25 1 1 4 160 286
255  -53.400   18.292 12 21 1 1 1 430 573
256  -11.627   23.560 19  1 1 1 2 129 254
257  -37.720   -9.546 12 21 1 1 2  95 232
258   88.824   -7.550 21  5 1 1 8 267 391
259   14.044  -73.004 18 24 1 1 32 262 392
260   63.190    8.197 16 24 1 1 32 225 348
261  -52.759    6.403 17 23 1 1 8  77 213
262  -20.288   -1.135  1 24 1 1 1 117 213
263    5.933  -89.929  4 10 1 1 32 438 609
264   -9.302   20.227  6  2 1 1 1 385 560
265  -21.130   22.534  9 23 1 1 4 183 355
266  -30.194    4.852 24 23 1 1 4 110 203
267   16.174  -33.679  8 13 1 1 1  96 205
268  -22.827   21.033 22 25 1 1 16 276 431
269  -64.349    1.050  2  4 1 1 16 117 226
270   32.709   33.667 14  5 1 1 16 200 302
271    8.301  -50.592  7  4 1 1 32 141 297
272  -62.775  -17.865 10 20 1 1 1 363 453
273   64.294   40.881 18 19 1 1 1 303 394
274   47.040   48.212 14  5 1 1 2 271 444
275   23.267  -56.158 13  2 1 1 16 196 306
276   41.663   30.383 18 24 1 1 8 373 535
277  -26.556  -21.509  6 23 1 1 8  73 206
278  -27.429  -27.454 12 20 1 1 8 464 583
279  -16.553   20.068 18 13 1 1 32 120 259
280  -35.992   97.540  3 22 1 1 16 222 340
281  -68.481  -22.961 13 24 1 1 2 420 533
282   40.350  -46.997  5 25 1 1 4 193 354
283   66.119   45.239 19  8 1 1 4 224 382
284    8.087   -0.342 23  2 1 1 32 477 626
285   27.148    4.492 10 20 1 1 8 404 559
286   -2.008  -49.054 25 11 1 1 1 463 618
287   45.154  -69.067 14  1 1 1 4 157 295
288   13.220  -37.872  1 14 1 1 1 236 332
