7 2 48 4
 500 100
 500 150
 500 200
 500 250
  0   23.627    3.963  0  0 0 0  0 1000
  1   71.106   31.165 20 23 1 4 1 2 4 8 235 527
  2    0.549  -73.682 24  7 1 4 1 2 4 8 188 397
  3   15.039    4.950 12 24 1 4 1 2 4 8  90 416
  4   45.837   32.874 10  9 1 4 1 2 4 8 200 433
  5  -27.783   44.080 13 24 1 4 1 2 4 8 134 385
  6   34.906   20.526  4 17 1 4 1 2 4 8 231 526
  7   24.310   -7.532  6 19 1 4 1 2 4 8 140 478
  8   38.629   42.084  8 13 1 4 1 2 4 8 241 518
  9    7.281   63.531  7  6 1 4 1 2 4 8  94 450
 10    4.150   59.003 13 14 1 4 1 2 4 8 225 415
 11   72.937   62.488  5 12 1 4 1 2 4 8  85 423
 12  -22.791    9.644 17 15 1 4 1 2 4 8 278 583
 13   30.359    7.294 14 24 1 2 1 2 250 565
 14   -4.987  -34.198  8  5 1 2 4 8 237 529
 15   12.366   50.690  5 16 1 2 2 4 140 472
 16   -5.945  -51.447 13 22 1 2 2 4 112 395
 17    5.792   27.319 12  7 1 2 1 8 113 342
 18   14.374   37.646  2 17 1 2 1 2 265 478
 19  -39.008  -38.196 10  1 1 2 2 4 261 592
 20   20.477  -23.016 20 22 1 2 1 8 140 498
 21   12.036  -95.831 16  5 1 2 2 4 222 570
 22   11.102  -28.540  9  6 1 2 1 2 265 574
 23   21.722  -11.420  9 14 1 2 4 8 162 344
 24  -30.060  -57.104 16  1 1 2 2 4  97 317
 25   61.279   12.836  6 15 1 2 1 2 287 552
 26   28.094  -10.779 18 15 1 2 1 2 259 562
 27   53.424   18.237  1  7 1 2 1 2 142 430
 28   23.126  -24.481  1 21 1 2 4 8  63 299
 29   49.591   25.275  4 15 1 2 1 2  64 314
 30   18.158  -36.597 14  2 1 2 1 8  70 305
 31    8.051  -30.695 23 15 1 2 1 2  86 402
 32   46.057   -4.413  6 15 1 2 2 4 108 331
 33    4.742   -6.696  6  9 1 2 2 4  73 291
 34  -61.401  -81.763 15  3 1 2 1 8  89 387
 35  -21.790   33.777 24  1 1 2 1 2 230 455
 36    3.766  -49.152  8  5 1 2 4 8 279 638
 37   38.556   26.898  8  8 1 1 8 254 553
 38   19.128  -43.781  1 10 1 1 1 225 528
 39   27.637  -44.818 10 12 1 1 4 100 292
 40    6.873  -17.578  3  4 1 1 1 181 452
 41   11.401  -19.183  3 14 1 1 2 151 454
 42  -11.151    7.269 23 17 1 1 1 140 331
 43   72.046   15.271  2  9 1 1 2 178 516
 44   26.416   -8.600  6 22 1 1 4 107 368
 45   12.384   86.682 17  7 1 1 4 142 381
 46   76.721   32.355  6 20 1 1 4 293 644
 47   32.025   84.741 16  3 1 1 1  65 313
 48  -14.764  -79.437  3  2 1 1 2  81 428
