7 3 96 4
500 100
500 150
500 200
500 250
  0   21.666   -2.195  0  0 0 0  0 1000
  1  -16.412    5.396 23 25 1 4 1 2 4 8 237 478
  2   20.190    8.527  9  8 1 4 1 2 4 8 112 377
  3   12.085   36.420  2 15 1 4 1 2 4 8 192 382
  4   51.642   37.671 19 13 1 4 1 2 4 8 260 446
  5  -24.896   27.045  9  8 1 4 1 2 4 8 235 509
  6   58.136  -70.673 10 11 1 4 1 2 4 8 281 601
  7   16.418   28.979 14  8 1 4 1 2 4 8  63 310
  8   55.542  -46.954 12  7 1 4 1 2 4 8 135 356
  9   52.472  -61.682 17  7 1 4 1 2 4 8 240 502
 10   23.572  -26.721 14  1 1 4 1 2 4 8  79 413
 11    5.792   50.482  5 23 1 4 1 2 4 8 288 482
 12   46.429  -99.872 17  6 1 4 1 2 4 8 214 551
 13  -35.999   77.466 15 18 1 4 1 2 4 8 286 490
 14    4.822  -23.743 10 16 1 4 1 2 4 8 173 506
 15    5.042  -41.986  4 11 1 4 1 2 4 8 100 284
 16   -5.896   -9.009 24 12 1 4 1 2 4 8 269 580
 17   89.520  -47.461 19 19 1 4 1 2 4 8 119 358
 18   24.176   42.108  4 22 1 4 1 2 4 8 205 403
 19   41.675  -35.040  7 13 1 4 1 2 4 8 270 486
 20   76.843   31.683 18  6 1 4 1 2 4 8 236 471
 21    3.949  -24.646  8 18 1 4 1 2 4 8 225 498
 22   77.942  -10.742 16 14 1 4 1 2 4 8 179 399
 23   78.876  -26.440 21 17 1 4 1 2 4 8 216 506
 24   44.397  -15.332  4  1 1 4 1 2 4 8 208 449
 25   15.961   36.847 10 19 1 2 1 8  73 385
 26   69.397  -54.626 12 18 1 2 1 2 253 606
 27   14.874   83.002  5 18 1 2 4 8 251 437
 28   30.078   24.780 11 14 1 2 2 4 271 470
 29   83.313   10.638 12 25 1 2 1 8 280 497
 30    5.786   -2.856 14 19 1 2 2 4 136 494
 31   62.177   22.217 16  6 1 2 2 4  79 367
 32   65.588  -41.077  2  2 1 2 2 4 191 487
 33  -10.004   51.379 19 13 1 2 4 8  76 424
 34   63.391    8.636 16  5 1 2 1 8 270 551
 35   -5.695    1.202  2 21 1 2 1 2 261 504
 36   -8.167    4.395  5 25 1 2 2 4 152 488
 37    3.253   -4.755  1 13 1 2 2 4 135 336
 38   46.057  -63.452  7  6 1 2 1 2 204 390
 39   63.416   -5.261 15 19 1 2 2 4 165 444
 40   13.092  -36.743 15 11 1 2 1 8 145 415
 41   23.669  -26.154  2 10 1 2 4 8 210 477
 42    9.027   90.192 13 21 1 2 1 8 195 425
 43   76.624    6.805 10 17 1 2 1 2  99 453
 44   -1.208   -8.875 21  3 1 2 4 8 165 512
 45   37.042   60.815  5  8 1 2 4 8 229 488
 46   65.265   37.909  3  6 1 2 1 8 244 593
 47  -10.120  -15.631 24  6 1 2 4 8 161 341
 48    9.680  -28.711  9 17 1 2 1 2 258 602
 49    7.550  -56.458  2 11 1 2 4 8 272 480
 50   14.795   62.445 23  4 1 2 1 8 192 481
 51    7.269  -24.066  3 11 1 2 1 2 144 438
 52   21.490   50.092 12 18 1 2 1 2 181 396
 53  -17.242   -6.396 25 24 1 2 2 4 163 432
 54   65.985  -14.948 25 12 1 2 2 4 143 473
 55   49.139  -25.116 18 15 1 2 1 8 257 501
 56  -19.012  -76.208 15  5 1 2 2 4 109 456
 57   96.301   -6.873 10 10 1 2 1 8 107 432
 58   66.113   68.481  3 14 1 2 1 8 255 443
 59   30.048   27.020  5  3 1 2 2 4 243 580
 60   72.052   -6.567 17 25 1 2 1 8 230 419
 61    7.550  -39.832 11 25 1 2 1 2 226 519
 62   53.082  -10.693 13  7 1 2 1 2 145 379
 63  -25.073  -58.185 19  8 1 2 2 4 280 595
 64   36.761  -14.014 22 24 1 2 1 2 196 463
 65   19.366   30.005 24  8 1 2 4 8 174 395
 66   23.315   44.336 16 22 1 2 1 2  61 415
 67   36.548   -2.161  8 15 1 2 1 8 282 623
 68   81.311  -73.871 11  5 1 2 1 2 101 321
 69   87.250  -86.615 15 14 1 2 1 2 291 481
 70   17.725   73.309  8 23 1 2 2 4 224 444
 71   57.953   17.877  3 12 1 2 2 4 258 605
 72   -8.344   38.257  9  9 1 2 1 2 108 343
 73   10.443   47.455 24 20 1 1 8 200 388
 74   71.143   44.336  6  1 1 1 2 261 528
 75   39.014   35.083 12 14 1 1 2 275 535
 76   62.701  -59.564 21 18 1 1 8 164 461
 77   18.237   -8.545  8 11 1 1 4 141 462
 78   34.857   14.148 11 23 1 1 2 169 469
 79  -91.144  -76.550  3  1 1 1 2 275 475
 80   15.460  -76.562 16 17 1 1 1 292 611
 81   74.957  -24.280 18  9 1 1 1 229 514
 82  -62.354  -39.624 14 20 1 1 8 167 408
 83   30.884    4.156  2  5 1 1 4 217 522
 84   45.197  -28.235  1  3 1 1 4 249 495
 85    0.262    9.045 21 16 1 1 2 283 539
 86   -2.850   31.848  1 15 1 1 1 159 476
 87   14.685  -22.229 10  4 1 1 1  78 418
 88  -39.490  -20.728 18 17 1 1 4 230 552
 89   26.331   30.322 10 24 1 1 4 230 544
 90  -23.291   24.756  9 20 1 1 1 245 564
 91   35.669   -5.322  9 20 1 1 2 171 370
 92   56.512  -32.996 25 23 1 1 4 226 474
 93   54.388   56.714 25 24 1 1 4 113 317
 94   25.116    8.917  1 10 1 1 8 128 412
 95   40.240   90.057  5  7 1 1 2 128 320
 96  -18.970  -44.684  9 11 1 1 4 198 499
