7 4 144 4
500 100
500 150
500 200
500 250
  0   -7.089    2.402  0  0 0 0  0 1000
  1   18.884  -16.040 22  6 1 4 1 2 4 8 237 453
  2   -6.049   41.125 23 12 1 4 1 2 4 8  74 277
  3  -48.553  -29.407 14 22 1 4 1 2 4 8 243 546
  4  -20.337   52.478  8  4 1 4 1 2 4 8 290 632
  5   19.244   35.107  5  5 1 4 1 2 4 8 165 360
  6  -12.189  -45.801  3 16 1 4 1 2 4 8  66 399
  7  -16.956  -39.697 23  9 1 4 1 2 4 8 145 346
  8  -24.176  -51.526 23  7 1 4 1 2 4 8  81 274
  9   30.023  -14.740  6 21 1 4 1 2 4 8  72 378
 10  -19.269   34.711  1 18 1 4 1 2 4 8 127 444
 11   -5.286  -20.105 14  5 1 4 1 2 4 8 269 570
 12  -39.374  -10.303  8  4 1 4 1 2 4 8  62 325
 13   15.625  -36.688 24 13 1 4 1 2 4 8  63 392
 14  -35.919   80.383  9 16 1 4 1 2 4 8 141 404
 15   18.054   33.295 19  9 1 4 1 2 4 8  80 280
 16  -52.368  -18.463  3 15 1 4 1 2 4 8 227 552
 17   19.763   45.642 16  3 1 4 1 2 4 8 242 485
 18  -51.550  -30.908 18 10 1 4 1 2 4 8 175 366
 19   18.091   44.049 19 25 1 4 1 2 4 8 274 522
 20  -14.380  -62.408  1  8 1 4 1 2 4 8 163 427
 21    1.770   -5.847 17  5 1 4 1 2 4 8 227 553
 22   63.995  -11.792 10 14 1 4 1 2 4 8 137 403
 23   16.241   13.153  3  7 1 4 1 2 4 8 122 377
 24  -10.193   32.214  3 10 1 4 1 2 4 8 263 514
 25   -2.185   33.929 13 22 1 4 1 2 4 8  85 331
 26    9.674  -17.505 25  7 1 4 1 2 4 8 129 327
 27   10.559   32.007  7 10 1 4 1 2 4 8  65 289
 28  -75.110    4.510  2  2 1 4 1 2 4 8 255 525
 29  -17.352   -5.609 21 13 1 4 1 2 4 8 267 468
 30   41.479  -57.941  4  2 1 4 1 2 4 8 289 619
 31   40.948   -8.057 22 12 1 4 1 2 4 8 196 470
 32   27.118   -5.255 21 20 1 4 1 2 4 8 112 355
 33   14.093   -5.896 16  4 1 4 1 2 4 8  78 400
 34  -59.222  -12.811  8 15 1 4 1 2 4 8 120 392
 35  -32.751    2.216 21  9 1 4 1 2 4 8 156 408
 36   16.962  -66.901 10 20 1 4 1 2 4 8 208 443
 37   -2.686   18.994 15  2 1 2 2 4 195 527
 38  -48.499  -23.700 20 18 1 2 2 4 194 502
 39   -6.616  -13.336 10  1 1 2 1 2 198 520
 40  -86.798  -93.707  7  2 1 2 1 8 247 606
 41  -38.220   -5.066 11 21 1 2 1 2 120 458
 42   31.720  -36.578  4 25 1 2 1 8 223 562
 43   32.361   -1.740  3  4 1 2 1 2  60 243
 44    6.647   15.558  4  8 1 2 4 8  73 283
 45  -12.555   39.600 24  3 1 2 4 8 153 422
 46   23.071  -22.437 23 23 1 2 4 8 220 567
 47   13.739    3.558 14 25 1 2 1 8 208 533
 48   70.734  -43.695 24 14 1 2 1 2 227 570
 49   -8.771  -15.558 15 15 1 2 4 8 227 491
 50  -61.951   14.111  9 17 1 2 1 8 191 390
 51   -9.778   -4.926  8  5 1 2 2 4 176 482
 52   -2.765   17.938  4  9 1 2 2 4 291 520
 53   14.478  -41.650  1 12 1 2 1 2 144 385
 54  -51.910   26.892  8  8 1 2 1 8 277 513
 55   38.116  -98.456 12  9 1 2 1 2 221 543
 56  -31.421   11.328 17 14 1 2 4 8 106 330
 57   12.476   56.097 17 24 1 2 4 8 263 507
 58    2.399  -71.582 11  7 1 2 1 2 145 464
 59    8.411   49.017  5 15 1 2 1 2  84 419
 60   21.472   -8.655  6 16 1 2 2 4 221 420
 61  -54.492   17.676 22 19 1 2 1 2 242 566
 62   14.374   -0.012 12 22 1 2 2 4 268 460
 63  -14.001    8.032 21  8 1 2 2 4 112 459
 64   74.286  -16.187  8 14 1 2 4 8 163 370
 65   21.094  -11.499 25 22 1 2 1 8 144 446
 66  -54.370   20.740  4  1 1 2 4 8  61 340
 67   -7.458   74.432 20 13 1 2 4 8 191 387
 68    1.935   11.261 10 16 1 2 2 4 272 597
 69    6.305   36.768 11 13 1 2 1 8  81 406
 70  -31.317   -7.172  3 20 1 2 1 2 298 505
 71  -30.548   14.087 10  4 1 2 1 8  92 416
 72   18.665   87.811 16 15 1 2 2 4 150 350
 73  -36.780  -23.633 18 24 1 2 2 4 296 524
 74   35.870  -19.482  9  6 1 2 4 8 224 500
 75  -41.852   17.310 17 20 1 2 1 2 263 536
 76   56.519   58.289 24  3 1 2 4 8 194 474
 77  -43.036  -41.541 17  9 1 2 4 8 267 484
 78   27.344   70.087  1  6 1 2 1 2 162 460
 79   36.841   44.153 18 21 1 2 1 2 194 501
 80  -63.348  -14.856  6 19 1 2 1 2 224 465
 81  -45.312  -19.739  9  7 1 2 4 8 176 365
 82  -27.887   64.532  4 23 1 2 4 8 235 533
 83  -38.354   -4.034 13  5 1 2 4 8 113 332
 84  -35.638    6.610 17 12 1 2 2 4 243 594
 85    2.142   27.856  8  1 1 2 4 8 186 383
 86    6.610   -2.216 23  6 1 2 1 2 279 491
 87  -31.451   72.369 11  8 1 2 4 8 246 437
 88    2.655  -25.140 15 20 1 2 4 8 198 406
 89  -53.595   28.552  9 22 1 2 1 8 171 426
 90   -7.745   50.720 15  2 1 2 1 2 183 367
 91  -48.700  -17.981  4 22 1 2 1 8 294 573
 92  -40.582   -3.308 22  1 1 2 4 8 200 445
 93  -31.714   40.070  8 20 1 2 4 8 135 357
 94   -6.189   20.813  8 10 1 2 2 4 220 435
 95  -32.379   -7.910 12 12 1 2 1 8  76 398
 96  -19.482   13.544  7 12 1 2 4 8 228 469
 97   41.785   -2.728 25 10 1 2 1 8 122 406
 98  -69.745  -22.491  4 11 1 2 2 4 133 371
 99  -42.633   -6.836 10 17 1 2 2 4 145 428
100  -28.955   15.491  4  2 1 2 2 4 290 530
101   -9.161   29.657 21 20 1 2 4 8  92 342
102  -33.429   29.492  9  5 1 2 4 8 117 376
103  -30.872   20.654  7 14 1 2 2 4 208 506
104  -66.943   81.207  3 16 1 2 1 8  64 340
105  -14.404  -33.954  2 23 1 2 1 2 255 608
106  -70.544  -16.187 12 17 1 2 2 4  96 308
107  -31.909   48.224 14 12 1 2 1 8 166 414
108   -5.103   69.318 23 20 1 2 2 4 201 551
109   17.822  -40.405  4 12 1 1 1 165 479
110    6.653   28.217 22  7 1 1 1 156 387
111    7.343  -15.204  4 16 1 1 4 150 452
112   20.630  -56.732 12 18 1 1 8 223 511
113  -44.019  -13.092  1  3 1 1 8 193 477
114  -33.423   65.100  2  5 1 1 1 243 521
115   15.833  -14.282  9  2 1 1 2  63 332
116   -5.389   12.592 23 11 1 1 4 249 461
117   11.322  -13.574 11  1 1 1 2  83 305
118  -19.501   29.968 17 11 1 1 2  62 258
119   29.395   25.305 17  1 1 1 2 279 548
120   14.484  -49.243  3 16 1 1 2 274 633
121  -58.398   16.467 15 19 1 1 8 125 376
122   17.218  -12.415 11 23 1 1 2 150 339
123   -7.611  -15.790 15 20 1 1 4 161 386
124    3.857  -30.408 25 15 1 1 4 150 388
125   18.207  -12.823 21 22 1 1 1 127 478
126  -12.549   41.449 22 19 1 1 8 275 565
127    7.013  -20.862 14 21 1 1 4 140 451
128  -87.775  -40.820  7 18 1 1 8 251 460
129  -47.156   30.554 23 10 1 1 1 294 603
130  -16.583  -23.328  5  6 1 1 4 210 464
131   -2.637    0.049 12 21 1 1 8 174 383
132  -47.882    1.428 21  8 1 1 8 190 426
133   75.342  -28.101 14 22 1 1 4 138 409
134  -21.313   -1.727 15 14 1 1 1 235 479
135  -17.493   18.634  9 15 1 1 2  89 333
136    3.174   23.828  5 12 1 1 2 144 482
137  -33.099   55.963  3 18 1 1 2 251 532
138  -33.899    6.366  1 15 1 1 2 164 483
139    1.312   50.458  9 18 1 1 8 135 366
140  -38.715    3.235 20  6 1 1 4 233 435
141  -72.772   44.043 21 16 1 1 4 206 459
142   41.248   -4.797 12 23 1 1 8 274 627
143  -30.988   24.524  7  3 1 1 4  66 267
144   14.221   35.968  9 11 1 1 1 106 406
