7 5 192 4 
500 100
500 150
500 200
500 250
  0  -17.863    9.258  0  0 0 0  0 1000
  1   -1.410   38.470 18  3 1 4 1 2 4 8 238 428
  2    2.948  -20.251 18  8 1 4 1 2 4 8 276 597
  3  -32.855   20.105  3  6 1 4 1 2 4 8 294 529
  4  -10.516   26.233 14  8 1 4 1 2 4 8  80 398
  5  -28.339   59.308  4 13 1 4 1 2 4 8  96 393
  6  -40.582   51.685 13 20 1 4 1 2 4 8  92 437
  7  -31.183   40.466 25 18 1 4 1 2 4 8 226 561
  8   62.915   78.546 10 24 1 4 1 2 4 8 268 614
  9  -21.381  -10.602 11 20 1 4 1 2 4 8 145 494
 10  -22.058   -8.765 14 14 1 4 1 2 4 8 174 473
 11   41.406  -32.452 11 15 1 4 1 2 4 8 250 479
 12   -5.786   14.954  9  1 1 4 1 2 4 8 150 339
 13   -6.671  -36.298 17 21 1 4 1 2 4 8  81 355
 14  -53.668   33.014 19 15 1 4 1 2 4 8 109 302
 15    6.342   81.238  7 12 1 4 1 2 4 8  60 275
 16   17.767  -31.000 18 18 1 4 1 2 4 8 185 523
 17  -49.341    7.861 20  4 1 4 1 2 4 8 125 373
 18   12.341  -23.999 10 25 1 4 1 2 4 8 144 327
 19  -39.502    6.250 22 21 1 4 1 2 4 8 278 559
 20    7.117   14.441  9 15 1 4 1 2 4 8  91 383
 21   19.897   -9.216  7 17 1 4 1 2 4 8 229 428
 22  -24.402   29.694 23  9 1 4 1 2 4 8  94 406
 23   26.147  -12.207  2  1 1 4 1 2 4 8 269 488
 24   31.183   40.344 22 25 1 4 1 2 4 8  79 341
 25   27.069  -17.627 20 18 1 4 1 2 4 8  98 278
 26   28.534  -43.945 15 19 1 4 1 2 4 8 246 469
 27   10.797  -53.784 11 22 1 4 1 2 4 8 120 383
 28  -85.785   29.449  4  2 1 4 1 2 4 8 239 580
 29  -17.273   72.626  2  2 1 4 1 2 4 8 255 439
 30  -35.657  -24.512 13 23 1 4 1 2 4 8 202 503
 31  -26.807   42.059  7 24 1 4 1 2 4 8  73 333
 32   19.434    4.730 21 12 1 4 1 2 4 8 273 462
 33  -47.821   30.426 13 21 1 4 1 2 4 8  79 376
 34   10.547  -31.482  4  8 1 4 1 2 4 8 211 475
 35  -38.544   19.873 12 21 1 4 1 2 4 8 292 553
 36  -27.972   15.851  2  2 1 4 1 2 4 8 265 578
 37  -47.919   73.254 13 23 1 4 1 2 4 8 255 537
 38  -13.141  -96.667  7 13 1 4 1 2 4 8 184 433
 39    9.131   37.061  3  5 1 4 1 2 4 8 231 417
 40   -4.053  -78.888 12 12 1 4 1 2 4 8 108 377
 41  -27.838   32.208 20 17 1 4 1 2 4 8 269 499
 42  -50.439   41.803  3 11 1 4 1 2 4 8 251 519
 43  -17.767  -49.957  8  5 1 4 1 2 4 8 260 451
 44  -16.132   20.935 15  8 1 4 1 2 4 8 222 474
 45  -33.234   36.536 23 16 1 4 1 2 4 8  77 356
 46   42.529  -41.534 19 22 1 4 1 2 4 8 196 542
 47  -19.342    1.129 18  9 1 4 1 2 4 8 256 547
 48  -11.493   12.109  7  2 1 4 1 2 4 8 195 537
 49  -67.175    5.920 19  6 1 2 1 8 182 502
 50  -71.765   44.427  7 25 1 2 1 8 190 479
 51  -98.322   39.105 20  9 1 2 1 8 207 525
 52   85.083   16.327 23  5 1 2 1 8 161 404
 53    0.757   27.405  1 16 1 2 1 8 125 338
 54    8.380  -80.713 18 18 1 2 2 4 172 494
 55   51.917  -71.155 22  6 1 2 1 2 185 405
 56  -33.997  -20.868  7 10 1 2 4 8 103 384
 57    0.513  -30.981 15 24 1 2 1 2 179 522
 58   22.046  -13.397  3  3 1 2 1 8 275 545
 59   28.656  -22.156 19 23 1 2 1 2 165 499
 60   24.670   28.107 21 22 1 2 1 2 212 420
 61  -89.880   39.508 22  6 1 2 1 2 258 613
 62  -37.097   70.959 22 11 1 2 2 4 151 480
 63   11.005  -19.946 10 17 1 2 4 8 184 384
 64   10.309  -65.625 12 25 1 2 1 2 130 457
 65  -69.287   41.223 18 20 1 2 4 8 115 317
 66  -45.929   -8.801 19 25 1 2 2 4  61 265
 67   36.548    1.031 10 15 1 2 2 4 100 331
 68  -44.592   18.787 14 20 1 2 1 2 203 453
 69  -28.937    6.421 17  6 1 2 1 8 111 391
 70   89.532  -53.479  5 10 1 2 4 8 131 325
 71   23.676  -63.177 23 24 1 2 4 8 166 467
 72  -37.421  -35.944 10 14 1 2 1 2 192 537
 73  -47.870   30.127  5 11 1 2 4 8 151 419
 74  -74.377   76.648 15 20 1 2 4 8 187 472
 75   -8.374  -13.135  2 13 1 2 4 8 250 537
 76   34.760   58.545 11 13 1 2 2 4 224 488
 77    1.813   -4.907  6  2 1 2 2 4 152 445
 78   31.061  -38.373  1 22 1 2 1 8 154 449
 79   51.373   14.001  6 12 1 2 2 4 114 347
 80  -44.470   30.817  2  7 1 2 1 2 156 500
 81   40.186  -57.477 21  7 1 2 1 2 123 397
 82   27.374  -14.917 18  8 1 2 1 2  64 418
 83   20.258  -59.399  8  1 1 2 4 8 248 561
 84   49.377   25.946 19  4 1 2 2 4 238 513
 85  -37.646   26.044 25 24 1 2 4 8  89 406
 86  -42.578    5.573 10  6 1 2 1 8 159 445
 87  -67.859   -9.814 22 24 1 2 4 8 173 396
 88  -19.629   61.621 17  4 1 2 4 8 167 440
 89   -7.611  -27.032 16 17 1 2 4 8 112 308
 90  -19.092   56.018 24 19 1 2 4 8 121 349
 91   69.287  -77.911  6 15 1 2 1 2 176 535
 92   66.772  -51.709 22 14 1 2 2 4 173 415
 93  -36.047   27.246 12  6 1 2 2 4 158 397
 94    7.928  -33.582  3 11 1 2 4 8  72 398
 95  -37.366   30.859 13 13 1 2 1 8 264 535
 96  -10.748   32.288 14 22 1 2 4 8 258 439
 97   -3.943  -35.229 25 12 1 2 1 8 294 523
 98  -71.057  -17.004  1 10 1 2 1 2 222 446
 99  -12.622   16.211 12  5 1 2 1 8 172 501
100   31.042  -33.923 15 19 1 2 4 8 253 460
101  -18.195    9.235 15 23 1 2 1 2 256 498
102  -21.411  -39.404 15  6 1 2 2 4 134 475
103  -37.433   43.152  9  4 1 2 1 8 168 481
104  -64.417   43.829 17 14 1 2 1 8 202 393
105  -43.756   30.029  1 12 1 2 1 8  70 294
106   74.457    6.378 10 10 1 2 1 2 230 463
107  -25.787    7.117  6 11 1 2 1 2 283 599
108   24.487   70.093 13 11 1 2 1 2 121 399
109   60.449  -30.676  6 12 1 2 1 2 273 518
110  -50.641  -59.888 21 18 1 2 4 8 274 457
111   18.976  -40.289  8 23 1 2 4 8  98 288
112   -0.104    8.582  4  7 1 2 1 2  80 379
113    3.485  -18.616  9 13 1 2 2 4  77 283
114   43.085  -29.810 10  9 1 2 1 8 101 340
115   26.807  -26.422 12 14 1 2 1 2  73 295
116  -21.234   -1.752 25  3 1 2 4 8 139 383
117  -46.417   49.591 25 25 1 2 1 8 174 412
118   18.195   50.830 16 18 1 2 1 8 197 518
119  -38.171  -14.099 23 22 1 2 4 8  73 426
120  -32.214   37.982 24 15 1 2 4 8 133 484
121    6.964   83.862 12 21 1 2 1 8 116 469
122  -26.190    6.647  4 19 1 2 1 8 211 505
123   33.972  -24.603 23  3 1 2 4 8 154 429
124   52.417  -18.445  8 23 1 2 4 8 270 543
125   -8.313   12.677  3  1 1 2 1 8  99 362
126  -25.183   52.484  2 10 1 2 4 8 194 400
127   15.729  -26.508 14 22 1 2 1 8 240 458
128  -34.674   -8.313 12 23 1 2 1 8 131 334
129  -36.700    0.629 22  9 1 2 4 8 205 454
130  -33.002  -60.052 18 20 1 2 2 4 249 569
131  -25.360   18.481 20 21 1 2 1 2 117 404
132  -15.192   29.132 19 13 1 2 1 2 171 523
133    2.325   11.346 10 15 1 2 2 4 205 415
134   17.615   -2.563  2  1 1 2 1 8 272 497
135   48.303  -47.656 12 20 1 2 2 4 253 555
136  -26.471  -30.414 25  9 1 2 2 4 180 415
137  -54.053   43.549  1  7 1 2 4 8 184 492
138  -28.442   24.884 10  8 1 2 2 4 263 527
139    1.501  -14.636 19  2 1 2 1 8 298 647
140  -80.255   39.062 16 19 1 2 1 2 243 504
141   33.313   -9.253 15  8 1 2 4 8 281 615
142   23.328   72.046 18 21 1 2 1 2 246 484
143   23.895  -12.463 13 22 1 2 2 4  77 298
144  -17.218   12.891  4  1 1 2 1 8 100 351
145  -21.326   14.978 16  5 1 1 4 292 598
146    5.548  -24.408 10 22 1 1 2 276 528
147   16.333  -32.629 16  8 1 1 4 192 465
148   39.185  -41.602  3 16 1 1 8 283 554
149  -28.918   -9.113  3 21 1 1 8  75 406
150   12.152   95.117 14  9 1 1 8  65 340
151  -40.717   70.312 22  8 1 1 2  78 367
152   27.655    3.101 18 18 1 1 4 225 581
153   18.616   -3.699 25 12 1 1 2 290 550
154  -70.093   32.147 25 22 1 1 1 129 343
155  -17.279   50.616 16  5 1 1 1 222 508
156   38.818  -17.389 25 10 1 1 8 289 512
157  -15.594  -11.432  4 12 1 1 1 106 326
158   60.101  -38.263 11 13 1 1 2 148 484
159  -81.720  -27.301  1 14 1 1 4 158 393
160   98.914  -31.921 14 16 1 1 8  60 271
161   35.760  -50.830  1 12 1 1 2 276 504
162   19.409  -20.288 20 19 1 1 8 296 512
163  -41.351   45.343 21 22 1 1 4 148 434
164  -15.015   16.290  2 24 1 1 1  75 300
165  -74.829  -22.644 14 10 1 1 4  72 388
166   -4.803  -19.629  7 11 1 1 4 266 454
167  -35.339   42.651 16  5 1 1 2  78 338
168   18.707  -24.500 14  8 1 1 4 290 564
169  -23.273   58.026 14  7 1 1 4 293 575
170  -50.159   56.805 19 11 1 1 8 292 549
171  -41.974   16.254 15  7 1 1 1 118 304
172  -77.063   28.723 21  7 1 1 1  77 346
173  -34.705  -49.426 10  2 1 1 1 142 452
174  -30.005   50.018 13 13 1 1 8 119 360
175  -82.294   54.059  4  2 1 1 8 275 569
176  -49.640   30.554 16 14 1 1 8 227 563
177   26.434   -4.578  8  9 1 1 2 178 489
178   91.473  -89.404  1  9 1 1 8 205 458
179    5.652   92.957  2  1 1 1 4 277 521
180   -0.049   26.697 20 24 1 1 8 247 457
181   26.868  -55.914  1  2 1 1 1  86 410
182   -7.196   -8.972  4 10 1 1 8 144 409
183  -24.011    7.373 15  4 1 1 2 266 600
184   -0.720   18.884 12  2 1 1 2  64 284
185   19.690   57.098 10 18 1 1 1 134 487
186   24.768  -86.151 24  3 1 1 1  61 245
187  -55.389   18.152 23  8 1 1 4 140 466
188  -41.986   43.701 22 18 1 1 8 140 421
189   72.864  -97.382 20  7 1 1 1  82 437
190   14.319  -28.888 10 10 1 1 8 163 433
191   34.210    9.076 13 16 1 1 4 183 427
192    0.922  -11.090 13 22 1 1 8 239 533
