7 2 72 6
500 125
500 150
500 175
500 200
500 225
500 250
  0    4.115   10.762  0  0 0 0  0 1000
  1   77.344   53.870  2  2 1 6 1 2 4 8 16 32 242 511
  2   26.141   63.538  2 25 1 6 1 2 4 8 16 32 123 376
  3  -10.242   54.718 15 10 1 6 1 2 4 8 16 32 258 582
  4   33.258   18.079  8 23 1 6 1 2 4 8 16 32 199 422
  5   43.958   -9.076  2 20 1 6 1 2 4 8 16 32 297 640
  6    8.447   43.396  4 21 1 6 1 2 4 8 16 32 192 408
  7    8.826   39.532 16 22 1 6 1 2 4 8 16 32  73 405
  8   -0.128   -1.715  4 23 1 6 1 2 4 8 16 32 295 530
  9  -30.377  -59.790 25 13 1 6 1 2 4 8 16 32 196 539
 10   28.601  -75.531  5 12 1 6 1 2 4 8 16 32 124 353
 11  -22.821  -97.266  5  4 1 6 1 2 4 8 16 32 175 475
 12  -21.674  -26.318 18 23 1 6 1 2 4 8 16 32 263 515
 13   36.218   22.614 17  1 1 6 1 2 4 8 16 32 153 386
 14   35.925   36.414  5 20 1 6 1 2 4 8 16 32 221 495
 15   28.461   33.759 18  8 1 6 1 2 4 8 16 32 219 497
 16  -16.321   15.118  6 16 1 6 1 2 4 8 16 32 257 471
 17   70.184   20.117 16 21 1 6 1 2 4 8 16 32 137 403
 18   98.981   78.912 17 22 1 6 1 2 4 8 16 32 263 596
 19    5.292   77.161 11 24 1 3 1 2 32 295 526
 20   14.929   22.430  5  3 1 3 1 2 32 283 509
 21   28.424   91.449 13 12 1 3 1 2 4 236 465
 22   24.976  -16.644  3 25 1 3 1 2 4 164 478
 23  -22.064   42.871  5 19 1 3 1 2 32 137 393
 24   -6.000   23.596  6 16 1 3 2 4 8  61 365
 25  -59.503  -95.001 18 15 1 3 1 2 32 149 423
 26   -0.098    5.927 10 14 1 3 1 2 32 233 555
 27  -12.567   28.424 21  3 1 3 2 4 8  97 334
 28  -29.669  -61.774 16 25 1 3 2 4 8 176 442
 29  -16.107   -1.599  6 11 1 3 4 8 16 206 505
 30   30.157   -9.851  5  5 1 3 2 4 8  95 283
 31  -10.651   44.464  7 14 1 3 1 2 4  60 264
 32   70.361   64.264 17 21 1 3 1 2 32 198 533
 33  -31.763   54.352  3 14 1 3 4 8 16  86 283
 34  -52.997   34.442  6 23 1 3 4 8 16  93 323
 35   48.102   40.991 24 11 1 3 2 4 8 114 411
 36   10.699   25.427  3 12 1 3 1 16 32 251 519
 37   27.649   60.168 11  9 1 3 2 4 8 257 522
 38  -31.171  -18.707  7 18 1 3 1 2 4 142 338
 39   26.331    3.424 15 24 1 3 8 16 32 122 481
 40   10.852   48.572 14  8 1 3 1 16 32 276 542
 41   45.477   48.993 18 11 1 3 1 2 32 147 483
 42    7.812   89.618 19 11 1 3 4 8 16 121 465
 43    4.755   36.731 25  6 1 3 2 4 8 102 326
 44   49.530   43.127 13 18 1 3 1 2 32  98 342
 45   -1.611  -43.243  4 14 1 3 1 2 32 251 570
 46  -30.798   48.755  3 23 1 3 2 4 8  98 438
 47  -22.205  -10.803 15 14 1 3 1 2 4 207 541
 48  -15.387   -0.073  5 14 1 3 1 16 32  70 407
 49   23.804   -4.565 15  9 1 3 1 2 32 241 425
 50   -9.052   -2.185 25  2 1 3 8 16 32 186 474
 51   -9.229  -11.230  7 20 1 3 2 4 8  94 281
 52   -4.523   79.553  6  4 1 3 1 2 32 120 419
 53   33.386   68.726 12 18 1 3 1 2 32 290 571
 54   13.055  -71.808  8 25 1 3 1 2 32 229 535
 55   55.072   14.172 25 23 1 1 1 280 632
 56    8.051  -31.848  8 21 1 1 1  91 421
 57  -36.218   77.502 11 11 1 1 1  83 282
 58  -22.943  -22.229 23  6 1 1 16  74 328
 59   60.999   24.274  1 20 1 1 4 248 575
 60   29.919   70.844 16 25 1 1 32 178 425
 61    0.092   48.114 25  6 1 1 8  82 381
 62  -15.686   16.754 12  8 1 1 1 163 502
 63   -8.203   10.297 13 23 1 1 8 233 563
 64   -1.086   46.759 21  4 1 1 2 237 503
 65   -4.163   56.055  3 22 1 1 2 237 582
 66   -4.559   74.152  2 12 1 1 16  60 323
 67   -4.657   19.086  6 16 1 1 8 218 410
 68  -16.028   12.732  1  2 1 1 4 167 478
 69   21.460    6.976 16 15 1 1 1 232 512
 70  -23.682    6.573 12 22 1 1 8 186 507
 71  -16.266    3.180  7 20 1 1 2 222 431
 72  -15.063    9.003 18 15 1 1 2 121 325
