7 3 144 6 
500 125
500 150
500 175
500 200
500 225
500 250
  0  -10.674   16.160  0  0 0 0  0 1000
  1   -2.374  -56.158  3 23 1 6 1 2 4 8 16 32 243 487
  2  -25.366  -51.691  2 13 1 6 1 2 4 8 16 32  85 276
  3   20.459  -52.020  8 15 1 6 1 2 4 8 16 32  69 326
  4  -68.463  -44.293 21 21 1 6 1 2 4 8 16 32 229 429
  5   51.794   -9.241 11  1 1 6 1 2 4 8 16 32 227 491
  6   19.818   74.152 10 21 1 6 1 2 4 8 16 32 217 446
  7   52.795    0.311  4  7 1 6 1 2 4 8 16 32 154 440
  8   12.976  -59.015 13 12 1 6 1 2 4 8 16 32 241 448
  9   11.871   24.915 13 23 1 6 1 2 4 8 16 32 268 474
 10   68.738  -50.494 12  9 1 6 1 2 4 8 16 32 171 382
 11  -22.046  -62.946  4  5 1 6 1 2 4 8 16 32 156 384
 12  -49.896  -29.114  6 18 1 6 1 2 4 8 16 32 111 469
 13  -13.593   27.863 25  5 1 6 1 2 4 8 16 32 170 527
 14  -20.868  -27.332 18 25 1 6 1 2 4 8 16 32 189 393
 15   81.989  -18.140 11  9 1 6 1 2 4 8 16 32 199 493
 16  -86.163   72.308  9 18 1 6 1 2 4 8 16 32 215 443
 17  -98.157  -15.424  9 25 1 6 1 2 4 8 16 32 260 531
 18  -59.534   11.157  5 11 1 6 1 2 4 8 16 32 233 559
 19   31.268   31.903  2  5 1 6 1 2 4 8 16 32 299 563
 20   -8.502  -99.738 18 11 1 6 1 2 4 8 16 32 211 466
 21   68.225   28.650 25 16 1 6 1 2 4 8 16 32 238 519
 22   43.201  -21.716  5  9 1 6 1 2 4 8 16 32 121 301
 23    1.892   18.744 20 15 1 6 1 2 4 8 16 32 284 504
 24   39.105  -19.037  3  8 1 6 1 2 4 8 16 32 116 430
 25  -37.854   82.397 13  6 1 6 1 2 4 8 16 32 162 370
 26   54.102   27.997 18  9 1 6 1 2 4 8 16 32 110 457
 27  -60.242    1.483 22 14 1 6 1 2 4 8 16 32 152 428
 28  -85.181   -8.716 14 19 1 6 1 2 4 8 16 32 160 497
 29  -48.267    6.116  8 21 1 6 1 2 4 8 16 32 194 477
 30  -26.855   16.559 10 15 1 6 1 2 4 8 16 32 248 588
 31  -72.589   96.625 13 23 1 6 1 2 4 8 16 32 177 367
 32   46.869    8.282 13  8 1 6 1 2 4 8 16 32 119 401
 33   49.261   35.828 14  1 1 6 1 2 4 8 16 32  88 440
 34  -32.465   39.050 20  3 1 6 1 2 4 8 16 32 183 404
 35   22.931   -2.979 24 12 1 6 1 2 4 8 16 32 249 555
 36  -92.950   25.201 13 25 1 6 1 2 4 8 16 32  67 413
 37  -33.472   38.977 13 11 1 3 8 16 32  77 293
 38  -56.763   55.975 21  1 1 3 8 16 32 132 449
 39   56.390   17.596  1 14 1 3 1 2 32 155 378
 40   22.302  -16.028 17 15 1 3 1 16 32 138 493
 41   -8.295   65.088 16 15 1 3 1 16 32 296 524
 42  -63.043   12.299 20  8 1 3 4 8 16 148 421
 43  -86.975   52.936 25 20 1 3 8 16 32  62 294
 44  -70.734    8.746  7 12 1 3 1 2 32 247 534
 45  -36.572   -8.435  9 11 1 3 4 8 16 175 504
 46  -24.951   -3.900 15 25 1 3 1 16 32  74 412
 47   47.260  -29.510 19  9 1 3 1 16 32 255 554
 48  -63.031    0.684  4 10 1 3 4 8 16 279 614
 49  -13.068   28.094 17 14 1 3 1 16 32 196 436
 50  -45.465   65.552  2 13 1 3 1 2 32 185 383
 51   70.374  -15.564 20 19 1 3 8 16 32 125 324
 52   93.805   16.101  8  5 1 3 2 4 8 229 542
 53  -13.397   72.491 23 10 1 3 1 16 32 271 525
 54  -27.136   -0.055  2  2 1 3 1 16 32 123 335
 55  -13.177   50.763 21 12 1 3 4 8 16 243 493
 56   31.781    2.045 21 15 1 3 8 16 32  89 296
 57   38.904   19.312 11  4 1 3 4 8 16 239 537
 58  -36.139   41.943  2 13 1 3 4 8 16 203 408
 59    4.498  -10.706 22 15 1 3 1 16 32  89 414
 60  -13.214   28.632 20  5 1 3 1 2 32 169 426
 61   38.287   -7.281 25 15 1 3 8 16 32  98 427
 62  -25.690   18.536 22  3 1 3 1 2 4 286 583
 63  -27.454    6.049 15  3 1 3 1 2 32  65 247
 64   -2.100   21.600  9  3 1 3 1 2 32 204 410
 65    0.403   84.155 22 22 1 3 8 16 32 208 454
 66    0.708   27.661 20  1 1 3 2 4 8  60 248
 67   77.692  -10.785 22  9 1 3 1 16 32 127 355
 68  -26.147   25.952 11  6 1 3 1 2 4  98 334
 69  -18.665   13.135 22  9 1 3 1 2 4 262 497
 70   62.195  -10.602 10 22 1 3 1 16 32 259 566
 71  -73.987   37.524 20 12 1 3 1 16 32 296 482
 72   36.780   -6.824 21 23 1 3 1 2 32 164 513
 73  -39.191   56.683 21 14 1 3 1 2 4 148 435
 74  -32.471  -41.089 11 25 1 3 1 2 32 244 575
 75  -24.951   -7.501 15 19 1 3 4 8 16 188 541
 76   -4.443   59.833 12  7 1 3 4 8 16 133 313
 77  -44.989    0.690  1 12 1 3 1 2 4  60 374
 78  -69.299  -15.179  1 18 1 3 1 16 32 117 401
 79  -71.448   19.934 21 21 1 3 1 16 32 190 414
 80   62.097    1.562 23 15 1 3 8 16 32 296 611
 81   -8.246  -20.026 10 12 1 3 1 16 32  98 434
 82   76.117    4.230 11 18 1 3 1 2 32 166 442
 83    1.044   16.125 13 24 1 3 8 16 32 206 449
 84  -16.962   26.697 13 23 1 3 8 16 32 208 466
 85  -19.781   -5.804 23  8 1 3 1 2 32  83 283
 86   -3.168   24.762 14 21 1 3 1 16 32 280 578
 87   -5.243   86.212  7  6 1 3 1 2 4 293 492
 88  -31.915   50.098  1 17 1 3 2 4 8 251 492
 89  -30.573  -44.318 23  9 1 3 1 2 4 296 556
 90   17.926  -31.097 19 20 1 3 2 4 8 291 563
 91   51.727   38.739 25  6 1 3 8 16 32  68 288
 92   -3.540   11.426 10  9 1 3 1 2 4 281 509
 93  -42.432   30.896 19 12 1 3 4 8 16 270 598
 94  -36.560   -3.644 23 10 1 3 4 8 16 290 632
 95  -37.054   59.918 20 18 1 3 8 16 32 246 446
 96  -18.976   85.504 15 20 1 3 8 16 32 168 411
 97  -27.539   23.267  4 12 1 3 4 8 16 194 507
 98  -42.212   83.582 23  3 1 3 1 16 32 189 528
 99   40.625   -1.154 12 14 1 3 1 16 32  66 267
100    8.185   67.072  7 17 1 3 8 16 32  66 289
101   28.564   92.499 21 23 1 3 4 8 16 119 321
102  -50.439   71.295 13  3 1 3 4 8 16 216 428
103   63.934  -12.543 10 10 1 3 4 8 16 205 413
104   -5.463   16.992  3  3 1 3 1 16 32 169 476
105  -74.139   13.538 22  2 1 3 2 4 8 105 403
106   -9.454  -24.591 11  1 1 3 1 2 32 180 520
107    9.814  -11.969 12 13 1 3 2 4 8 148 446
108   52.332  -41.431 11  9 1 3 4 8 16 204 483
109   37.860  -10.370  5 11 1 1 2  91 349
110  -46.783    4.974 16 18 1 1 32 144 446
111   43.732    4.797  3  8 1 1 2  82 430
112    9.857  -10.901  2 25 1 1 32  86 440
113   11.646   28.143 19  5 1 1 2 216 574
114  -69.403   20.288  9 18 1 1 1 109 334
115   44.220  -30.035 21  4 1 1 16 125 473
116   10.120   31.567 21 24 1 1 32  71 291
117  -59.918   14.838 24 20 1 1 1 149 464
118   53.375  -66.461  7 24 1 1 32 150 376
119   -5.597   40.900  1 11 1 1 2 239 474
120  -19.989   67.340 11 17 1 1 16 152 462
121   -8.807   44.873 20 13 1 1 8  73 394
122  -38.519   53.070  1  5 1 1 1 276 556
123  -24.371   29.340 17 24 1 1 2 122 465
124  -10.962  -10.962  3 17 1 1 2 149 418
125   48.309    0.159  7  1 1 1 2 197 379
126  -34.357   33.667 15 20 1 1 8 267 597
127  -49.359   92.407  9 18 1 1 32 258 555
128  -92.426  -27.319 15 12 1 1 2 249 602
129  -66.785    0.879 10 13 1 1 8 236 545
130  -16.174   56.451 24 13 1 1 2 200 494
131  -12.988   14.661  8 16 1 1 1  70 384
132  -37.244   75.409 14 14 1 1 8  75 290
133  -65.698  -84.882  8 12 1 1 32  63 329
134   59.088  -20.795 14 24 1 1 32 218 531
135   26.086   20.355 16 11 1 1 1 111 341
136   49.170  -13.330  1 10 1 1 16 123 382
137  -94.250  -28.485 16 24 1 1 8  88 352
138   -6.329   10.913  7 21 1 1 8 278 625
139  -42.163   26.801 20 12 1 1 16 155 376
140   32.715  -21.869 12  1 1 1 16 294 492
141  -27.362   46.771  3 22 1 1 2 175 374
142  -29.883   -5.585 12 17 1 1 4 103 304
143   -8.942    2.313  4  8 1 1 32 129 450
144   80.548   21.252 18 11 1 1 2  69 258
