7 4 216 6 
500 125
500 150
500 175
500 200
500 225
500 250
  0  -16.492   -3.464  0  0 0 0  0 1000
  1   83.081  -17.816 24  6 1 6 1 2 4 8 16 32 244 463
  2   50.372    7.709  3 21 1 6 1 2 4 8 16 32 287 596
  3  -52.576    2.002 25 16 1 6 1 2 4 8 16 32 120 309
  4  -39.685   38.171 18 12 1 6 1 2 4 8 16 32 259 615
  5  -19.183  -45.148  4  6 1 6 1 2 4 8 16 32 158 344
  6  -33.582   77.936 10  4 1 6 1 2 4 8 16 32 242 483
  7  -18.182   91.876  4 15 1 6 1 2 4 8 16 32 236 476
  8  -45.154  -55.219 13 12 1 6 1 2 4 8 16 32 188 547
  9   30.408   -4.572 12 18 1 6 1 2 4 8 16 32 101 351
 10  -73.322    4.419 24 25 1 6 1 2 4 8 16 32 219 412
 11    3.607    7.501 21 22 1 6 1 2 4 8 16 32 137 472
 12  -95.233   35.046 19 22 1 6 1 2 4 8 16 32 199 483
 13  -21.246   10.272 24  7 1 6 1 2 4 8 16 32 188 490
 14   -2.496   20.929  9 21 1 6 1 2 4 8 16 32 157 472
 15   30.676  -19.086 23  3 1 6 1 2 4 8 16 32 178 488
 16   24.591  -37.866  2 15 1 6 1 2 4 8 16 32 173 415
 17   10.425  -60.907 18  9 1 6 1 2 4 8 16 32 143 418
 18   90.692  -33.936 16  3 1 6 1 2 4 8 16 32 203 521
 19   43.073   -2.924 13 23 1 6 1 2 4 8 16 32  64 360
 20   39.679   35.138  8 13 1 6 1 2 4 8 16 32 138 421
 21  -19.623    5.505  7 16 1 6 1 2 4 8 16 32 240 574
 22  -17.834   15.631  5  1 1 6 1 2 4 8 16 32  79 304
 23   28.259  -19.708 22 15 1 6 1 2 4 8 16 32 190 374
 24   -9.985   90.167 20 23 1 6 1 2 4 8 16 32 172 497
 25  -61.023  -35.034 16  4 1 6 1 2 4 8 16 32 174 495
 26  -41.888    2.106 11 22 1 6 1 2 4 8 16 32 227 419
 27  -16.150   39.722  2  8 1 6 1 2 4 8 16 32 206 521
 28  -43.341    4.871  4  9 1 6 1 2 4 8 16 32 144 372
 29   32.397  -11.572 20  5 1 6 1 2 4 8 16 32 182 449
 30   90.875  -27.155  3 23 1 6 1 2 4 8 16 32 161 473
 31   60.193    0.214 21  9 1 6 1 2 4 8 16 32 294 650
 32  -60.577    9.521 10 12 1 6 1 2 4 8 16 32 280 508
 33  -28.363  -19.720  2  4 1 6 1 2 4 8 16 32  90 417
 34   52.185  -34.674 18 10 1 6 1 2 4 8 16 32 274 487
 35  -65.106   61.945 10  5 1 6 1 2 4 8 16 32 145 460
 36  -13.000  -32.410 13 23 1 6 1 2 4 8 16 32 124 369
 37  -25.500  -17.505 20 21 1 6 1 2 4 8 16 32 137 484
 38    4.944   76.404  8  9 1 6 1 2 4 8 16 32 122 381
 39  -18.207   97.510 24  7 1 6 1 2 4 8 16 32 188 454
 40    0.842   61.102 16 12 1 6 1 2 4 8 16 32 240 504
 41  -16.553   22.748 16  5 1 6 1 2 4 8 16 32 206 506
 42   39.966  -39.844  6  2 1 6 1 2 4 8 16 32 176 378
 43   18.030   16.010 19  2 1 6 1 2 4 8 16 32 262 502
 44  -75.250   59.186 17 22 1 6 1 2 4 8 16 32 156 486
 45  -58.881   -1.428  3 25 1 6 1 2 4 8 16 32  98 437
 46   37.549    5.212 19 11 1 6 1 2 4 8 16 32 290 627
 47  -31.311  -35.522  5  9 1 6 1 2 4 8 16 32  63 328
 48   13.525   61.719  8 23 1 6 1 2 4 8 16 32 248 582
 49  -55.634   33.759 16 13 1 6 1 2 4 8 16 32 151 447
 50   30.341   46.661 23 12 1 6 1 2 4 8 16 32 183 470
 51  -26.910  -12.115 15  6 1 6 1 2 4 8 16 32 157 368
 52   -4.797  -11.993  4  6 1 6 1 2 4 8 16 32  99 426
 53   39.435  -26.801  5  4 1 6 1 2 4 8 16 32 253 479
 54   74.689   -9.857  6 23 1 6 1 2 4 8 16 32 257 555
 55  -21.899  -33.807 14 22 1 3 1 16 32 207 535
 56   -2.039   14.075  7  1 1 3 8 16 32  86 350
 57   29.309   -5.408  4 13 1 3 4 8 16 155 372
 58  -45.935   48.926 21  1 1 3 4 8 16  93 429
 59   64.795   -3.589 10 12 1 3 1 16 32 170 493
 60  -21.198  -42.328 22 19 1 3 1 2 4 160 427
 61  -25.165  -53.003 25  3 1 3 1 2 4 114 294
 62   45.514  -76.337 25 13 1 3 1 2 4 169 423
 63   14.392   29.437 13 10 1 3 1 2 32 138 352
 64  -68.439    0.317 11 11 1 3 8 16 32 171 497
 65   50.500  -11.096 11  6 1 3 1 2 32 178 505
 66  -22.394  -13.745 19 17 1 3 1 2 4  60 353
 67   18.030  -78.595 11  6 1 3 2 4 8 276 539
 68   -9.399   39.172 19 14 1 3 1 2 4 269 610
 69   56.567  -43.518 20 12 1 3 1 2 32 292 482
 70  -82.501   -6.323 23 13 1 3 1 2 4  93 387
 71  -31.152  -26.050  2 25 1 3 8 16 32 130 473
 72  -28.882   16.229 18 17 1 3 1 2 4 206 519
 73   -6.427   -0.110 22 11 1 3 2 4 8 244 571
 74  -15.253   24.371 19 21 1 3 1 16 32 207 547
 75    8.295    3.833  2 16 1 3 1 2 4 176 363
 76   -1.385  -12.097 25  1 1 3 2 4 8 163 506
 77  -55.017   -0.586 12 25 1 3 4 8 16 185 395
 78    4.736  -42.163  9 24 1 3 2 4 8 109 391
 79   -7.233   11.523 11 14 1 3 4 8 16 110 441
 80   -1.440   11.200  5 14 1 3 2 4 8 228 465
 81   -4.816  -24.194 20  3 1 3 1 16 32 285 525
 82  -42.401   -1.758  4  4 1 3 8 16 32 234 567
 83    5.981   40.881 15  9 1 3 4 8 16 102 439
 84   48.517  -21.790 12 13 1 3 2 4 8 202 384
 85  -41.876  -41.919  5 25 1 3 1 2 4 226 546
 86  -51.636   -4.407  2 15 1 3 2 4 8 160 353
 87  -55.273  -48.853  7  8 1 3 4 8 16 220 451
 88  -27.094   22.418 13  2 1 3 1 2 32 219 525
 89   -0.934   58.923 20  1 1 3 1 16 32 237 438
 90  -45.642   48.645 16 20 1 3 2 4 8 229 546
 91  -45.367  -88.293 18  6 1 3 4 8 16 190 491
 92  -18.066  -18.640 12  2 1 3 8 16 32 254 479
 93   59.509   86.481 17 14 1 3 2 4 8 293 639
 94  -26.819  -13.904 19 16 1 3 1 2 4 142 415
 95  -17.822   25.342 11  3 1 3 2 4 8 195 524
 96   55.164  -13.739  6  7 1 3 4 8 16 198 381
 97  -62.299  -52.118 12  3 1 3 2 4 8 126 384
 98   -7.294   33.160  6  2 1 3 4 8 16 278 604
 99   80.884   53.357 21 11 1 3 1 2 32  93 341
100   43.085   -9.717  1  1 1 3 8 16 32 268 459
101  -39.069   50.055  7 18 1 3 1 2 4 283 477
102  -27.142  -20.642  3  2 1 3 8 16 32 232 526
103  -61.267   36.121 12 23 1 3 8 16 32 165 388
104   47.595  -30.164 21 16 1 3 8 16 32  67 289
105  -30.286   13.867  9 16 1 3 8 16 32 160 509
106  -13.867   11.676 11 11 1 3 8 16 32  74 255
107  -83.142  -31.775 17 21 1 3 1 2 32 265 451
108  -24.762  -38.818  7 11 1 3 2 4 8 125 332
109  -49.243   -4.987 10 13 1 3 8 16 32 199 387
110   23.291  -28.381  3 13 1 3 1 2 32 262 516
111   13.489  -32.697 13 23 1 3 1 2 32 271 507
112  -12.732    0.867 13  2 1 3 1 16 32 183 368
113  -91.016  -18.201 11  7 1 3 4 8 16 100 381
114   52.307  -15.839 10 16 1 3 4 8 16 207 393
115   47.388   20.465  5 20 1 3 1 2 4 135 436
116  -62.585  -13.684 15 12 1 3 2 4 8 201 452
117  -67.340   43.512 16 11 1 3 1 16 32 239 569
118  -13.330  -37.268  1  3 1 3 1 16 32 284 636
119  -49.384   10.876  2 20 1 3 2 4 8 273 592
120  -28.217  -22.821 22 11 1 3 8 16 32 251 553
121   69.635  -14.581  3 20 1 3 8 16 32  64 307
122    0.616   19.513 14  9 1 3 1 2 4  97 302
123   53.827  -57.684  7 15 1 3 4 8 16 115 327
124   52.850   28.961 10  3 1 3 2 4 8 269 573
125  -38.147   45.514 12 11 1 3 1 16 32 169 443
126   42.780  -42.810  6 19 1 3 4 8 16 186 432
127  -12.811  -13.416 12 24 1 3 1 2 32 118 323
128  -48.834  -10.089  5 15 1 3 1 2 4 129 476
129   -8.636  -11.206  6  4 1 3 2 4 8 147 396
130   72.626   -6.879  7 20 1 3 8 16 32 239 419
131  -66.730  -33.362 16 13 1 3 2 4 8 253 464
132   17.706    6.879 11 13 1 3 8 16 32 296 627
133  -44.379  -64.172 14 18 1 3 2 4 8 130 336
134  -25.195  -27.411  7 23 1 3 4 8 16 256 550
135  -65.485   28.015 22 18 1 3 1 16 32 275 563
136   28.784  -12.848 17  3 1 3 1 2 4 160 495
137  -21.204    0.543 20 10 1 3 8 16 32 261 553
138   68.732    9.192 15  3 1 3 4 8 16 137 429
139  -33.026   14.313 15 12 1 3 1 2 4  78 417
140  -11.267   30.835  1 18 1 3 4 8 16  64 321
141  -92.688   15.833 10 17 1 3 2 4 8 250 530
142  -37.109  -56.323 11 25 1 3 1 16 32  74 340
143   34.149  -23.962 14 14 1 3 8 16 32 139 480
144  -59.540   13.391 22 22 1 3 1 16 32  63 383
145   -7.849   11.029 18 13 1 3 1 2 32 231 553
146   56.299  -44.635 19  5 1 3 1 16 32  73 284
147  -20.331   30.322 17  2 1 3 4 8 16 135 318
148   86.078  -14.954 21 16 1 3 1 2 32 211 515
149   31.201    4.633 15  8 1 3 8 16 32 254 492
150  -57.208   10.315 21  1 1 3 1 2 4 286 511
151   16.620   74.371 24 24 1 3 1 2 4 286 496
152  -15.234    5.420 16 18 1 3 1 2 4 221 413
153  -35.950  -43.951 10 17 1 3 1 16 32 123 348
154  -12.073   23.749 25  1 1 3 1 16 32 236 577
155   15.967   -1.685 11 21 1 3 8 16 32 153 448
156  -21.399   17.310 20 13 1 3 1 16 32 169 420
157   22.137  -26.880 25 15 1 3 1 2 32 272 556
158    6.873  -58.301  5  9 1 3 8 16 32 288 611
159   49.457    4.272  8 13 1 3 8 16 32 160 496
160  -11.334   -5.560 17  2 1 3 1 16 32  94 291
161   50.903  -35.571  1 16 1 3 4 8 16  97 436
162  -35.046  -41.058 21 18 1 3 2 4 8  93 446
163  -45.111  -47.046  8 10 1 1 8  93 281
164   -3.973  -16.510  7 25 1 1 4 166 475
165  -20.221   -1.562  5 21 1 1 4 213 556
166  -52.228  -12.250  2  7 1 1 32 240 481
167  -59.430   63.312 23 21 1 1 16  83 374
168   14.484   14.276 22  8 1 1 2 225 414
169  -38.757   43.207  2  6 1 1 4 250 602
170    7.977   -3.540 23  4 1 1 8 158 403
171  -50.226  -26.874  7 10 1 1 16 242 539
172  -13.593   27.325 17  9 1 1 2 125 322
173  -25.043  -27.826 20 22 1 1 8  88 309
174   66.571  -16.284 25 25 1 1 4 193 436
175  -59.369   -2.856 10  5 1 1 1 148 342
176   -3.717   14.880  3 12 1 1 8 175 511
177  -84.845    5.481  8 24 1 1 32 233 591
178  -26.343   -3.369  6  6 1 1 16 164 482
179   -1.074   31.531 19 11 1 1 32 100 430
180  -52.881   37.372 19 16 1 1 1 225 430
181   -2.606   -8.893 17 14 1 1 2 110 407
182  -56.757   71.478  3  8 1 1 32 182 436
183  -67.432   18.280 15 11 1 1 32  64 394
184  -22.052  -25.549 15 22 1 1 4 287 474
185   26.031  -19.226 24  5 1 1 1 299 599
186   23.676  -13.342 16 12 1 1 1 109 363
187   27.930    1.965 16  1 1 1 2 150 483
188  -99.506   64.618 16  8 1 1 4 277 544
189    4.999  -16.595 14  6 1 1 8 293 539
190  -35.803  -34.259 18 25 1 1 2  75 278
191   66.705  -49.902  5 13 1 1 2 213 440
192    2.783    9.723 13  4 1 1 1 101 380
193  -35.083  -31.342 14 13 1 1 32 190 488
194   30.249   -7.568  4 17 1 1 16 113 464
195   -6.573  -15.350 12 14 1 1 4 271 572
196   17.157   46.906 17  6 1 1 1 293 593
197   -4.340   46.320  4  4 1 1 2  72 346
198  -28.815  -42.419  4 18 1 1 4 141 492
199  -77.509    2.087 13 20 1 1 2 292 546
200  -39.801   16.296  5 19 1 1 32 121 431
201   15.009    1.154  7  6 1 1 32 193 469
202  -32.544   -7.013 22 23 1 1 16 259 507
203  -42.010  -12.531  7 19 1 1 2  65 405
204  -33.698  -13.562  6 23 1 1 16  92 273
205  -10.260  -19.104 20 20 1 1 2  64 259
206   -3.040   -1.880 24  7 1 1 8 184 381
207   28.680  -41.412  5  3 1 1 4 128 465
208   35.797  -69.952 22  6 1 1 4 229 424
209  -49.683  -61.951 15  8 1 1 8 262 556
210  -66.827   31.494 15 14 1 1 8 211 543
211  -28.180  -73.029  3 12 1 1 1 146 428
212  -64.221  -16.107 16  3 1 1 2 117 382
213   36.279  -33.710  6 14 1 1 16 247 557
214  -53.467    6.854 16 24 1 1 2 108 359
215  -95.697  -50.623 14  4 1 1 32 249 547
216   70.813  -13.391 13  7 1 1 1 248 475
