7 5 288 6 
500 125
500 150
500 175
500 200
500 225
500 250
  0   -2.497    7.199  0  0 0 0  0 1000
  1   -5.713   17.725 16 22 1 6 1 2 4 8 16 32 246 594
  2   38.647   -9.479  8  8 1 6 1 2 4 8 16 32 210 394
  3  -38.031  -14.679 18  6 1 6 1 2 4 8 16 32 222 455
  4   31.158  -48.444 11 25 1 6 1 2 4 8 16 32  79 387
  5   28.027  -35.413  5 10 1 6 1 2 4 8 16 32 258 467
  6   18.353   26.764  3  3 1 6 1 2 4 8 16 32 292 559
  7  -50.891   61.176 18  3 1 6 1 2 4 8 16 32 159 488
  8    0.250  -36.530  2  9 1 6 1 2 4 8 16 32  81 385
  9   64.972  -60.602  7 12 1 6 1 2 4 8 16 32 246 583
 10   -8.099  -53.857  4  8 1 6 1 2 4 8 16 32  73 411
 11  -57.111    5.804 10  5 1 6 1 2 4 8 16 32  99 290
 12   20.343   38.843  6 18 1 6 1 2 4 8 16 32 136 452
 13  -25.366   28.339 23 15 1 6 1 2 4 8 16 32 224 415
 14  -41.962   -1.660  5 22 1 6 1 2 4 8 16 32  93 448
 15  -31.512  -31.396 17 13 1 6 1 2 4 8 16 32 138 479
 16   -3.204  -39.069 25  4 1 6 1 2 4 8 16 32  89 358
 17   12.891    3.247 22  8 1 6 1 2 4 8 16 32 149 433
 18   -8.344   29.761 13 12 1 6 1 2 4 8 16 32 142 445
 19   23.730  -77.106 22 21 1 6 1 2 4 8 16 32  72 254
 20   15.411  -85.101 13  1 1 6 1 2 4 8 16 32 234 575
 21   -8.148  -25.415 13 14 1 6 1 2 4 8 16 32 244 503
 22  -19.250   18.634 19 24 1 6 1 2 4 8 16 32 234 551
 23   48.236   59.326 25 21 1 6 1 2 4 8 16 32 244 537
 24   12.048  -22.076 22 20 1 6 1 2 4 8 16 32 282 627
 25   43.085  -26.385  9 25 1 6 1 2 4 8 16 32 200 389
 26   13.403   41.626 19  9 1 6 1 2 4 8 16 32 220 462
 27   28.021   -8.887  1  5 1 6 1 2 4 8 16 32  75 287
 28   42.712   45.270 17 20 1 6 1 2 4 8 16 32 112 303
 29   13.049   48.462 13 14 1 6 1 2 4 8 16 32 157 391
 30    8.478   94.440  8 11 1 6 1 2 4 8 16 32 228 483
 31  -57.910   -4.999 18  2 1 6 1 2 4 8 16 32 287 615
 32  -24.786   54.529  3  2 1 6 1 2 4 8 16 32 122 423
 33    6.555   59.930 16 22 1 6 1 2 4 8 16 32  93 369
 34  -24.286   54.797 21  3 1 6 1 2 4 8 16 32 214 410
 35   43.561  -60.767 10 19 1 6 1 2 4 8 16 32 176 509
 36   -6.708   37.024 13 10 1 6 1 2 4 8 16 32 237 459
 37   14.154    8.234 13 19 1 6 1 2 4 8 16 32 258 506
 38   21.405   79.810 20 24 1 6 1 2 4 8 16 32 101 423
 39   -9.161    0.079 10 15 1 6 1 2 4 8 16 32 254 607
 40  -78.955  -14.075  7 19 1 6 1 2 4 8 16 32 203 466
 41   49.921  -51.971 20 12 1 6 1 2 4 8 16 32 265 528
 42   38.995   24.945 19 18 1 6 1 2 4 8 16 32 231 471
 43  -34.729   16.705  5  1 1 6 1 2 4 8 16 32 183 439
 44   42.535   12.451  8 25 1 6 1 2 4 8 16 32 214 450
 45   -9.766   14.752 23  2 1 6 1 2 4 8 16 32 186 366
 46  -87.018  -15.735 18 14 1 6 1 2 4 8 16 32 241 575
 47   -8.789  -21.448 20 24 1 6 1 2 4 8 16 32 159 355
 48   36.078   35.925 12  5 1 6 1 2 4 8 16 32 185 516
 49   39.105  -15.649 19 12 1 6 1 2 4 8 16 32  61 289
 50  -14.386  -61.194 21  2 1 6 1 2 4 8 16 32 181 468
 51  -14.307  -38.519 13 25 1 6 1 2 4 8 16 32 220 456
 52  -70.764   50.854 20 19 1 6 1 2 4 8 16 32  78 433
 53   -9.943   -7.458  9 24 1 6 1 2 4 8 16 32 215 565
 54   38.434  -60.419 13 18 1 6 1 2 4 8 16 32 286 576
 55  -55.542  -28.204 18 20 1 6 1 2 4 8 16 32 135 439
 56   60.089  -17.572  6 17 1 6 1 2 4 8 16 32  80 278
 57  -56.720   13.538 16 12 1 6 1 2 4 8 16 32 227 462
 58   -2.271  -37.628  1  2 1 6 1 2 4 8 16 32 113 351
 59  -59.680  -16.437  5 19 1 6 1 2 4 8 16 32  92 412
 60  -44.348  -11.981 23 13 1 6 1 2 4 8 16 32 143 429
 61   13.849  -45.526 18 22 1 6 1 2 4 8 16 32 146 388
 62  -12.494   26.123  6 19 1 6 1 2 4 8 16 32 175 524
 63   27.203   28.119 20 24 1 6 1 2 4 8 16 32 282 561
 64  -59.143    5.707 15 11 1 6 1 2 4 8 16 32 105 311
 65   78.003   -8.386 22  6 1 6 1 2 4 8 16 32 120 428
 66    2.765  -14.154 18 16 1 6 1 2 4 8 16 32  60 382
 67   17.389    3.278 19 10 1 6 1 2 4 8 16 32  95 429
 68   14.069  -22.229  8 11 1 6 1 2 4 8 16 32 131 322
 69   -1.782  -64.014  5 20 1 6 1 2 4 8 16 32 113 393
 70   13.080  -44.489 21 15 1 6 1 2 4 8 16 32 240 508
 71   37.311   30.365 12 16 1 6 1 2 4 8 16 32 278 575
 72  -96.143   14.362  6  3 1 6 1 2 4 8 16 32 291 534
 73  -43.597   23.920 24  7 1 3 1 2 4 195 422
 74  -21.265   10.071  8  6 1 3 4 8 16 134 492
 75  -41.327  -19.958 18 11 1 3 1 16 32 151 364
 76   -0.165   53.345 10 11 1 3 4 8 16 223 532
 77    9.827  -34.778 15 14 1 3 1 2 32 196 378
 78    0.702   -2.002  1 21 1 3 4 8 16  94 371
 79   18.866   43.915  7 19 1 3 2 4 8 188 371
 80  -74.237   -9.357 19  4 1 3 1 2 32  92 354
 81  -61.786  -12.103  6  5 1 3 2 4 8 179 408
 82   47.583   11.737  8  5 1 3 1 2 4 131 397
 83   -3.748    5.109 17 12 1 3 1 2 4 133 478
 84   23.206   66.211  2 20 1 3 1 2 32 190 401
 85  -45.142  -31.555 14 10 1 3 1 2 4 271 472
 86  -12.958   72.906  4 20 1 3 2 4 8 161 503
 87  -58.789  -19.824 18 22 1 3 1 16 32  76 369
 88  -41.382  -17.096 21 14 1 3 2 4 8 157 414
 89    7.367  -40.900 25 19 1 3 2 4 8 118 380
 90  -12.866   47.046 16 12 1 3 4 8 16 106 332
 91  -56.238   -7.581 16 14 1 3 1 2 32 195 476
 92  -54.077  -82.892 10 24 1 3 1 2 32 201 421
 93   38.293    7.275  9  7 1 3 4 8 16  98 300
 94  -11.774    5.377  7 21 1 3 4 8 16  85 400
 95  -18.561  -72.882  7 23 1 3 8 16 32  92 321
 96   46.936   42.871 15 21 1 3 4 8 16 258 502
 97  -37.939  -24.353  9 16 1 3 2 4 8 230 557
 98  -24.475   48.938  3 10 1 3 1 2 4 217 517
 99   47.369   25.323 19 11 1 3 2 4 8 147 487
100   21.741    8.856  4  8 1 3 1 16 32 194 499
101  -51.996   78.772 16  3 1 3 8 16 32 132 490
102  -45.032    1.398 11  3 1 3 2 4 8 265 543
103    9.271   51.581 17 16 1 3 4 8 16  84 337
104   -9.369   32.239 13  1 1 3 2 4 8 102 334
105   36.182   95.209  7 16 1 3 1 2 32 271 542
106   25.519  -66.394 13 16 1 3 2 4 8 102 326
107  -51.544   -7.245 19 20 1 3 1 16 32 259 582
108   -1.483  -25.531 20  1 1 3 8 16 32 206 449
109  -16.296  -28.253  6  3 1 3 1 2 4 175 404
110  -40.118   31.744  9  5 1 3 4 8 16 258 595
111  -70.697   30.450  6 13 1 3 1 2 32 168 359
112    2.954  -72.662 13  4 1 3 8 16 32 138 345
113   18.835  -21.552 13  1 1 3 4 8 16 107 412
114  -75.055  -18.445 15  6 1 3 1 16 32 162 451
115  -21.179  -37.701  3 15 1 3 8 16 32 156 363
116   61.011   56.879 22 21 1 3 8 16 32 222 535
117  -19.421   26.886 19  2 1 3 1 16 32 181 362
118  -32.721    3.033 10  5 1 3 4 8 16  74 316
119  -12.347   -4.669 21 13 1 3 1 2 4  99 406
120   20.178   50.519 22 24 1 3 4 8 16 211 497
121   22.406  -22.656  4 21 1 3 8 16 32 287 553
122  -18.652   30.988 10 15 1 3 1 2 32 219 454
123  -19.885  -88.281 11 18 1 3 1 2 32 102 413
124    8.112  -40.570 14 13 1 3 1 2 32 269 463
125  -10.229  -68.457 14 10 1 3 1 2 32 112 389
126   10.144   65.186 13 15 1 3 2 4 8 264 524
127   -5.890   -0.446 25  9 1 3 4 8 16  77 277
128  -90.149  -55.536  6 13 1 3 1 2 4 129 465
129  -32.410   28.625  9  7 1 3 1 2 4 208 517
130    6.433   23.553  4 25 1 3 2 4 8  75 389
131    1.434  -71.667  1  9 1 3 1 2 4 138 324
132   17.230  -33.679 16 10 1 3 4 8 16 258 462
133  -22.675  -90.125 16  9 1 3 1 2 32 265 529
134  -16.077  -19.287 16 15 1 3 1 16 32  90 347
135    2.502   26.849  6 12 1 3 4 8 16 122 346
136  -81.464  -21.259 20 13 1 3 1 2 32 233 542
137    7.642   20.032 15  9 1 3 1 16 32 126 472
138   23.132   50.415 21 17 1 3 1 2 32  95 276
139  -22.900    9.644  3  5 1 3 1 2 4 165 381
140   36.359   38.342 18  6 1 3 4 8 16  84 280
141   83.710  -34.198  8 14 1 3 2 4 8 160 422
142   -0.317   28.333  5 10 1 3 2 4 8 257 473
143  -34.583   -5.542  2  5 1 3 4 8 16 160 360
144   16.376    5.896 20 11 1 3 1 16 32 290 513
145  -24.921  -11.139  6  7 1 3 4 8 16 290 497
146   75.177   -5.115 17 20 1 3 4 8 16  85 402
147   -1.910  -37.811  5 14 1 3 1 2 4 276 609
148    9.570   50.092  2  3 1 3 2 4 8 187 443
149  -49.554  -76.062 10 18 1 3 1 2 32  74 281
150   86.804  -71.698 25 10 1 3 1 16 32 120 328
151   66.113   34.296 14 24 1 3 2 4 8 116 419
152  -12.787  -14.734  4 12 1 3 1 2 32  60 378
153   11.078  -40.088 14  1 1 3 4 8 16  68 402
154  -26.019   36.792  9 23 1 3 4 8 16 112 315
155   -7.916   -5.634  2  9 1 3 2 4 8 130 488
156  -12.793  -10.602  4  3 1 3 8 16 32 209 530
157   12.189   80.023  4 15 1 3 8 16 32 168 353
158   44.794   58.502  1 16 1 3 2 4 8 175 374
159  -72.308  -24.860 23 15 1 3 2 4 8 241 551
160   69.714    0.250  6  6 1 3 1 2 4 105 417
161  -31.018  -18.738 22 10 1 3 2 4 8 197 513
162    7.996   59.747 11  2 1 3 2 4 8 105 384
163  -33.984  -20.026  9 21 1 3 8 16 32 235 571
164   45.416  -58.716 20 17 1 3 1 2 32 277 614
165  -82.990   -6.378 15  2 1 3 1 2 4 100 332
166  -68.787  -80.823  9 24 1 3 8 16 32 231 430
167  -80.621   -5.713 17 23 1 3 1 2 32 245 547
168   30.212  -52.557  5 23 1 3 4 8 16 204 485
169    0.732   54.944 11  4 1 3 4 8 16 235 550
170  -50.092  -41.864  7  5 1 3 4 8 16 193 494
171  -53.699   44.574 15 14 1 3 2 4 8 123 457
172   25.482  -63.043 23 24 1 3 1 2 4 141 374
173  -80.652   14.227 20  4 1 3 1 16 32  71 382
174   28.156  -42.242  8 22 1 3 1 16 32 217 460
175   22.614   34.668 10 24 1 3 1 16 32 105 386
176  -32.666    5.585 14 13 1 3 1 16 32 157 432
177  -70.917    1.385 20  7 1 3 1 16 32  91 405
178   13.550   11.749 20  5 1 3 4 8 16  70 290
179   40.845   31.671 22  3 1 3 1 2 4 120 359
180   72.650   18.707 13 21 1 3 4 8 16 218 482
181  -16.968  -73.547 18 13 1 3 4 8 16 198 486
182  -27.747   12.543 23  7 1 3 8 16 32 274 465
183  -57.648  -19.995 23 18 1 3 4 8 16 157 486
184   13.470  -52.692 25 21 1 3 4 8 16 121 417
185   22.925  -51.392  8 10 1 3 8 16 32 114 396
186  -63.007   19.159 11 24 1 3 8 16 32 286 623
187   74.786   -5.347 21  6 1 3 1 2 4 234 509
188  -14.764  -10.876 13 11 1 3 1 2 32 243 506
189   37.231   12.848  7 24 1 3 1 2 32 124 394
190  -72.626   21.002 24  7 1 3 4 8 16 125 365
191  -45.544  -51.996  5 16 1 3 8 16 32 223 445
192  -37.482   37.079 12  2 1 3 1 2 4 214 488
193   13.245  -35.309  9 14 1 3 8 16 32 221 546
194   37.585   51.349  8 23 1 3 1 16 32 177 378
195    9.570   64.038  4 10 1 3 4 8 16 243 504
196   25.214   52.618 24 13 1 3 8 16 32  83 426
197   25.818   68.225 21  4 1 3 2 4 8  66 291
198   24.310  -57.623 19 15 1 3 1 2 4 123 310
199  -40.601  -34.827 20  4 1 3 1 16 32 183 492
200   17.780   38.727  4 19 1 3 1 2 32 130 358
201   15.045   45.020  5  7 1 3 1 16 32 232 541
202  -18.683   14.941  3  3 1 3 1 16 32 118 326
203   82.605  -27.258  8  8 1 3 2 4 8 271 579
204   51.251  -58.881 12  1 1 3 1 16 32 299 631
205   10.730   38.843 14 20 1 3 4 8 16 186 503
206   23.785   18.103 10 20 1 3 1 2 32 143 445
207   67.444  -77.087 25 23 1 3 1 16 32  65 298
208  -17.383   24.005 22 11 1 3 2 4 8 186 426
209  -48.395  -25.269  3 17 1 3 1 2 32 195 391
210  -34.357  -20.807 11 21 1 3 1 2 32 167 486
211   50.598    3.894 20  5 1 3 8 16 32 154 409
212    9.747   77.747 20 16 1 3 2 4 8  87 378
213   22.711   85.693  8 19 1 3 1 2 32 203 545
214   47.845   56.934 19 10 1 3 1 2 4 152 380
215  -14.441   33.813 12 24 1 3 8 16 32 134 476
216  -45.081  -22.284  6 23 1 3 2 4 8 213 467
217  -47.333  -14.667 21 18 1 1 32 239 436
218   36.383   69.714  6 23 1 1 4 160 375
219   23.456  -42.200 22 22 1 1 32 250 441
220   27.124   81.622 14 18 1 1 2 236 548
221  -51.141  -39.197 12 24 1 1 2 198 447
222  -65.607   45.197 13  7 1 1 16 298 517
223  -45.367   -5.151  9  7 1 1 16 265 496
224  -34.692   14.728 14 15 1 1 2 125 358
225   32.324  -71.722 15 14 1 1 2 185 404
226   30.951   83.569 22 15 1 1 2 281 635
227   70.190   26.440  6  8 1 1 16  90 338
228  -61.493   15.594 22 17 1 1 16 108 421
229  -57.086   -1.965 10 16 1 1 1 231 528
230   17.487   45.190 21 10 1 1 4 281 497
231    9.210  -91.730  2 20 1 1 8 267 606
232    0.836  -86.279  3 20 1 1 8 251 569
233  -25.256  -24.121 14  9 1 1 4 110 300
234   25.134   -7.745 17  7 1 1 32 188 522
235  -11.108   17.065 13  4 1 1 32 146 365
236  -21.283   10.260  5 11 1 1 32 122 323
237  -14.868    1.917 18  2 1 1 32 185 495
238   22.614    9.198 18 22 1 1 2 160 343
239  -71.710   35.132 16 21 1 1 2 220 526
240   44.965  -64.453 16 24 1 1 8 225 488
241   28.406   10.217 17  6 1 1 2 204 434
242  -76.666  -11.005 21  1 1 1 4  65 369
243    7.007  -38.861 12 24 1 1 32 245 505
244   33.008   54.340 23 16 1 1 1 166 370
245   24.286   65.668 25  5 1 1 2  97 293
246   35.748  -74.152 18  8 1 1 16 209 478
247  -34.210  -11.206  1  4 1 1 8  79 288
248  -29.724   42.725 19 10 1 1 4 272 587
249  -22.528   16.656  8 16 1 1 2 138 395
250    9.436  -23.535 16 19 1 1 8 236 460
251  -12.219   27.203 17 12 1 1 8 136 457
252  -24.042    0.574  3 13 1 1 8 169 479
253   33.331   93.042 15 23 1 1 32 251 537
254  -40.161    5.762 23 25 1 1 4 280 523
255  -53.400   18.292 12 21 1 1 1 249 432
256  -11.627   23.560 19  1 1 1 2 103 392
257  -37.720   -9.546 12 21 1 1 2 111 443
258   88.824   -7.550 21  5 1 1 8 287 492
259   14.044  -73.004 18 24 1 1 32  61 369
260   63.190    8.197 16 24 1 1 32 185 432
261  -52.759    6.403 17 23 1 1 8  66 295
262  -20.288   -1.135  1 24 1 1 1 140 329
263    5.933  -89.929  4 10 1 1 32 230 444
264   -9.302   20.227  6  2 1 1 1 203 472
265  -21.130   22.534  9 23 1 1 4 223 494
266  -30.194    4.852 24 23 1 1 4 123 425
267   16.174  -33.679  8 13 1 1 1 123 363
268  -22.827   21.033 22 25 1 1 16 251 607
269  -64.349    1.050  2  4 1 1 16 106 336
270   32.709   33.667 14  5 1 1 16 273 581
271    8.301  -50.592  7  4 1 1 32 153 453
272  -62.775  -17.865 10 20 1 1 1 240 460
273   64.294   40.881 18 19 1 1 1  84 432
274   47.040   48.212 14  5 1 1 2 296 611
275   23.267  -56.158 13  2 1 1 16 139 361
276   41.663   30.383 18 24 1 1 8 230 545
277  -26.556  -21.509  6 23 1 1 8 249 559
278  -27.429  -27.454 12 20 1 1 8 299 653
279  -16.553   20.068 18 13 1 1 32 143 392
280  -35.992   97.540  3 22 1 1 16 117 450
281  -68.481  -22.961 13 24 1 1 2 104 292
282   40.350  -46.997  5 25 1 1 4 172 476
283   66.119   45.239 19  8 1 1 4 208 460
284    8.087   -0.342 23  2 1 1 32 145 334
285   27.148    4.492 10 20 1 1 8 260 538
286   -2.008  -49.054 25 11 1 1 1 256 584
287   45.154  -69.067 14  1 1 1 4 176 368
288   13.220  -37.872  1 14 1 1 1 298 572
