7 27 1008 4
500 100
500 150
500 200
500 250
  0   23.627    3.963  0  0 0 0  0 1000
  1   71.106   31.165 20 23 1 4 1 2 4 8 257 374
  2    0.549  -73.682 24  7 1 4 1 2 4 8 325 468
  3   15.039    4.950 12 24 1 4 1 2 4 8 461 576
  4   45.837   32.874 10  9 1 4 1 2 4 8 239 413
  5  -27.783   44.080 13 24 1 4 1 2 4 8 281 388
  6   34.906   20.526  4 17 1 4 1 2 4 8 475 628
  7   24.310   -7.532  6 19 1 4 1 2 4 8 157 331
  8   38.629   42.084  8 13 1 4 1 2 4 8  70 168
  9    7.281   63.531  7  6 1 4 1 2 4 8  98 237
 10    4.150   59.003 13 14 1 4 1 2 4 8 100 242
 11   72.937   62.488  5 12 1 4 1 2 4 8 253 406
 12  -22.791    9.644 17 15 1 4 1 2 4 8 404 571
 13   30.359    7.294 14 24 1 2 1 2 149 244
 14   -4.987  -34.198  8  5 1 2 4 8 325 463
 15   12.366   50.690  5 16 1 2 2 4 316 459
 16   -5.945  -51.447 13 22 1 2 2 4 361 516
 17    5.792   27.319 12  7 1 2 1 8 139 243
 18   14.374   37.646  2 17 1 2 1 2 142 259
 19  -39.008  -38.196 10  1 1 2 2 4 275 405
 20   20.477  -23.016 20 22 1 2 1 8 121 297
 21   12.036  -95.831 16  5 1 2 2 4 117 266
 22   11.102  -28.540  9  6 1 2 1 2 311 486
 23   21.722  -11.420  9 14 1 2 4 8 321 498
 24  -30.060  -57.104 16  1 1 2 2 4  74 205
 25   61.279   12.836  6 15 1 2 1 2 458 566
 26   28.094  -10.779 18 15 1 2 1 2 284 437
 27   53.424   18.237  1  7 1 2 1 2 126 275
 28   23.126  -24.481  1 21 1 2 4 8 126 262
 29   49.591   25.275  4 15 1 2 1 2 314 461
 30   18.158  -36.597 14  2 1 2 1 8 318 464
 31    8.051  -30.695 23 15 1 2 1 2 316 455
 32   46.057   -4.413  6 15 1 2 2 4 430 556
 33    4.742   -6.696  6  9 1 2 2 4 434 539
 34  -61.401  -81.763 15  3 1 2 1 8 393 499
 35  -21.790   33.777 24  1 1 2 1 2 323 492
 36    3.766  -49.152  8  5 1 2 4 8 168 343
 37   38.556   26.898  8  8 1 1 8 249 385
 38   19.128  -43.781  1 10 1 1 1 125 274
 39   27.637  -44.818 10 12 1 1 4 177 323
 40    6.873  -17.578  3  4 1 1 1 275 436
 41   11.401  -19.183  3 14 1 1 2 165 328
 42  -11.151    7.269 23 17 1 1 1  96 228
 43   72.046   15.271  2  9 1 1 2 352 522
 44   26.416   -8.600  6 22 1 1 4 435 591
 45   12.384   86.682 17  7 1 1 4 227 364
 46   76.721   32.355  6 20 1 1 4 406 529
 47   32.025   84.741 16  3 1 1 1  91 198
 48  -14.764  -79.437  3  2 1 1 2 441 604
 49  -16.412    5.396 23 25 1 4 1 2 4 8 209 348
 50   20.190    8.527  9  8 1 4 1 2 4 8  79 224
 51   12.085   36.420  2 15 1 4 1 2 4 8 291 433
 52   51.642   37.671 19 13 1 4 1 2 4 8 195 372
 53  -24.896   27.045  9  8 1 4 1 2 4 8 478 589
 54   58.136  -70.673 10 11 1 4 1 2 4 8  71 174
 55   16.418   28.979 14  8 1 4 1 2 4 8 451 564
 56   55.542  -46.954 12  7 1 4 1 2 4 8 167 340
 57   52.472  -61.682 17  7 1 4 1 2 4 8 337 485
 58   23.572  -26.721 14  1 1 4 1 2 4 8 253 411
 59    5.792   50.482  5 23 1 4 1 2 4 8 330 462
 60   46.429  -99.872 17  6 1 4 1 2 4 8 269 414
 61  -35.999   77.466 15 18 1 4 1 2 4 8 396 570
 62    4.822  -23.743 10 16 1 4 1 2 4 8 122 248
 63    5.042  -41.986  4 11 1 4 1 2 4 8 247 407
 64   -5.896   -9.009 24 12 1 4 1 2 4 8 206 373
 65   89.520  -47.461 19 19 1 4 1 2 4 8 420 558
 66   24.176   42.108  4 22 1 4 1 2 4 8 410 506
 67   41.675  -35.040  7 13 1 4 1 2 4 8 453 616
 68   76.843   31.683 18  6 1 4 1 2 4 8 241 405
 69    3.949  -24.646  8 18 1 4 1 2 4 8 446 558
 70   77.942  -10.742 16 14 1 4 1 2 4 8 353 510
 71   78.876  -26.440 21 17 1 4 1 2 4 8 325 416
 72   44.397  -15.332  4  1 1 4 1 2 4 8 120 238
 73   15.961   36.847 10 19 1 2 1 8 157 314
 74   69.397  -54.626 12 18 1 2 1 2 371 548
 75   14.874   83.002  5 18 1 2 4 8 449 610
 76   30.078   24.780 11 14 1 2 2 4 461 580
 77   83.313   10.638 12 25 1 2 1 8 320 447
 78    5.786   -2.856 14 19 1 2 2 4  65 207
 79   62.177   22.217 16  6 1 2 2 4 460 560
 80   65.588  -41.077  2  2 1 2 2 4 310 414
 81  -10.004   51.379 19 13 1 2 4 8 374 515
 82   63.391    8.636 16  5 1 2 1 8 372 547
 83   -5.695    1.202  2 21 1 2 1 2 172 295
 84   -8.167    4.395  5 25 1 2 2 4 106 262
 85    3.253   -4.755  1 13 1 2 2 4 181 279
 86   46.057  -63.452  7  6 1 2 1 2 203 343
 87   63.416   -5.261 15 19 1 2 2 4 256 412
 88   13.092  -36.743 15 11 1 2 1 8 393 518
 89   23.669  -26.154  2 10 1 2 4 8 453 576
 90    9.027   90.192 13 21 1 2 1 8 169 343
 91   76.624    6.805 10 17 1 2 1 2 327 484
 92   -1.208   -8.875 21  3 1 2 4 8  61 240
 93   37.042   60.815  5  8 1 2 4 8 193 347
 94   65.265   37.909  3  6 1 2 1 8 370 549
 95  -10.120  -15.631 24  6 1 2 4 8 353 481
 96    9.680  -28.711  9 17 1 2 1 2 412 544
 97    7.550  -56.458  2 11 1 2 4 8 379 469
 98   14.795   62.445 23  4 1 2 1 8 244 399
 99    7.269  -24.066  3 11 1 2 1 2 320 469
100   21.490   50.092 12 18 1 2 1 2 355 507
101  -17.242   -6.396 25 24 1 2 2 4 463 633
102   65.985  -14.948 25 12 1 2 2 4 448 560
103   49.139  -25.116 18 15 1 2 1 8 274 452
104  -19.012  -76.208 15  5 1 2 2 4 365 521
105   96.301   -6.873 10 10 1 2 1 8 268 374
106   66.113   68.481  3 14 1 2 1 8  77 193
107   30.048   27.020  5  3 1 2 2 4 303 463
108   72.052   -6.567 17 25 1 2 1 8 100 236
109    7.550  -39.832 11 25 1 2 1 2 156 314
110   53.082  -10.693 13  7 1 2 1 2 127 220
111  -25.073  -58.185 19  8 1 2 2 4 473 637
112   36.761  -14.014 22 24 1 2 1 2 150 310
113   19.366   30.005 24  8 1 2 4 8 311 473
114   23.315   44.336 16 22 1 2 1 2 187 297
115   36.548   -2.161  8 15 1 2 1 8 285 388
116   81.311  -73.871 11  5 1 2 1 2 386 524
117   87.250  -86.615 15 14 1 2 1 2 377 501
118   17.725   73.309  8 23 1 2 2 4 116 283
119   57.953   17.877  3 12 1 2 2 4 184 309
120   -8.344   38.257  9  9 1 2 1 2 352 512
121   10.443   47.455 24 20 1 1 8 310 437
122   71.143   44.336  6  1 1 1 2 407 501
123   39.014   35.083 12 14 1 1 2  75 205
124   62.701  -59.564 21 18 1 1 8 442 591
125   18.237   -8.545  8 11 1 1 4 339 436
126   34.857   14.148 11 23 1 1 2 404 529
127  -91.144  -76.550  3  1 1 1 2 305 440
128   15.460  -76.562 16 17 1 1 1  92 266
129   74.957  -24.280 18  9 1 1 1 454 589
130  -62.354  -39.624 14 20 1 1 8 243 390
131   30.884    4.156  2  5 1 1 4  73 203
132   45.197  -28.235  1  3 1 1 4 109 283
133    0.262    9.045 21 16 1 1 2 255 423
134   -2.850   31.848  1 15 1 1 1 217 377
135   14.685  -22.229 10  4 1 1 1 408 562
136  -39.490  -20.728 18 17 1 1 4 336 496
137   26.331   30.322 10 24 1 1 4 436 609
138  -23.291   24.756  9 20 1 1 1  91 230
139   35.669   -5.322  9 20 1 1 2 376 499
140   56.512  -32.996 25 23 1 1 4 203 294
141   54.388   56.714 25 24 1 1 4 438 599
142   25.116    8.917  1 10 1 1 8 474 575
143   40.240   90.057  5  7 1 1 2 368 524
144  -18.970  -44.684  9 11 1 1 4  60 206
145   18.884  -16.040 22  6 1 4 1 2 4 8 212 325
146   -6.049   41.125 23 12 1 4 1 2 4 8 365 538
147  -48.553  -29.407 14 22 1 4 1 2 4 8 469 633
148  -20.337   52.478  8  4 1 4 1 2 4 8 300 453
149   19.244   35.107  5  5 1 4 1 2 4 8 234 357
150  -12.189  -45.801  3 16 1 4 1 2 4 8 158 274
151  -16.956  -39.697 23  9 1 4 1 2 4 8 317 475
152  -24.176  -51.526 23  7 1 4 1 2 4 8 400 545
153   30.023  -14.740  6 21 1 4 1 2 4 8 171 273
154  -19.269   34.711  1 18 1 4 1 2 4 8 419 559
155   -5.286  -20.105 14  5 1 4 1 2 4 8 264 414
156  -39.374  -10.303  8  4 1 4 1 2 4 8 158 318
157   15.625  -36.688 24 13 1 4 1 2 4 8 458 577
158  -35.919   80.383  9 16 1 4 1 2 4 8 430 577
159   18.054   33.295 19  9 1 4 1 2 4 8 176 352
160  -52.368  -18.463  3 15 1 4 1 2 4 8 479 570
161   19.763   45.642 16  3 1 4 1 2 4 8 431 573
162  -51.550  -30.908 18 10 1 4 1 2 4 8 304 483
163   18.091   44.049 19 25 1 4 1 2 4 8 468 574
164  -14.380  -62.408  1  8 1 4 1 2 4 8 408 511
165    1.770   -5.847 17  5 1 4 1 2 4 8 452 617
166   63.995  -11.792 10 14 1 4 1 2 4 8 204 317
167   16.241   13.153  3  7 1 4 1 2 4 8 419 564
168  -10.193   32.214  3 10 1 4 1 2 4 8 314 442
169   -2.185   33.929 13 22 1 4 1 2 4 8 201 292
170    9.674  -17.505 25  7 1 4 1 2 4 8 359 471
171   10.559   32.007  7 10 1 4 1 2 4 8 220 330
172  -75.110    4.510  2  2 1 4 1 2 4 8 406 507
173  -17.352   -5.609 21 13 1 4 1 2 4 8 277 388
174   41.479  -57.941  4  2 1 4 1 2 4 8 181 294
175   40.948   -8.057 22 12 1 4 1 2 4 8 448 624
176   27.118   -5.255 21 20 1 4 1 2 4 8 454 595
177   14.093   -5.896 16  4 1 4 1 2 4 8 380 496
178  -59.222  -12.811  8 15 1 4 1 2 4 8 269 435
179  -32.751    2.216 21  9 1 4 1 2 4 8 226 358
180   16.962  -66.901 10 20 1 4 1 2 4 8 303 448
181   -2.686   18.994 15  2 1 2 2 4 392 530
182  -48.499  -23.700 20 18 1 2 2 4 167 338
183   -6.616  -13.336 10  1 1 2 1 2 371 480
184  -86.798  -93.707  7  2 1 2 1 8 329 453
185  -38.220   -5.066 11 21 1 2 1 2 136 241
186   31.720  -36.578  4 25 1 2 1 8 265 368
187   32.361   -1.740  3  4 1 2 1 2 189 354
188    6.647   15.558  4  8 1 2 4 8 162 294
189  -12.555   39.600 24  3 1 2 4 8 345 509
190   23.071  -22.437 23 23 1 2 4 8 285 463
191   13.739    3.558 14 25 1 2 1 8 100 194
192   70.734  -43.695 24 14 1 2 1 2 303 434
193   -8.771  -15.558 15 15 1 2 4 8 221 367
194  -61.951   14.111  9 17 1 2 1 8 240 395
195   -9.778   -4.926  8  5 1 2 2 4 430 591
196   -2.765   17.938  4  9 1 2 2 4 318 484
197   14.478  -41.650  1 12 1 2 1 2 398 540
198  -51.910   26.892  8  8 1 2 1 8  78 186
199   38.116  -98.456 12  9 1 2 1 2 147 313
200  -31.421   11.328 17 14 1 2 4 8 355 478
201   12.476   56.097 17 24 1 2 4 8 394 509
202    2.399  -71.582 11  7 1 2 1 2 111 268
203    8.411   49.017  5 15 1 2 1 2 166 325
204   21.472   -8.655  6 16 1 2 2 4  70 216
205  -54.492   17.676 22 19 1 2 1 2 212 311
206   14.374   -0.012 12 22 1 2 2 4 138 278
207  -14.001    8.032 21  8 1 2 2 4 306 413
208   74.286  -16.187  8 14 1 2 4 8 454 554
209   21.094  -11.499 25 22 1 2 1 8 209 362
210  -54.370   20.740  4  1 1 2 4 8 187 312
211   -7.458   74.432 20 13 1 2 4 8 388 527
212    1.935   11.261 10 16 1 2 2 4 144 297
213    6.305   36.768 11 13 1 2 1 8  63 232
214  -31.317   -7.172  3 20 1 2 1 2 373 527
215  -30.548   14.087 10  4 1 2 1 8 443 545
216   18.665   87.811 16 15 1 2 2 4  80 205
217  -36.780  -23.633 18 24 1 2 2 4 224 391
218   35.870  -19.482  9  6 1 2 4 8 278 382
219  -41.852   17.310 17 20 1 2 1 2 451 594
220   56.519   58.289 24  3 1 2 4 8 127 259
221  -43.036  -41.541 17  9 1 2 4 8 359 532
222   27.344   70.087  1  6 1 2 1 2 378 501
223   36.841   44.153 18 21 1 2 1 2 442 593
224  -63.348  -14.856  6 19 1 2 1 2 274 370
225  -45.312  -19.739  9  7 1 2 4 8 268 397
226  -27.887   64.532  4 23 1 2 4 8  63 176
227  -38.354   -4.034 13  5 1 2 4 8 127 261
228  -35.638    6.610 17 12 1 2 2 4  88 187
229    2.142   27.856  8  1 1 2 4 8 334 443
230    6.610   -2.216 23  6 1 2 1 2 217 362
231  -31.451   72.369 11  8 1 2 4 8 156 251
232    2.655  -25.140 15 20 1 2 4 8 227 363
233  -53.595   28.552  9 22 1 2 1 8 229 342
234   -7.745   50.720 15  2 1 2 1 2 295 388
235  -48.700  -17.981  4 22 1 2 1 8 384 497
236  -40.582   -3.308 22  1 1 2 4 8 110 288
237  -31.714   40.070  8 20 1 2 4 8  96 275
238   -6.189   20.813  8 10 1 2 2 4 375 497
239  -32.379   -7.910 12 12 1 2 1 8 188 293
240  -19.482   13.544  7 12 1 2 4 8 165 341
241   41.785   -2.728 25 10 1 2 1 8 419 565
242  -69.745  -22.491  4 11 1 2 2 4 230 347
243  -42.633   -6.836 10 17 1 2 2 4 401 559
244  -28.955   15.491  4  2 1 2 2 4 235 331
245   -9.161   29.657 21 20 1 2 4 8 151 258
246  -33.429   29.492  9  5 1 2 4 8 441 589
247  -30.872   20.654  7 14 1 2 2 4 165 339
248  -66.943   81.207  3 16 1 2 1 8 458 630
249  -14.404  -33.954  2 23 1 2 1 2 263 416
250  -70.544  -16.187 12 17 1 2 2 4  96 248
251  -31.909   48.224 14 12 1 2 1 8 448 542
252   -5.103   69.318 23 20 1 2 2 4 412 523
253   17.822  -40.405  4 12 1 1 1  90 254
254    6.653   28.217 22  7 1 1 1 321 418
255    7.343  -15.204  4 16 1 1 4 363 512
256   20.630  -56.732 12 18 1 1 8 307 441
257  -44.019  -13.092  1  3 1 1 8 349 519
258  -33.423   65.100  2  5 1 1 1 197 295
259   15.833  -14.282  9  2 1 1 2 161 320
260   -5.389   12.592 23 11 1 1 4 445 600
261   11.322  -13.574 11  1 1 1 2 222 338
262  -19.501   29.968 17 11 1 1 2 182 287
263   29.395   25.305 17  1 1 1 2 392 519
264   14.484  -49.243  3 16 1 1 2 211 378
265  -58.398   16.467 15 19 1 1 8 272 382
266   17.218  -12.415 11 23 1 1 2 444 622
267   -7.611  -15.790 15 20 1 1 4 165 305
268    3.857  -30.408 25 15 1 1 4 362 489
269   18.207  -12.823 21 22 1 1 1 256 420
270  -12.549   41.449 22 19 1 1 8 399 552
271    7.013  -20.862 14 21 1 1 4 408 538
272  -87.775  -40.820  7 18 1 1 8 236 371
273  -47.156   30.554 23 10 1 1 1 261 414
274  -16.583  -23.328  5  6 1 1 4 299 461
275   -2.637    0.049 12 21 1 1 8 344 464
276  -47.882    1.428 21  8 1 1 8 358 473
277   75.342  -28.101 14 22 1 1 4  91 254
278  -21.313   -1.727 15 14 1 1 1 245 347
279  -17.493   18.634  9 15 1 1 2 219 355
280    3.174   23.828  5 12 1 1 2 380 534
281  -33.099   55.963  3 18 1 1 2 292 446
282  -33.899    6.366  1 15 1 1 2 407 531
283    1.312   50.458  9 18 1 1 8 203 362
284  -38.715    3.235 20  6 1 1 4 327 484
285  -72.772   44.043 21 16 1 1 4 183 292
286   41.248   -4.797 12 23 1 1 8 356 531
287  -30.988   24.524  7  3 1 1 4  69 181
288   14.221   35.968  9 11 1 1 1 105 274
289   -1.410   38.470 18  3 1 4 1 2 4 8 213 314
290    2.948  -20.251 18  8 1 4 1 2 4 8 298 440
291  -32.855   20.105  3  6 1 4 1 2 4 8 139 269
292  -10.516   26.233 14  8 1 4 1 2 4 8 352 494
293  -28.339   59.308  4 13 1 4 1 2 4 8 112 285
294  -40.582   51.685 13 20 1 4 1 2 4 8 202 324
295  -31.183   40.466 25 18 1 4 1 2 4 8 460 595
296   62.915   78.546 10 24 1 4 1 2 4 8 307 438
297  -21.381  -10.602 11 20 1 4 1 2 4 8 299 422
298  -22.058   -8.765 14 14 1 4 1 2 4 8  82 213
299   41.406  -32.452 11 15 1 4 1 2 4 8 231 344
300   -5.786   14.954  9  1 1 4 1 2 4 8 312 435
301   -6.671  -36.298 17 21 1 4 1 2 4 8  69 160
302  -53.668   33.014 19 15 1 4 1 2 4 8 374 486
303    6.342   81.238  7 12 1 4 1 2 4 8 141 235
304   17.767  -31.000 18 18 1 4 1 2 4 8 406 503
305  -49.341    7.861 20  4 1 4 1 2 4 8 226 371
306   12.341  -23.999 10 25 1 4 1 2 4 8 251 426
307  -39.502    6.250 22 21 1 4 1 2 4 8 475 597
308    7.117   14.441  9 15 1 4 1 2 4 8 282 399
309   19.897   -9.216  7 17 1 4 1 2 4 8 455 556
310  -24.402   29.694 23  9 1 4 1 2 4 8 130 266
311   26.147  -12.207  2  1 1 4 1 2 4 8 256 383
312   31.183   40.344 22 25 1 4 1 2 4 8 411 544
313   27.069  -17.627 20 18 1 4 1 2 4 8 224 371
314   28.534  -43.945 15 19 1 4 1 2 4 8 144 269
315   10.797  -53.784 11 22 1 4 1 2 4 8 315 444
316  -85.785   29.449  4  2 1 4 1 2 4 8 378 514
317  -17.273   72.626  2  2 1 4 1 2 4 8 255 357
318  -35.657  -24.512 13 23 1 4 1 2 4 8 449 548
319  -26.807   42.059  7 24 1 4 1 2 4 8 233 402
320   19.434    4.730 21 12 1 4 1 2 4 8 316 430
321  -47.821   30.426 13 21 1 4 1 2 4 8 383 486
322   10.547  -31.482  4  8 1 4 1 2 4 8 427 589
323  -38.544   19.873 12 21 1 4 1 2 4 8 463 600
324  -27.972   15.851  2  2 1 4 1 2 4 8 402 496
325  -47.919   73.254 13 23 1 4 1 2 4 8  78 192
326  -13.141  -96.667  7 13 1 4 1 2 4 8 149 291
327    9.131   37.061  3  5 1 4 1 2 4 8 428 559
328   -4.053  -78.888 12 12 1 4 1 2 4 8  87 256
329  -27.838   32.208 20 17 1 4 1 2 4 8 398 539
330  -50.439   41.803  3 11 1 4 1 2 4 8 313 471
331  -17.767  -49.957  8  5 1 4 1 2 4 8 119 288
332  -16.132   20.935 15  8 1 4 1 2 4 8 423 576
333  -33.234   36.536 23 16 1 4 1 2 4 8 212 381
334   42.529  -41.534 19 22 1 4 1 2 4 8 243 420
335  -19.342    1.129 18  9 1 4 1 2 4 8 184 351
336  -11.493   12.109  7  2 1 4 1 2 4 8 248 378
337  -67.175    5.920 19  6 1 2 1 8 142 316
338  -71.765   44.427  7 25 1 2 1 8 238 348
339  -98.322   39.105 20  9 1 2 1 8  66 233
340   85.083   16.327 23  5 1 2 1 8  90 263
341    0.757   27.405  1 16 1 2 1 8 365 493
342    8.380  -80.713 18 18 1 2 2 4 313 464
343   51.917  -71.155 22  6 1 2 1 2  84 199
344  -33.997  -20.868  7 10 1 2 4 8 350 502
345    0.513  -30.981 15 24 1 2 1 2 247 411
346   22.046  -13.397  3  3 1 2 1 8 338 471
347   28.656  -22.156 19 23 1 2 1 2 308 466
348   24.670   28.107 21 22 1 2 1 2 475 626
349  -89.880   39.508 22  6 1 2 1 2 240 354
350  -37.097   70.959 22 11 1 2 2 4 353 472
351   11.005  -19.946 10 17 1 2 4 8 432 555
352   10.309  -65.625 12 25 1 2 1 2 396 556
353  -69.287   41.223 18 20 1 2 4 8 157 260
354  -45.929   -8.801 19 25 1 2 2 4 187 365
355   36.548    1.031 10 15 1 2 2 4 229 385
356  -44.592   18.787 14 20 1 2 1 2 443 559
357  -28.937    6.421 17  6 1 2 1 8 116 262
358   89.532  -53.479  5 10 1 2 4 8  82 230
359   23.676  -63.177 23 24 1 2 4 8 152 243
360  -37.421  -35.944 10 14 1 2 1 2 154 261
361  -47.870   30.127  5 11 1 2 4 8 391 488
362  -74.377   76.648 15 20 1 2 4 8 214 322
363   -8.374  -13.135  2 13 1 2 4 8 430 580
364   34.760   58.545 11 13 1 2 2 4 180 303
365    1.813   -4.907  6  2 1 2 2 4 158 279
366   31.061  -38.373  1 22 1 2 1 8 365 486
367   51.373   14.001  6 12 1 2 2 4 301 415
368  -44.470   30.817  2  7 1 2 1 2 155 302
369   40.186  -57.477 21  7 1 2 1 2 176 348
370   27.374  -14.917 18  8 1 2 1 2 183 324
371   20.258  -59.399  8  1 1 2 4 8 364 455
372   49.377   25.946 19  4 1 2 2 4  78 229
373  -37.646   26.044 25 24 1 2 4 8 164 333
374  -42.578    5.573 10  6 1 2 1 8 428 520
375  -67.859   -9.814 22 24 1 2 4 8 450 561
376  -19.629   61.621 17  4 1 2 4 8 172 340
377   -7.611  -27.032 16 17 1 2 4 8 125 299
378  -19.092   56.018 24 19 1 2 4 8 186 302
379   69.287  -77.911  6 15 1 2 1 2 179 333
380   66.772  -51.709 22 14 1 2 2 4  64 241
381  -36.047   27.246 12  6 1 2 2 4 136 233
382    7.928  -33.582  3 11 1 2 4 8 115 292
383  -37.366   30.859 13 13 1 2 1 8  98 268
384  -10.748   32.288 14 22 1 2 4 8 217 363
385   -3.943  -35.229 25 12 1 2 1 8 300 419
386  -71.057  -17.004  1 10 1 2 1 2 386 496
387  -12.622   16.211 12  5 1 2 1 8 448 539
388   31.042  -33.923 15 19 1 2 4 8 170 339
389  -18.195    9.235 15 23 1 2 1 2 439 542
390  -21.411  -39.404 15  6 1 2 2 4 470 569
391  -37.433   43.152  9  4 1 2 1 8  94 185
392  -64.417   43.829 17 14 1 2 1 8 278 407
393  -43.756   30.029  1 12 1 2 1 8 360 539
394   74.457    6.378 10 10 1 2 1 2 330 493
395  -25.787    7.117  6 11 1 2 1 2 233 361
396   24.487   70.093 13 11 1 2 1 2 273 438
397   60.449  -30.676  6 12 1 2 1 2 279 408
398  -50.641  -59.888 21 18 1 2 4 8 108 271
399   18.976  -40.289  8 23 1 2 4 8 273 365
400   -0.104    8.582  4  7 1 2 1 2 477 617
401    3.485  -18.616  9 13 1 2 2 4 146 278
402   43.085  -29.810 10  9 1 2 1 8 368 537
403   26.807  -26.422 12 14 1 2 1 2 179 315
404  -21.234   -1.752 25  3 1 2 4 8 254 424
405  -46.417   49.591 25 25 1 2 1 8 381 505
406   18.195   50.830 16 18 1 2 1 8 417 585
407  -38.171  -14.099 23 22 1 2 4 8 450 619
408  -32.214   37.982 24 15 1 2 4 8 385 548
409    6.964   83.862 12 21 1 2 1 8 257 418
410  -26.190    6.647  4 19 1 2 1 8 130 271
411   33.972  -24.603 23  3 1 2 4 8 154 319
412   52.417  -18.445  8 23 1 2 4 8 152 296
413   -8.313   12.677  3  1 1 2 1 8 207 327
414  -25.183   52.484  2 10 1 2 4 8 257 368
415   15.729  -26.508 14 22 1 2 1 8 163 337
416  -34.674   -8.313 12 23 1 2 1 8 445 577
417  -36.700    0.629 22  9 1 2 4 8 105 228
418  -33.002  -60.052 18 20 1 2 2 4 366 472
419  -25.360   18.481 20 21 1 2 1 2 243 402
420  -15.192   29.132 19 13 1 2 1 2 324 497
421    2.325   11.346 10 15 1 2 2 4 209 342
422   17.615   -2.563  2  1 1 2 1 8 310 402
423   48.303  -47.656 12 20 1 2 2 4  85 250
424  -26.471  -30.414 25  9 1 2 2 4 444 546
425  -54.053   43.549  1  7 1 2 4 8 175 343
426  -28.442   24.884 10  8 1 2 2 4 160 256
427    1.501  -14.636 19  2 1 2 1 8  69 197
428  -80.255   39.062 16 19 1 2 1 2 344 441
429   33.313   -9.253 15  8 1 2 4 8 314 464
430   23.328   72.046 18 21 1 2 1 2 306 424
431   23.895  -12.463 13 22 1 2 2 4  88 210
432  -17.218   12.891  4  1 1 2 1 8  94 239
433  -21.326   14.978 16  5 1 1 4  81 176
434    5.548  -24.408 10 22 1 1 2 449 584
435   16.333  -32.629 16  8 1 1 4 209 345
436   39.185  -41.602  3 16 1 1 8 416 543
437  -28.918   -9.113  3 21 1 1 8  74 192
438   12.152   95.117 14  9 1 1 8 435 526
439  -40.717   70.312 22  8 1 1 2 232 352
440   27.655    3.101 18 18 1 1 4 447 607
441   18.616   -3.699 25 12 1 1 2 406 560
442  -70.093   32.147 25 22 1 1 1 402 542
443  -17.279   50.616 16  5 1 1 1 249 354
444   38.818  -17.389 25 10 1 1 8 275 392
445  -15.594  -11.432  4 12 1 1 1  88 204
446   60.101  -38.263 11 13 1 1 2 248 411
447  -81.720  -27.301  1 14 1 1 4  92 226
448   98.914  -31.921 14 16 1 1 8 275 406
449   35.760  -50.830  1 12 1 1 2 335 470
450   19.409  -20.288 20 19 1 1 8  95 270
451  -41.351   45.343 21 22 1 1 4 208 381
452  -15.015   16.290  2 24 1 1 1 182 273
453  -74.829  -22.644 14 10 1 1 4  60 217
454   -4.803  -19.629  7 11 1 1 4  71 249
455  -35.339   42.651 16  5 1 1 2 168 286
456   18.707  -24.500 14  8 1 1 4 424 543
457  -23.273   58.026 14  7 1 1 4 337 499
458  -50.159   56.805 19 11 1 1 8 250 428
459  -41.974   16.254 15  7 1 1 1 270 404
460  -77.063   28.723 21  7 1 1 1 246 385
461  -34.705  -49.426 10  2 1 1 1 213 306
462  -30.005   50.018 13 13 1 1 8 326 439
463  -82.294   54.059  4  2 1 1 8 365 544
464  -49.640   30.554 16 14 1 1 8 197 351
465   26.434   -4.578  8  9 1 1 2 221 369
466   91.473  -89.404  1  9 1 1 8 291 410
467    5.652   92.957  2  1 1 1 4 100 251
468   -0.049   26.697 20 24 1 1 8 155 298
469   26.868  -55.914  1  2 1 1 1 188 330
470   -7.196   -8.972  4 10 1 1 8 425 585
471  -24.011    7.373 15  4 1 1 2 153 260
472   -0.720   18.884 12  2 1 1 2 446 586
473   19.690   57.098 10 18 1 1 1 130 269
474   24.768  -86.151 24  3 1 1 1 185 275
475  -55.389   18.152 23  8 1 1 4 270 385
476  -41.986   43.701 22 18 1 1 8 180 296
477   72.864  -97.382 20  7 1 1 1 465 619
478   14.319  -28.888 10 10 1 1 8 191 359
479   34.210    9.076 13 16 1 1 4 400 491
480    0.922  -11.090 13 22 1 1 8 371 484
481  -34.686   24.048  1 24 1 4 1 2 4 8 215 393
482    9.717  -10.956 12 18 1 4 1 2 4 8 231 342
483   54.742  -41.296 20 15 1 4 1 2 4 8 228 325
484   51.898   89.935  5 18 1 4 1 2 4 8 404 534
485   -0.006   24.420 10  7 1 4 1 2 4 8 410 544
486    7.379  -12.677 12  1 1 4 1 2 4 8 246 374
487  -56.360   19.299 19 17 1 4 1 2 4 8 183 295
488    0.604   24.774  8  7 1 4 1 2 4 8 213 330
489   44.183   55.829 18  5 1 4 1 2 4 8 426 571
490  -24.292   27.118 25 16 1 4 1 2 4 8 165 287
491    2.789   54.303 23  8 1 4 1 2 4 8 198 365
492   57.104   66.650  3  8 1 4 1 2 4 8 466 642
493  -51.465   30.646 21 21 1 4 1 2 4 8 100 253
494   47.546  -20.782  5  9 1 4 1 2 4 8 318 485
495    6.696   32.458  1 18 1 4 1 2 4 8 105 206
496   41.144   18.518 15  6 1 4 1 2 4 8 332 436
497  -62.811   59.491  9 23 1 4 1 2 4 8 442 589
498   20.728  -37.500 19  9 1 4 1 2 4 8 198 369
499  -59.039   38.422 13 14 1 4 1 2 4 8  63 201
500   36.731  -50.226 24  5 1 4 1 2 4 8 156 287
501  -62.030   33.521  7 22 1 4 1 2 4 8 458 585
502   46.210   17.157  8 11 1 4 1 2 4 8 475 634
503   27.307   21.722 12 21 1 4 1 2 4 8  93 202
504    6.403  -18.994 13 19 1 4 1 2 4 8  88 227
505   20.776  -15.387 25 15 1 4 1 2 4 8 246 360
506  -53.625   34.863 23 13 1 4 1 2 4 8 348 485
507  -12.903   37.512 20  4 1 4 1 2 4 8 411 559
508  -13.123    2.655  8 19 1 4 1 2 4 8 350 522
509   24.396   51.978  5 24 1 4 1 2 4 8 234 328
510   78.394   64.496 19 19 1 4 1 2 4 8 297 472
511  -11.444   69.794 24  7 1 4 1 2 4 8 437 598
512  -33.502    7.501  4 17 1 4 1 2 4 8 178 355
513   33.228  -22.797 13 18 1 4 1 2 4 8 386 477
514   -5.127  -26.282 15 24 1 4 1 2 4 8 165 323
515    0.305  -79.218 15  2 1 4 1 2 4 8 281 422
516   24.768  -88.690 21 25 1 4 1 2 4 8  81 214
517    5.243  -67.346 21  8 1 4 1 2 4 8 183 362
518  -19.440   50.104 24 21 1 4 1 2 4 8 131 244
519   19.061  -29.480 18  7 1 4 1 2 4 8  66 219
520  -10.083   36.786 13  5 1 4 1 2 4 8 266 389
521   57.715   71.362  4 14 1 4 1 2 4 8 239 415
522  -47.406   63.544 11 15 1 4 1 2 4 8 362 484
523   15.790  -17.041  4  2 1 4 1 2 4 8 470 643
524   70.361   27.753 25  5 1 4 1 2 4 8 264 439
525   -2.551   51.666 13  1 1 4 1 2 4 8  78 252
526  -68.878    4.053 17  3 1 4 1 2 4 8 200 377
527  -19.385   12.677 14 23 1 4 1 2 4 8 267 416
528   41.693  -93.585 15 10 1 4 1 2 4 8 193 322
529   28.082  -18.262 19 23 1 4 1 2 4 8  63 175
530   28.845  -16.473 10 12 1 4 1 2 4 8 236 390
531  -52.032   26.703 23 10 1 4 1 2 4 8 121 294
532  -27.356   38.708 19  6 1 4 1 2 4 8 282 372
533  -34.302   25.995 25  4 1 4 1 2 4 8 332 446
534  -41.425   78.906 21 25 1 4 1 2 4 8 128 232
535   24.786  -35.925  5 19 1 4 1 2 4 8 440 594
536  -22.522   18.536  4  8 1 4 1 2 4 8 345 436
537   -7.550   23.572 22 21 1 4 1 2 4 8 100 224
538  -45.129   30.438  9  1 1 4 1 2 4 8 145 253
539  -33.136   30.731 19 11 1 4 1 2 4 8 449 606
540  -31.482    9.351 11  4 1 4 1 2 4 8 460 615
541    9.686    7.294 14 23 1 2 1 2 268 398
542   43.884  -23.669 12 12 1 2 1 8 148 246
543   49.188   59.290 11  6 1 2 1 8 139 278
544  -39.551  -10.968  3 17 1 2 4 8 338 468
545  -96.521   45.508 17 21 1 2 1 2 106 249
546  -59.076   41.669  2 20 1 2 2 4 186 326
547  -68.811    4.315  1 24 1 2 1 8  70 244
548   10.510   19.092  5 25 1 2 2 4 323 491
549   40.820   65.723 11 21 1 2 4 8 169 293
550   28.833  -57.672  7 25 1 2 2 4 211 352
551   29.303  -49.371 19  7 1 2 1 2 282 451
552   -6.238  -52.020 22 14 1 2 1 2 228 318
553  -75.037   46.448  2 17 1 2 2 4 138 255
554  -57.495   13.574 10  3 1 2 4 8 150 263
555  -15.704   13.940 20  3 1 2 2 4 408 565
556   36.322   71.411  8  9 1 2 1 8 232 347
557   39.429   30.835 21 16 1 2 1 8 378 537
558  -93.097   84.552 20 21 1 2 1 2 352 472
559   45.367   -8.905 18 11 1 2 2 4 160 327
560   96.985  -19.165 23 12 1 2 1 2 456 564
561  -53.088   53.790  8  4 1 2 1 2  83 207
562  -23.102   61.108 15  8 1 2 4 8 302 472
563   28.400  -35.272 24 13 1 2 4 8 181 319
564  -31.110  -51.361 16  6 1 2 2 4  68 181
565   82.385   46.893 24 10 1 2 1 8 414 553
566  -19.629    0.769 11  4 1 2 4 8 218 347
567   13.965   91.473 19 23 1 2 2 4 323 450
568  -87.347    5.078 21 13 1 2 2 4 117 228
569  -27.386  -58.612  6 22 1 2 4 8 442 586
570  -39.404   54.022  6 12 1 2 2 4  78 216
571    7.391  -32.019 23 19 1 2 1 8 393 497
572   54.401   29.810 10 22 1 2 2 4 437 612
573   28.650   63.910 16 22 1 2 4 8 175 281
574    1.117  -56.006 23 24 1 2 2 4 276 419
575   14.471   14.288 25 10 1 2 4 8 427 572
576  -17.572  -79.858 19 19 1 2 2 4 270 386
577  -20.978  -34.015  8  9 1 2 1 8 181 272
578   81.104   94.263  2 16 1 2 2 4 123 227
579    1.190   56.055  6 23 1 2 1 2  75 189
580   21.112  -47.125 20 19 1 2 1 8 104 257
581   75.848   86.322  5 14 1 2 2 4 307 406
582    7.880   -5.750 13  6 1 2 1 2  78 218
583  -69.318   28.619  3 25 1 2 4 8 443 542
584   10.931  -29.095 18 20 1 2 1 2  99 276
585  -22.272   -1.086  9  1 1 2 4 8 456 570
586   32.770   29.266 17 14 1 2 2 4 145 318
587   11.786   15.375 18 22 1 2 4 8 438 600
588   10.645    6.067 11  1 1 2 2 4 134 264
589    3.345   17.041  9 20 1 2 2 4 467 562
590    5.615  -87.604  5 13 1 2 2 4 314 453
591   20.490  -30.389 16 16 1 2 1 2 183 309
592    2.661   66.876 19 24 1 2 1 8 227 372
593   14.752   22.925  9  9 1 2 1 2 362 455
594   25.201  -47.119  5 25 1 2 1 2 119 268
595  -16.949   67.664 11 18 1 2 2 4 197 309
596  -28.986   28.894 15  6 1 2 1 8  62 158
597   35.413  -48.401 24 22 1 2 1 2 120 252
598  -29.620   72.046 19 22 1 2 1 8 233 373
599  -31.281  -15.088  6  2 1 2 4 8  88 209
600  -46.460   48.151 10  8 1 2 1 2 140 299
601   56.378  -25.140 20 15 1 2 2 4 241 363
602   30.255  -25.458 23 20 1 2 4 8 237 340
603  -54.669   25.677 22 19 1 2 2 4 143 242
604  -61.542   35.144  5  7 1 2 4 8 361 523
605   32.532  -18.872 21 22 1 2 4 8 157 323
606  -92.487  -22.693  7  7 1 2 1 8 114 274
607   70.404  -72.443 14 15 1 2 2 4 337 465
608    8.783  -69.360 22 19 1 2 4 8 235 364
609   26.794   57.440 15  4 1 2 1 8 368 461
610    6.421   62.018  7 10 1 2 2 4 433 572
611  -99.670   11.475 10 14 1 2 1 8 143 251
612  -44.159   41.980 12  4 1 2 1 2 291 432
613  -55.664   39.050  8 25 1 2 4 8 327 429
614  -43.549   30.188 11 12 1 2 1 8 375 548
615   38.019  -18.427  2 24 1 2 1 2 372 476
616   31.653   63.483  7  3 1 2 1 2  88 228
617   26.068  -10.266 12 18 1 2 1 2 477 569
618  -73.022   25.958 24 25 1 2 1 2 333 491
619  -41.949   22.791 15 19 1 2 4 8 355 453
620    6.207   44.769 11  3 1 2 1 8 362 489
621   25.104   78.876  2 18 1 2 1 8 445 545
622   34.998   16.058 17  9 1 2 1 8 256 406
623  -43.262    8.588 18 20 1 2 1 8 106 238
624  -12.598   48.462 11 23 1 2 2 4  83 204
625  -15.387   67.053 17 13 1 2 1 2 133 289
626   -8.099   40.924 15  6 1 2 2 4 460 622
627  -33.551   34.430  8 13 1 2 1 2 332 460
628   28.937  -22.119  4 12 1 2 1 8 185 345
629   78.638   -8.209  9 24 1 2 4 8 336 492
630   51.001   45.770 18 14 1 2 2 4 290 467
631   49.200   20.630 10 18 1 2 2 4 293 391
632  -41.656   51.086  2 16 1 2 2 4  96 242
633   19.690  -28.058 22  9 1 2 4 8 357 493
634   56.927   15.271  2  6 1 2 2 4  84 189
635   28.503   -6.470 17  4 1 2 4 8 229 350
636   -1.367   -9.375 23  4 1 2 4 8 100 190
637  -81.995   -2.673 21 16 1 2 2 4 207 343
638  -24.945  -41.241 14 22 1 2 4 8 149 281
639  -86.847   69.415  9  1 1 2 2 4 373 545
640   46.558   15.570 22  2 1 2 1 8 284 399
641  -85.394   44.781 18 18 1 2 1 2 213 387
642   -7.013   53.424 17 22 1 2 1 2 106 218
643  -26.520   62.097  5  3 1 2 2 4 332 497
644  -81.604   30.640 25  3 1 2 4 8 279 422
645   82.147   44.208 22 24 1 2 1 8 171 345
646   17.316  -35.895  1 14 1 2 1 2 274 441
647   48.181   22.577 11 22 1 2 4 8  99 220
648  -31.110   16.931 14 11 1 2 1 2 195 337
649  -43.066   16.962  9 14 1 2 2 4 115 223
650  -11.420  -25.311  5 13 1 2 4 8  71 218
651   29.364  -51.721 18 12 1 2 2 4 166 264
652   55.597  -65.259  4 10 1 2 2 4 260 408
653   29.919  -46.252  8 12 1 2 4 8 197 358
654   17.883  -68.549  6 22 1 2 4 8 137 250
655  -89.935   64.575 25 10 1 2 4 8 328 484
656    7.159  -28.467  3  6 1 2 1 2 392 531
657   -0.745  -38.892  9  4 1 2 4 8  97 234
658   73.029  -66.461  5 11 1 2 1 8 209 349
659   11.572  -44.574 16 14 1 2 2 4 118 291
660   15.710   34.839  3 20 1 2 1 2 149 261
661   29.022  -40.002  6  5 1 1 8 475 615
662   67.542   32.446 23  4 1 1 1 296 440
663    5.292  -51.556  2 14 1 1 1 444 596
664  -74.139    9.161 24 21 1 1 1 301 424
665  -51.196   40.833 18 21 1 1 1 178 312
666  -67.139   19.141  7 23 1 1 8 129 240
667  -30.927  -11.401 24  2 1 1 1 133 233
668  -44.891  -23.718 21 13 1 1 8 150 310
669  -79.999   60.114  2 18 1 1 4 106 266
670  -44.556   19.623  7 16 1 1 4 235 413
671   27.057    8.679 23 10 1 1 1 409 544
672  -61.267   59.912 24 25 1 1 8 261 418
673  -56.812   45.544  3 18 1 1 1 312 445
674   19.965  -44.220 16 17 1 1 2 440 552
675  -69.049   62.891 13 19 1 1 4  72 233
676   -7.928   97.266 25 25 1 1 4  93 214
677   20.404   44.513 14 24 1 1 4 408 539
678   42.505  -14.215 17 20 1 1 8 417 511
679   33.752   32.294 11  6 1 1 4 288 421
680   17.975   32.782  1 24 1 1 8 209 325
681   52.118   21.033 22 25 1 1 8 333 508
682  -26.489   43.903 11 10 1 1 2 184 357
683   37.103   53.345  6 19 1 1 8  85 248
684   72.357   62.030 18  7 1 1 4 220 323
685  -53.674   48.523 19 11 1 1 2 242 369
686  -97.900   67.920 10 21 1 1 4 128 253
687  -69.232   35.602 17 24 1 1 2 199 323
688  -27.686  -26.093 17  1 1 1 1 469 638
689   16.370  -15.546  7 23 1 1 4 324 494
690   42.493  -51.324 22 10 1 1 8 140 292
691  -54.779   35.907  4 21 1 1 4 140 241
692  -12.848   51.459  4 17 1 1 8 293 457
693   57.916   18.445  9 13 1 1 8 164 312
694   43.469  -98.682 12  6 1 1 2 369 540
695   10.449  -42.487  5 22 1 1 1 258 410
696   -8.252   37.714 15 14 1 1 8 438 529
697   68.695  -30.060 22 13 1 1 8 143 249
698   31.604  -53.210  5 15 1 1 2 254 387
699  -49.097    5.194 17 17 1 1 1 385 489
700   -1.782  -45.105 24  6 1 1 4 381 548
701   27.814  -24.841 15 18 1 1 4 269 424
702   -1.111    8.301  4 12 1 1 2 436 537
703   16.614  -30.084  5 11 1 1 4 109 209
704  -54.858   56.482  1  6 1 1 4 215 327
705  -65.692   41.821  2  2 1 1 4 213 387
706  -73.962   74.353  1 16 1 1 4 423 519
707  -10.944   82.013  8 22 1 1 4 259 366
708   13.953  -25.842 16  7 1 1 1 389 564
709  -88.318   31.061  7 15 1 1 8 138 243
710  -48.724   50.220  7 16 1 1 8 396 548
711  -21.863   75.830 17 25 1 1 2 129 297
712  -19.391  -40.826 13  2 1 1 8 128 263
713  -21.112   42.914  8 18 1 1 8 207 380
714   46.967   34.076 25  3 1 1 1 448 584
715   55.475   40.869 22  5 1 1 2 120 275
716   25.330   47.449 12 16 1 1 2 425 548
717   54.816   -6.958 23 10 1 1 8 467 630
718   33.441  -40.125  7 15 1 1 4 189 336
719    9.705  -35.016 20 14 1 1 8 118 214
720    1.617  -72.998 12  1 1 1 4 261 396
721  -26.599  -50.415  5  9 1 4 1 2 4 8 217 383
722   32.990  -35.767 21  7 1 4 1 2 4 8 164 334
723   17.780  -14.044 18 22 1 4 1 2 4 8 317 470
724  -19.708  -27.600 20 16 1 4 1 2 4 8 457 575
725   26.007   39.270  5  9 1 4 1 2 4 8 289 384
726   -4.315   -7.166 16  5 1 4 1 2 4 8 290 425
727  -14.636  -40.906 24 19 1 4 1 2 4 8 325 504
728    9.052  -28.381  7  6 1 4 1 2 4 8 120 224
729    7.159  -19.171  1 16 1 4 1 2 4 8 133 300
730    8.087  -60.339 14 16 1 4 1 2 4 8 248 361
731  -51.520   45.697  5  4 1 4 1 2 4 8 165 296
732   92.395   15.039 11 13 1 4 1 2 4 8 200 339
733   63.556  -13.025 21 15 1 4 1 2 4 8 132 258
734   25.714  -18.573 22 21 1 4 1 2 4 8 263 395
735   41.541  -26.318 18  7 1 4 1 2 4 8  70 179
736    0.006  -73.206 17 12 1 4 1 2 4 8 259 370
737  -73.352  -46.521 16 24 1 4 1 2 4 8 237 386
738  -57.227   22.089 11 15 1 4 1 2 4 8 145 312
739  -18.372  -42.267 24 19 1 4 1 2 4 8  70 225
740   51.764   21.436 12 16 1 4 1 2 4 8 449 595
741  -70.996   -2.527  8 18 1 4 1 2 4 8 462 615
742   24.939   35.095 15 23 1 4 1 2 4 8 401 493
743   15.253  -34.937 10  3 1 4 1 2 4 8 350 441
744   31.091   28.845 14  6 1 4 1 2 4 8 185 329
745   16.437  -20.740 10 20 1 4 1 2 4 8 268 439
746   59.692   40.546 21 14 1 4 1 2 4 8 132 282
747  -15.936   78.101  7 24 1 4 1 2 4 8  86 253
748   -4.236  -52.222 16  8 1 4 1 2 4 8 322 439
749    9.247  -14.722 14  8 1 4 1 2 4 8 212 388
750   11.462  -10.034  4 25 1 4 1 2 4 8 145 306
751   70.282   53.497 23 23 1 4 1 2 4 8 221 375
752   39.526  -49.115 14  1 1 4 1 2 4 8 460 611
753   89.606   30.585  5  5 1 4 1 2 4 8 389 557
754   60.895  -60.400 13 20 1 4 1 2 4 8 324 477
755   43.652   53.912 21 20 1 4 1 2 4 8  98 244
756    3.680    4.504  7 15 1 4 1 2 4 8 180 353
757   32.336  -40.875 24 12 1 4 1 2 4 8 289 443
758   54.791    0.610  8 21 1 4 1 2 4 8 113 287
759   80.487  -64.923 10 19 1 4 1 2 4 8 123 297
760   50.250  -47.650 24 24 1 4 1 2 4 8 444 612
761   45.404   10.706 19 16 1 4 1 2 4 8  81 203
762   48.932   82.941  1  2 1 4 1 2 4 8 410 587
763   41.400  -20.111 23 24 1 4 1 2 4 8 401 578
764   45.239  -71.399  1  2 1 4 1 2 4 8 104 210
765   29.498  -18.292 11 10 1 4 1 2 4 8 364 543
766   54.620  -30.090 15 21 1 4 1 2 4 8 157 333
767  -17.743    9.668 17 19 1 4 1 2 4 8 351 483
768   54.169   13.745 20 11 1 4 1 2 4 8 138 267
769   21.466   17.517 14 18 1 4 1 2 4 8 404 544
770   40.173   15.912 12  6 1 4 1 2 4 8 235 344
771   70.599  -53.308 16  4 1 4 1 2 4 8 176 355
772   68.982   55.853 22 21 1 4 1 2 4 8 474 571
773   36.151   45.081 21 15 1 4 1 2 4 8 299 399
774   45.020  -56.799 24 12 1 4 1 2 4 8 363 510
775  -13.617  -37.646 14 22 1 4 1 2 4 8 377 480
776  -20.007  -70.490 17  3 1 4 1 2 4 8 340 459
777  -37.952   15.259 25 19 1 4 1 2 4 8 373 546
778   43.982   54.730 10 14 1 4 1 2 4 8 372 546
779   -2.063  -55.255 10 21 1 4 1 2 4 8 171 327
780   95.447  -10.864  1 10 1 4 1 2 4 8 444 604
781   10.162  -29.303 11  6 1 4 1 2 4 8 296 441
782   38.794   -1.343 10  4 1 4 1 2 4 8 363 529
783    7.800   39.795  2 13 1 4 1 2 4 8 265 420
784   59.827   17.059 18 12 1 4 1 2 4 8 280 380
785   23.157   -3.613  7 10 1 4 1 2 4 8 474 568
786  -18.689  -46.082  4  1 1 4 1 2 4 8 186 288
787   41.162  -55.701 22  5 1 4 1 2 4 8 331 432
788   -4.492  -65.601  1 17 1 4 1 2 4 8 202 333
789  -22.009  -24.548  8 20 1 4 1 2 4 8 221 322
790   76.746  -10.284 21 18 1 4 1 2 4 8 340 474
791   26.343  -10.150 11  8 1 4 1 2 4 8 412 570
792  -13.879  -78.888  9  5 1 4 1 2 4 8 302 464
793    7.281    7.202 13  4 1 2 1 8 305 442
794   11.591   49.310 20 22 1 2 1 2  85 202
795   43.164   -1.636 12 19 1 2 2 4 386 549
796   38.544   64.191 24 24 1 2 2 4 284 390
797  -40.308  -56.445 15 24 1 2 1 2 177 284
798    6.757   47.290 21  7 1 2 1 8 339 458
799   37.543   81.061 23 24 1 2 1 8 439 569
800  -58.691  -46.558 11 24 1 2 2 4 337 496
801   52.313   34.717 16 15 1 2 4 8 410 576
802  -14.410  -42.194  9 19 1 2 1 2 422 530
803  -35.138  -52.094 24  5 1 2 1 2 419 514
804   54.260   29.712  3 14 1 2 2 4 477 642
805  -21.674   -6.073 14 18 1 2 2 4 244 353
806   23.645  -35.681 15 25 1 2 1 8 428 595
807   50.800  -16.821  8 14 1 2 1 2 197 339
808   36.023   10.773 19 14 1 2 1 8  63 207
809    2.350  -16.180 20  2 1 2 2 4 338 453
810  -52.924   40.356 13  6 1 2 1 2 389 549
811   22.980  -54.181 11  8 1 2 1 2 187 331
812  -12.830    0.177 19 16 1 2 4 8 391 565
813   82.477   74.963 13  4 1 2 2 4 215 330
814  -62.720    8.038  4 23 1 2 4 8 436 544
815   28.400  -27.057 13  4 1 2 1 2 337 457
816   27.985  -15.912  3 23 1 2 1 2 322 498
817   66.284  -26.245 24 18 1 2 1 8  62 216
818   11.804  -17.334 17  2 1 2 1 8 279 376
819   43.707    0.409  2 16 1 2 1 8 122 259
820   37.451  -36.420 23  3 1 2 4 8 459 595
821  -18.805   86.713 12 16 1 2 1 2 174 269
822   21.051   48.309  6 10 1 2 4 8 107 198
823  -83.020  -85.339 10 20 1 2 1 2 372 478
824  -19.415   -9.625 19 12 1 2 2 4 340 474
825   12.976   51.575  1 23 1 2 2 4 132 271
826   74.207   69.849 25 23 1 2 1 2 379 473
827  -58.978  -11.096  7 23 1 2 2 4 223 329
828   78.174   10.992  8 14 1 2 4 8 415 509
829   25.189   47.394 21  9 1 2 2 4 236 386
830   -1.477   -8.820 22  2 1 2 4 8 100 215
831   48.889    2.588 24 12 1 2 4 8  94 254
832   69.037   32.819  3 24 1 2 2 4 397 548
833   84.973   -2.039 16  5 1 2 2 4 159 303
834  -40.521   -6.641 24  2 1 2 1 8 290 420
835   44.879   -0.092 23 15 1 2 1 2 215 394
836  -11.023    6.812 19 18 1 2 1 2 290 401
837   46.204  -17.596 12 25 1 2 1 8 279 418
838    0.757  -32.788 12  1 1 2 2 4 468 581
839   27.899  -30.914 22 23 1 2 1 8 147 311
840   64.355   45.862  3 15 1 2 2 4 314 469
841   -3.467   -6.384 19  5 1 2 1 8 226 398
842   26.331  -46.967  9  3 1 2 1 2 344 500
843   28.821   -7.794 18  3 1 2 1 2 131 255
844   26.178    7.202 14 17 1 2 1 8 151 330
845   47.766   54.364  3 17 1 2 4 8 108 230
846   39.966  -22.839  7 21 1 2 2 4 392 510
847   14.142  -16.034 14 24 1 2 4 8  92 264
848   34.155  -19.122  6 15 1 2 2 4 444 570
849   31.750   54.358 14  9 1 2 4 8 211 364
850  -50.214   84.717  5 23 1 2 4 8  80 252
851   81.323  -51.587  3  6 1 2 1 2 462 609
852   -4.645  -26.776  4  2 1 2 1 2 258 368
853   26.678  -44.141  4 14 1 2 4 8 445 607
854   -3.052   -1.495 10  2 1 2 1 8 440 604
855   30.225   43.164 13 22 1 2 1 2 238 371
856    7.819   73.907 10 24 1 2 1 8 153 332
857   57.397   42.554 22 13 1 2 1 8 359 464
858   23.688  -48.816 17 12 1 2 1 2  86 217
859   74.866  -38.715 11  6 1 2 2 4 221 378
860   -8.453  -12.573 17  7 1 2 1 8 380 536
861    5.237  -11.212 18  9 1 2 4 8 156 297
862   47.620   44.366  9  4 1 2 2 4 206 298
863  -18.597   -2.570  5  2 1 2 1 8 124 266
864   50.470   18.756 11  7 1 2 2 4  73 169
865   42.157   64.746  6 15 1 2 4 8 185 313
866   96.051  -67.590 20 20 1 2 2 4 471 569
867    6.921  -24.457 25 14 1 2 1 8 455 576
868   55.994  -20.325  1  5 1 2 1 2 374 477
869   42.157  -54.663 15 14 1 2 1 8 178 281
870   45.435   45.410 14 23 1 2 4 8 144 317
871  -19.891  -49.286 12 22 1 2 1 8 354 521
872  -60.046  -76.849  6 13 1 2 2 4 165 298
873   55.566   38.599 12 19 1 2 1 2 309 428
874    7.135   17.950 17 18 1 2 1 2 185 346
875    6.689  -22.656  2 10 1 2 4 8 209 346
876   39.410   11.682 12 16 1 2 4 8 345 497
877   37.512   82.794 23 17 1 2 4 8 325 482
878   66.467   49.182 22 25 1 2 1 8 470 571
879   -6.744  -13.989  7  8 1 2 1 8 233 353
880   56.165   18.091 22  2 1 2 1 2 294 393
881   35.791   21.869 19 21 1 2 2 4  90 213
882   76.868   29.285  9  2 1 2 4 8 117 255
883   65.326   36.261  4 22 1 2 2 4 456 613
884   -1.306   97.784 11  3 1 2 1 2 376 481
885   10.083   74.182  3 15 1 2 2 4 282 384
886   27.618   47.205 23  8 1 2 1 8 476 632
887   -3.821  -50.934 16 10 1 2 1 8 451 575
888   32.452   28.693  1 10 1 2 1 8 386 551
889   11.597  -32.635  5 13 1 2 2 4 312 455
890   -2.594   58.691  5  6 1 2 1 8 312 428
891   52.911   45.007  9 11 1 2 1 8  62 214
892  -18.817   88.580 14 10 1 2 1 8 274 431
893   81.812   77.612  5 22 1 2 4 8 181 320
894    1.495   61.572 20 20 1 2 4 8 369 482
895   53.656   39.490  4 11 1 2 1 2 291 424
896   13.800   44.049  6 20 1 2 4 8 166 290
897  -27.478  -20.758 13  8 1 2 2 4 393 519
898    2.570  -34.857 17  3 1 2 4 8 127 287
899    2.399   53.168  4 17 1 2 1 8 137 242
900   -1.324   83.740  6  8 1 2 1 8 142 314
901   26.251   43.134  3 12 1 2 4 8 342 479
902   48.364   60.938 21  5 1 2 1 8 167 295
903   35.004  -13.428 24  5 1 2 4 8 315 422
904  -62.830  -20.056 19 18 1 2 1 8 156 261
905   43.817  -89.404 23  6 1 2 4 8 226 356
906   57.294   28.101  3 23 1 2 1 2  73 205
907    9.106   -4.449 20 14 1 2 1 2 416 592
908   53.284   67.542 17 17 1 2 1 2 120 234
909   28.503   77.966  2  1 1 2 1 8 168 334
910   56.830  -67.926 12 16 1 2 1 8 279 376
911   51.862   70.691  2 19 1 2 1 8 417 595
912   52.032   24.188  9 10 1 2 1 8 150 261
913   70.178   35.199  5 23 1 2 1 8 339 479
914  -25.531  -25.195  5  4 1 2 1 8 286 406
915   55.560   22.424 18  1 1 2 1 2 257 408
916   19.055  -10.608 13 19 1 2 1 2 119 251
917   75.696   69.031 23 24 1 2 1 2 402 521
918   81.702    6.732 22 16 1 2 4 8 401 499
919  -22.113   63.953 13  9 1 2 1 2 402 504
920   -7.098  -14.240  7 14 1 2 1 8 217 313
921   42.242   37.061 25  3 1 2 1 2 368 507
922   88.544  -58.319 13  2 1 2 1 2 270 433
923   46.039   16.638 25 13 1 2 4 8 476 631
924   46.887   10.150  4 23 1 2 1 2 401 497
925   15.039   -6.903  8 24 1 2 1 2 349 506
926   57.159  -59.515 23  5 1 2 2 4  93 199
927   -4.199  -21.991  8 18 1 2 1 8 143 286
928   69.482   29.919 16 19 1 2 1 8 432 567
929    9.930   54.114 12 18 1 2 4 8 475 576
930  -32.428   53.387  9 12 1 2 2 4 312 461
931   23.444   54.944  2 23 1 2 2 4 148 242
932   68.512   68.317 20  5 1 2 1 8 476 601
933   81.866   42.072  7  3 1 2 2 4 126 282
934   12.335  -76.672 19  5 1 2 1 8 198 363
935   77.252  -17.963  2 16 1 2 1 8 158 321
936  -40.710  -72.260 20 14 1 2 1 8 197 340
937  -20.618  -18.665  2  3 1 1 2 251 410
938   51.868   41.345  4 16 1 1 8 378 538
939   45.673   33.350 11 14 1 1 2 118 219
940  -49.432   14.960  9 16 1 1 2  98 228
941  -48.279  -15.643 15 16 1 1 2 406 547
942  -42.786  -18.353 18  5 1 1 1 477 580
943   19.922   -9.149 11 14 1 1 8  88 243
944   24.518  -28.003 17 18 1 1 1  80 212
945   39.099  -24.023 15  5 1 1 8 127 270
946   83.716  -57.886 25 13 1 1 1 276 383
947   41.455    5.505 17  9 1 1 1 228 386
948   47.174  -36.285 15 13 1 1 4 265 420
949  -28.925  -20.648 19  1 1 1 2 474 579
950   25.934  -46.606 24 23 1 1 8 191 345
951   27.405   77.545 11  3 1 1 4 115 250
952   75.897   19.006 20 18 1 1 8 289 401
953   33.899  -20.923  8  8 1 1 2 272 382
954  -44.910  -65.680 24 14 1 1 4 227 389
955   -4.755  -25.751 14 20 1 1 2 306 396
956   53.723  -46.741 24 14 1 1 1 436 541
957   38.464   43.787 22 24 1 1 4  63 229
958  -21.112  -27.582 16 16 1 1 1 352 487
959   -7.660  -56.677 10  4 1 1 4 280 418
960   32.513   31.396 10  7 1 1 2 411 580
961   56.091   70.782 10 20 1 1 1 337 488
962  -21.326  -21.417  5  4 1 1 8 186 307
963   55.902  -31.177  8  9 1 1 4 327 419
964   72.119   31.763 24 10 1 1 1 366 542
965    4.071   -8.002  9 15 1 1 2 350 465
966  -11.414    3.003 20 10 1 1 4 108 264
967   54.840   53.693 21  4 1 1 4 219 330
968   22.699   46.997 10 21 1 1 1 410 502
969    7.587  -17.499 19 10 1 1 1 445 557
970    5.896   69.861  8 16 1 1 2 420 532
971   55.011   98.767 18 19 1 1 1 152 327
972   -9.351  -36.456  9 24 1 1 8 267 398
973   39.319  -54.199 20 23 1 1 1 340 459
974   43.451  -17.584  7 16 1 1 4 253 411
975   17.169  -62.042 17 19 1 1 2 159 332
976   34.650   -7.678 25  5 1 1 4 363 539
977   64.752   33.301 21 14 1 1 2  91 210
978    2.924  -25.763 24 12 1 1 4 404 538
979   45.404   15.741  1  8 1 1 2 103 262
980   54.694   22.314 25 15 1 1 2 121 216
981  -15.405  -12.952 17  1 1 1 8 375 548
982   31.683  -21.844  8 13 1 1 8 452 624
983   22.174   53.149 20 25 1 1 1 241 396
984   42.767   31.641  3 23 1 1 4 199 325
985   30.402  -23.260 21 11 1 1 2 403 526
986   16.449   80.701 12 10 1 1 8 237 372
987   -7.361  -32.324 19 25 1 1 4 280 391
988    0.024   41.956 19  6 1 1 2 264 357
989   10.150  -15.253  1 17 1 1 2 199 377
990   33.313  -19.092 24 15 1 1 2 230 356
991   16.522   95.453 17  8 1 1 4 252 383
992  -68.506  -32.721 14 10 1 1 2 278 405
993  -25.806  -20.636 13 12 1 1 1  92 243
994   14.197   38.538  3  5 1 1 8 384 563
995   24.988  -24.658  4  8 1 1 8 303 452
996   33.893   15.979 20 17 1 1 1 276 407
997   37.500  -13.385 14 23 1 1 8 369 477
998    9.167  -32.874 16 19 1 1 2 399 507
999  -40.308   68.945 11  7 1 1 8 205 335
1000   70.184   56.030  3 14 1 1 8 284 400
1001  -30.566  -10.370 14 19 1 1 8 239 360
1002   14.209  -12.085 16  3 1 1 8 149 318
1003   36.963   44.897 23  4 1 1 8 303 471
1004  -21.027  -58.649  3 13 1 1 1 406 500
1005   24.133  -17.712 25  7 1 1 2 319 410
1006   36.792  -11.603 16 20 1 1 1 266 435
1007   59.753    5.817 19  6 1 1 1  77 208
1008   25.214  -87.634  6  8 1 1 1 225 351
