7 14 720 6
500 125
500 150
500 175
500 200
500 225
500 250
  0    4.115   10.762  0  0 0 0  0 1000
  1   77.344   53.870  2  2 1 6 1 2 4 8 16 32 218 371
  2   26.141   63.538  2 25 1 6 1 2 4 8 16 32  97 236
  3  -10.242   54.718 15 10 1 6 1 2 4 8 16 32 406 525
  4   33.258   18.079  8 23 1 6 1 2 4 8 16 32  89 195
  5   43.958   -9.076  2 20 1 6 1 2 4 8 16 32 167 313
  6    8.447   43.396  4 21 1 6 1 2 4 8 16 32 334 475
  7    8.826   39.532 16 22 1 6 1 2 4 8 16 32 468 624
  8   -0.128   -1.715  4 23 1 6 1 2 4 8 16 32 447 537
  9  -30.377  -59.790 25 13 1 6 1 2 4 8 16 32 260 358
 10   28.601  -75.531  5 12 1 6 1 2 4 8 16 32 331 436
 11  -22.821  -97.266  5  4 1 6 1 2 4 8 16 32 132 227
 12  -21.674  -26.318 18 23 1 6 1 2 4 8 16 32 355 457
 13   36.218   22.614 17  1 1 6 1 2 4 8 16 32 163 261
 14   35.925   36.414  5 20 1 6 1 2 4 8 16 32 207 304
 15   28.461   33.759 18  8 1 6 1 2 4 8 16 32 455 572
 16  -16.321   15.118  6 16 1 6 1 2 4 8 16 32 185 303
 17   70.184   20.117 16 21 1 6 1 2 4 8 16 32 452 603
 18   98.981   78.912 17 22 1 6 1 2 4 8 16 32  92 255
 19    5.292   77.161 11 24 1 3 1 2 32  77 248
 20   14.929   22.430  5  3 1 3 1 2 32 323 483
 21   28.424   91.449 13 12 1 3 1 2 4 465 555
 22   24.976  -16.644  3 25 1 3 1 2 4 326 440
 23  -22.064   42.871  5 19 1 3 1 2 32 187 350
 24   -6.000   23.596  6 16 1 3 2 4 8 282 431
 25  -59.503  -95.001 18 15 1 3 1 2 32 290 428
 26   -0.098    5.927 10 14 1 3 1 2 32 337 499
 27  -12.567   28.424 21  3 1 3 2 4 8 181 278
 28  -29.669  -61.774 16 25 1 3 2 4 8 295 448
 29  -16.107   -1.599  6 11 1 3 4 8 16 191 359
 30   30.157   -9.851  5  5 1 3 2 4 8 413 560
 31  -10.651   44.464  7 14 1 3 1 2 4 426 573
 32   70.361   64.264 17 21 1 3 1 2 32 322 446
 33  -31.763   54.352  3 14 1 3 4 8 16 392 548
 34  -52.997   34.442  6 23 1 3 4 8 16  62 211
 35   48.102   40.991 24 11 1 3 2 4 8 335 485
 36   10.699   25.427  3 12 1 3 1 16 32 279 401
 37   27.649   60.168 11  9 1 3 2 4 8 394 524
 38  -31.171  -18.707  7 18 1 3 1 2 4  95 239
 39   26.331    3.424 15 24 1 3 8 16 32 181 287
 40   10.852   48.572 14  8 1 3 1 16 32 202 325
 41   45.477   48.993 18 11 1 3 1 2 32 342 500
 42    7.812   89.618 19 11 1 3 4 8 16 458 599
 43    4.755   36.731 25  6 1 3 2 4 8 331 423
 44   49.530   43.127 13 18 1 3 1 2 32 365 493
 45   -1.611  -43.243  4 14 1 3 1 2 32 231 325
 46  -30.798   48.755  3 23 1 3 2 4 8 115 290
 47  -22.205  -10.803 15 14 1 3 1 2 4 435 550
 48  -15.387   -0.073  5 14 1 3 1 16 32  83 211
 49   23.804   -4.565 15  9 1 3 1 2 32 325 493
 50   -9.052   -2.185 25  2 1 3 8 16 32 233 387
 51   -9.229  -11.230  7 20 1 3 2 4 8 232 327
 52   -4.523   79.553  6  4 1 3 1 2 32 246 351
 53   33.386   68.726 12 18 1 3 1 2 32 266 442
 54   13.055  -71.808  8 25 1 3 1 2 32 178 278
 55   55.072   14.172 25 23 1 1 1 314 456
 56    8.051  -31.848  8 21 1 1 1 335 483
 57  -36.218   77.502 11 11 1 1 1 226 359
 58  -22.943  -22.229 23  6 1 1 16 179 328
 59   60.999   24.274  1 20 1 1 4 312 467
 60   29.919   70.844 16 25 1 1 32 429 594
 61    0.092   48.114 25  6 1 1 8 325 486
 62  -15.686   16.754 12  8 1 1 1 158 303
 63   -8.203   10.297 13 23 1 1 8 392 563
 64   -1.086   46.759 21  4 1 1 2 222 382
 65   -4.163   56.055  3 22 1 1 2 423 557
 66   -4.559   74.152  2 12 1 1 16 186 341
 67   -4.657   19.086  6 16 1 1 8 173 292
 68  -16.028   12.732  1  2 1 1 4  81 174
 69   21.460    6.976 16 15 1 1 1 274 443
 70  -23.682    6.573 12 22 1 1 8 469 597
 71  -16.266    3.180  7 20 1 1 2 121 267
 72  -15.063    9.003 18 15 1 1 2 376 520
 73   -2.374  -56.158  3 23 1 6 1 2 4 8 16 32 221 349
 74  -25.366  -51.691  2 13 1 6 1 2 4 8 16 32 384 551
 75   20.459  -52.020  8 15 1 6 1 2 4 8 16 32 165 306
 76  -68.463  -44.293 21 21 1 6 1 2 4 8 16 32 194 366
 77   51.794   -9.241 11  1 1 6 1 2 4 8 16 32 343 500
 78   19.818   74.152 10 21 1 6 1 2 4 8 16 32 422 576
 79   52.795    0.311  4  7 1 6 1 2 4 8 16 32 334 444
 80   12.976  -59.015 13 12 1 6 1 2 4 8 16 32 260 412
 81   11.871   24.915 13 23 1 6 1 2 4 8 16 32  95 237
 82   68.738  -50.494 12  9 1 6 1 2 4 8 16 32  77 254
 83  -22.046  -62.946  4  5 1 6 1 2 4 8 16 32  66 179
 84  -49.896  -29.114  6 18 1 6 1 2 4 8 16 32 243 361
 85  -13.593   27.863 25  5 1 6 1 2 4 8 16 32 225 358
 86  -20.868  -27.332 18 25 1 6 1 2 4 8 16 32  95 213
 87   81.989  -18.140 11  9 1 6 1 2 4 8 16 32 384 517
 88  -86.163   72.308  9 18 1 6 1 2 4 8 16 32 459 591
 89  -98.157  -15.424  9 25 1 6 1 2 4 8 16 32 463 619
 90  -59.534   11.157  5 11 1 6 1 2 4 8 16 32 406 562
 91   31.268   31.903  2  5 1 6 1 2 4 8 16 32  92 206
 92   -8.502  -99.738 18 11 1 6 1 2 4 8 16 32  71 169
 93   68.225   28.650 25 16 1 6 1 2 4 8 16 32 471 613
 94   43.201  -21.716  5  9 1 6 1 2 4 8 16 32 177 337
 95    1.892   18.744 20 15 1 6 1 2 4 8 16 32 281 409
 96   39.105  -19.037  3  8 1 6 1 2 4 8 16 32 477 637
 97  -37.854   82.397 13  6 1 6 1 2 4 8 16 32 335 496
 98   54.102   27.997 18  9 1 6 1 2 4 8 16 32 325 422
 99  -60.242    1.483 22 14 1 6 1 2 4 8 16 32 372 507
100  -85.181   -8.716 14 19 1 6 1 2 4 8 16 32 239 373
101  -48.267    6.116  8 21 1 6 1 2 4 8 16 32 148 300
102  -26.855   16.559 10 15 1 6 1 2 4 8 16 32 109 228
103  -72.589   96.625 13 23 1 6 1 2 4 8 16 32 414 547
104   46.869    8.282 13  8 1 6 1 2 4 8 16 32 466 626
105   49.261   35.828 14  1 1 6 1 2 4 8 16 32 397 527
106  -32.465   39.050 20  3 1 6 1 2 4 8 16 32 379 520
107   22.931   -2.979 24 12 1 6 1 2 4 8 16 32 389 548
108  -92.950   25.201 13 25 1 6 1 2 4 8 16 32 477 588
109  -33.472   38.977 13 11 1 3 8 16 32 185 355
110  -56.763   55.975 21  1 1 3 8 16 32 479 655
111   56.390   17.596  1 14 1 3 1 2 32 296 446
112   22.302  -16.028 17 15 1 3 1 16 32 139 261
113   -8.295   65.088 16 15 1 3 1 16 32 445 585
114  -63.043   12.299 20  8 1 3 4 8 16 135 295
115  -86.975   52.936 25 20 1 3 8 16 32 193 293
116  -70.734    8.746  7 12 1 3 1 2 32 466 636
117  -36.572   -8.435  9 11 1 3 4 8 16 383 487
118  -24.951   -3.900 15 25 1 3 1 16 32 450 624
119   47.260  -29.510 19  9 1 3 1 16 32 182 353
120  -63.031    0.684  4 10 1 3 4 8 16 394 521
121  -13.068   28.094 17 14 1 3 1 16 32 167 301
122  -45.465   65.552  2 13 1 3 1 2 32 229 383
123   70.374  -15.564 20 19 1 3 8 16 32 342 449
124   93.805   16.101  8  5 1 3 2 4 8 210 329
125  -13.397   72.491 23 10 1 3 1 16 32 201 349
126  -27.136   -0.055  2  2 1 3 1 16 32 228 324
127  -13.177   50.763 21 12 1 3 4 8 16 187 317
128   31.781    2.045 21 15 1 3 8 16 32 325 440
129   38.904   19.312 11  4 1 3 4 8 16 352 494
130  -36.139   41.943  2 13 1 3 4 8 16 214 314
131    4.498  -10.706 22 15 1 3 1 16 32 175 329
132  -13.214   28.632 20  5 1 3 1 2 32 399 574
133   38.287   -7.281 25 15 1 3 8 16 32 381 483
134  -25.690   18.536 22  3 1 3 1 2 4 169 271
135  -27.454    6.049 15  3 1 3 1 2 32 225 339
136   -2.100   21.600  9  3 1 3 1 2 32 106 205
137    0.403   84.155 22 22 1 3 8 16 32 320 445
138    0.708   27.661 20  1 1 3 2 4 8 186 356
139   77.692  -10.785 22  9 1 3 1 16 32 275 429
140  -26.147   25.952 11  6 1 3 1 2 4 260 368
141  -18.665   13.135 22  9 1 3 1 2 4 380 504
142   62.195  -10.602 10 22 1 3 1 16 32 307 421
143  -73.987   37.524 20 12 1 3 1 16 32 380 503
144   36.780   -6.824 21 23 1 3 1 2 32 104 213
145  -39.191   56.683 21 14 1 3 1 2 4 386 492
146  -32.471  -41.089 11 25 1 3 1 2 32 313 444
147  -24.951   -7.501 15 19 1 3 4 8 16 321 414
148   -4.443   59.833 12  7 1 3 4 8 16 442 613
149  -44.989    0.690  1 12 1 3 1 2 4 416 547
150  -69.299  -15.179  1 18 1 3 1 16 32 300 416
151  -71.448   19.934 21 21 1 3 1 16 32 436 546
152   62.097    1.562 23 15 1 3 8 16 32 399 532
153   -8.246  -20.026 10 12 1 3 1 16 32 132 244
154   76.117    4.230 11 18 1 3 1 2 32 361 463
155    1.044   16.125 13 24 1 3 8 16 32 290 436
156  -16.962   26.697 13 23 1 3 8 16 32 446 588
157  -19.781   -5.804 23  8 1 3 1 2 32 154 264
158   -3.168   24.762 14 21 1 3 1 16 32 219 317
159   -5.243   86.212  7  6 1 3 1 2 4 238 337
160  -31.915   50.098  1 17 1 3 2 4 8 318 470
161  -30.573  -44.318 23  9 1 3 1 2 4 447 563
162   17.926  -31.097 19 20 1 3 2 4 8  64 201
163   51.727   38.739 25  6 1 3 8 16 32 410 584
164   -3.540   11.426 10  9 1 3 1 2 4 252 422
165  -42.432   30.896 19 12 1 3 4 8 16 333 475
166  -36.560   -3.644 23 10 1 3 4 8 16  78 173
167  -37.054   59.918 20 18 1 3 8 16 32  66 200
168  -18.976   85.504 15 20 1 3 8 16 32  60 237
169  -27.539   23.267  4 12 1 3 4 8 16 125 286
170  -42.212   83.582 23  3 1 3 1 16 32 329 497
171   40.625   -1.154 12 14 1 3 1 16 32 263 380
172    8.185   67.072  7 17 1 3 8 16 32 263 440
173   28.564   92.499 21 23 1 3 4 8 16 198 371
174  -50.439   71.295 13  3 1 3 4 8 16 193 317
175   63.934  -12.543 10 10 1 3 4 8 16 160 289
176   -5.463   16.992  3  3 1 3 1 16 32 221 318
177  -74.139   13.538 22  2 1 3 2 4 8 422 548
178   -9.454  -24.591 11  1 1 3 1 2 32 242 368
179    9.814  -11.969 12 13 1 3 2 4 8 417 536
180   52.332  -41.431 11  9 1 3 4 8 16 418 584
181   37.860  -10.370  5 11 1 1 2 382 518
182  -46.783    4.974 16 18 1 1 32 300 433
183   43.732    4.797  3  8 1 1 2 245 416
184    9.857  -10.901  2 25 1 1 32  67 235
185   11.646   28.143 19  5 1 1 2 389 506
186  -69.403   20.288  9 18 1 1 1 383 545
187   44.220  -30.035 21  4 1 1 16 270 379
188   10.120   31.567 21 24 1 1 32 135 293
189  -59.918   14.838 24 20 1 1 1 336 499
190   53.375  -66.461  7 24 1 1 32 335 456
191   -5.597   40.900  1 11 1 1 2 322 432
192  -19.989   67.340 11 17 1 1 16 418 560
193   -8.807   44.873 20 13 1 1 8 181 326
194  -38.519   53.070  1  5 1 1 1 244 377
195  -24.371   29.340 17 24 1 1 2  97 206
196  -10.962  -10.962  3 17 1 1 2 360 502
197   48.309    0.159  7  1 1 1 2 379 548
198  -34.357   33.667 15 20 1 1 8 386 559
199  -49.359   92.407  9 18 1 1 32 195 319
200  -92.426  -27.319 15 12 1 1 2 233 350
201  -66.785    0.879 10 13 1 1 8 160 313
202  -16.174   56.451 24 13 1 1 2 282 374
203  -12.988   14.661  8 16 1 1 1 161 334
204  -37.244   75.409 14 14 1 1 8 158 262
205  -65.698  -84.882  8 12 1 1 32 379 540
206   59.088  -20.795 14 24 1 1 32 216 352
207   26.086   20.355 16 11 1 1 1 257 386
208   49.170  -13.330  1 10 1 1 16 345 459
209  -94.250  -28.485 16 24 1 1 8 426 572
210   -6.329   10.913  7 21 1 1 8 186 324
211  -42.163   26.801 20 12 1 1 16 238 392
212   32.715  -21.869 12  1 1 1 16 433 588
213  -27.362   46.771  3 22 1 1 2 128 300
214  -29.883   -5.585 12 17 1 1 4 476 575
215   -8.942    2.313  4  8 1 1 32 179 351
216   80.548   21.252 18 11 1 1 2 460 574
217   83.081  -17.816 24  6 1 6 1 2 4 8 16 32 223 338
218   50.372    7.709  3 21 1 6 1 2 4 8 16 32 317 453
219  -52.576    2.002 25 16 1 6 1 2 4 8 16 32 254 361
220  -39.685   38.171 18 12 1 6 1 2 4 8 16 32 246 406
221  -19.183  -45.148  4  6 1 6 1 2 4 8 16 32 221 339
222  -33.582   77.936 10  4 1 6 1 2 4 8 16 32 466 626
223  -18.182   91.876  4 15 1 6 1 2 4 8 16 32 476 654
224  -45.154  -55.219 13 12 1 6 1 2 4 8 16 32 167 305
225   30.408   -4.572 12 18 1 6 1 2 4 8 16 32 222 386
226  -73.322    4.419 24 25 1 6 1 2 4 8 16 32 160 328
227    3.607    7.501 21 22 1 6 1 2 4 8 16 32 453 620
228  -95.233   35.046 19 22 1 6 1 2 4 8 16 32 398 569
229  -21.246   10.272 24  7 1 6 1 2 4 8 16 32 257 362
230   -2.496   20.929  9 21 1 6 1 2 4 8 16 32 459 632
231   30.676  -19.086 23  3 1 6 1 2 4 8 16 32 349 490
232   24.591  -37.866  2 15 1 6 1 2 4 8 16 32 385 524
233   10.425  -60.907 18  9 1 6 1 2 4 8 16 32 258 416
234   90.692  -33.936 16  3 1 6 1 2 4 8 16 32 353 505
235   43.073   -2.924 13 23 1 6 1 2 4 8 16 32 100 230
236   39.679   35.138  8 13 1 6 1 2 4 8 16 32 364 477
237  -19.623    5.505  7 16 1 6 1 2 4 8 16 32 475 643
238  -17.834   15.631  5  1 1 6 1 2 4 8 16 32 102 195
239   28.259  -19.708 22 15 1 6 1 2 4 8 16 32 118 228
240   -9.985   90.167 20 23 1 6 1 2 4 8 16 32 154 319
241  -61.023  -35.034 16  4 1 6 1 2 4 8 16 32 357 485
242  -41.888    2.106 11 22 1 6 1 2 4 8 16 32 109 218
243  -16.150   39.722  2  8 1 6 1 2 4 8 16 32 467 622
244  -43.341    4.871  4  9 1 6 1 2 4 8 16 32 211 381
245   32.397  -11.572 20  5 1 6 1 2 4 8 16 32 127 271
246   90.875  -27.155  3 23 1 6 1 2 4 8 16 32 377 481
247   60.193    0.214 21  9 1 6 1 2 4 8 16 32 199 325
248  -60.577    9.521 10 12 1 6 1 2 4 8 16 32 328 462
249  -28.363  -19.720  2  4 1 6 1 2 4 8 16 32 400 518
250   52.185  -34.674 18 10 1 6 1 2 4 8 16 32 117 253
251  -65.106   61.945 10  5 1 6 1 2 4 8 16 32 206 370
252  -13.000  -32.410 13 23 1 6 1 2 4 8 16 32 156 306
253  -25.500  -17.505 20 21 1 6 1 2 4 8 16 32 291 437
254    4.944   76.404  8  9 1 6 1 2 4 8 16 32 461 608
255  -18.207   97.510 24  7 1 6 1 2 4 8 16 32 353 524
256    0.842   61.102 16 12 1 6 1 2 4 8 16 32 317 484
257  -16.553   22.748 16  5 1 6 1 2 4 8 16 32 287 462
258   39.966  -39.844  6  2 1 6 1 2 4 8 16 32 183 308
259   18.030   16.010 19  2 1 6 1 2 4 8 16 32 123 227
260  -75.250   59.186 17 22 1 6 1 2 4 8 16 32 307 409
261  -58.881   -1.428  3 25 1 6 1 2 4 8 16 32 250 359
262   37.549    5.212 19 11 1 6 1 2 4 8 16 32 407 580
263  -31.311  -35.522  5  9 1 6 1 2 4 8 16 32 266 420
264   13.525   61.719  8 23 1 6 1 2 4 8 16 32 339 465
265  -55.634   33.759 16 13 1 6 1 2 4 8 16 32  88 250
266   30.341   46.661 23 12 1 6 1 2 4 8 16 32 227 336
267  -26.910  -12.115 15  6 1 6 1 2 4 8 16 32 397 510
268   -4.797  -11.993  4  6 1 6 1 2 4 8 16 32 402 528
269   39.435  -26.801  5  4 1 6 1 2 4 8 16 32 168 302
270   74.689   -9.857  6 23 1 6 1 2 4 8 16 32 463 602
271  -21.899  -33.807 14 22 1 3 1 16 32 123 292
272   -2.039   14.075  7  1 1 3 8 16 32 320 464
273   29.309   -5.408  4 13 1 3 4 8 16 205 306
274  -45.935   48.926 21  1 1 3 4 8 16 441 607
275   64.795   -3.589 10 12 1 3 1 16 32 316 469
276  -21.198  -42.328 22 19 1 3 1 2 4 384 474
277  -25.165  -53.003 25  3 1 3 1 2 4 409 526
278   45.514  -76.337 25 13 1 3 1 2 4 384 555
279   14.392   29.437 13 10 1 3 1 2 32 351 481
280  -68.439    0.317 11 11 1 3 8 16 32 469 628
281   50.500  -11.096 11  6 1 3 1 2 32 268 433
282  -22.394  -13.745 19 17 1 3 1 2 4 185 317
283   18.030  -78.595 11  6 1 3 2 4 8 117 289
284   -9.399   39.172 19 14 1 3 1 2 4 139 300
285   56.567  -43.518 20 12 1 3 1 2 32 433 534
286  -82.501   -6.323 23 13 1 3 1 2 4 435 543
287  -31.152  -26.050  2 25 1 3 8 16 32  90 202
288  -28.882   16.229 18 17 1 3 1 2 4 178 270
289   -6.427   -0.110 22 11 1 3 2 4 8 133 259
290  -15.253   24.371 19 21 1 3 1 16 32 248 383
291    8.295    3.833  2 16 1 3 1 2 4 299 399
292   -1.385  -12.097 25  1 1 3 2 4 8  74 237
293  -55.017   -0.586 12 25 1 3 4 8 16 216 386
294    4.736  -42.163  9 24 1 3 2 4 8 287 402
295   -7.233   11.523 11 14 1 3 4 8 16 294 457
296   -1.440   11.200  5 14 1 3 2 4 8 280 374
297   -4.816  -24.194 20  3 1 3 1 16 32 459 614
298  -42.401   -1.758  4  4 1 3 8 16 32  61 192
299    5.981   40.881 15  9 1 3 4 8 16 107 210
300   48.517  -21.790 12 13 1 3 2 4 8 436 540
301  -41.876  -41.919  5 25 1 3 1 2 4 404 574
302  -51.636   -4.407  2 15 1 3 2 4 8 430 566
303  -55.273  -48.853  7  8 1 3 4 8 16 112 227
304  -27.094   22.418 13  2 1 3 1 2 32 264 359
305   -0.934   58.923 20  1 1 3 1 16 32 344 520
306  -45.642   48.645 16 20 1 3 2 4 8 376 536
307  -45.367  -88.293 18  6 1 3 4 8 16 204 328
308  -18.066  -18.640 12  2 1 3 8 16 32 205 373
309   59.509   86.481 17 14 1 3 2 4 8 373 524
310  -26.819  -13.904 19 16 1 3 1 2 4 238 389
311  -17.822   25.342 11  3 1 3 2 4 8 396 505
312   55.164  -13.739  6  7 1 3 4 8 16 112 259
313  -62.299  -52.118 12  3 1 3 2 4 8 426 559
314   -7.294   33.160  6  2 1 3 4 8 16  65 226
315   80.884   53.357 21 11 1 3 1 2 32 310 450
316   43.085   -9.717  1  1 1 3 8 16 32 197 358
317  -39.069   50.055  7 18 1 3 1 2 4  66 235
318  -27.142  -20.642  3  2 1 3 8 16 32 222 387
319  -61.267   36.121 12 23 1 3 8 16 32  89 225
320   47.595  -30.164 21 16 1 3 8 16 32 462 606
321  -30.286   13.867  9 16 1 3 8 16 32  98 249
322  -13.867   11.676 11 11 1 3 8 16 32 477 614
323  -83.142  -31.775 17 21 1 3 1 2 32 202 355
324  -24.762  -38.818  7 11 1 3 2 4 8 279 409
325  -49.243   -4.987 10 13 1 3 8 16 32 150 251
326   23.291  -28.381  3 13 1 3 1 2 32  86 195
327   13.489  -32.697 13 23 1 3 1 2 32 155 270
328  -12.732    0.867 13  2 1 3 1 16 32 237 410
329  -91.016  -18.201 11  7 1 3 4 8 16 186 355
330   52.307  -15.839 10 16 1 3 4 8 16 134 276
331   47.388   20.465  5 20 1 3 1 2 4 288 463
332  -62.585  -13.684 15 12 1 3 2 4 8 363 537
333  -67.340   43.512 16 11 1 3 1 16 32  75 245
334  -13.330  -37.268  1  3 1 3 1 16 32 151 244
335  -49.384   10.876  2 20 1 3 2 4 8 380 532
336  -28.217  -22.821 22 11 1 3 8 16 32 172 310
337   69.635  -14.581  3 20 1 3 8 16 32 166 272
338    0.616   19.513 14  9 1 3 1 2 4 350 446
339   53.827  -57.684  7 15 1 3 4 8 16  86 219
340   52.850   28.961 10  3 1 3 2 4 8 150 309
341  -38.147   45.514 12 11 1 3 1 16 32 329 454
342   42.780  -42.810  6 19 1 3 4 8 16 243 374
343  -12.811  -13.416 12 24 1 3 1 2 32 369 537
344  -48.834  -10.089  5 15 1 3 1 2 4 443 557
345   -8.636  -11.206  6  4 1 3 2 4 8 424 547
346   72.626   -6.879  7 20 1 3 8 16 32 349 475
347  -66.730  -33.362 16 13 1 3 2 4 8  61 182
348   17.706    6.879 11 13 1 3 8 16 32 125 287
349  -44.379  -64.172 14 18 1 3 2 4 8  77 208
350  -25.195  -27.411  7 23 1 3 4 8 16 281 408
351  -65.485   28.015 22 18 1 3 1 16 32 124 282
352   28.784  -12.848 17  3 1 3 1 2 4 409 561
353  -21.204    0.543 20 10 1 3 8 16 32 308 468
354   68.732    9.192 15  3 1 3 4 8 16 359 469
355  -33.026   14.313 15 12 1 3 1 2 4 104 227
356  -11.267   30.835  1 18 1 3 4 8 16 450 545
357  -92.688   15.833 10 17 1 3 2 4 8 259 382
358  -37.109  -56.323 11 25 1 3 1 16 32 426 558
359   34.149  -23.962 14 14 1 3 8 16 32 197 289
360  -59.540   13.391 22 22 1 3 1 16 32 449 628
361   -7.849   11.029 18 13 1 3 1 2 32 394 497
362   56.299  -44.635 19  5 1 3 1 16 32  94 208
363  -20.331   30.322 17  2 1 3 4 8 16 109 199
364   86.078  -14.954 21 16 1 3 1 2 32 291 435
365   31.201    4.633 15  8 1 3 8 16 32 387 549
366  -57.208   10.315 21  1 1 3 1 2 4 402 558
367   16.620   74.371 24 24 1 3 1 2 4 177 347
368  -15.234    5.420 16 18 1 3 1 2 4 441 609
369  -35.950  -43.951 10 17 1 3 1 16 32 114 251
370  -12.073   23.749 25  1 1 3 1 16 32 170 283
371   15.967   -1.685 11 21 1 3 8 16 32 128 238
372  -21.399   17.310 20 13 1 3 1 16 32  64 196
373   22.137  -26.880 25 15 1 3 1 2 32 380 528
374    6.873  -58.301  5  9 1 3 8 16 32  74 231
375   49.457    4.272  8 13 1 3 8 16 32  96 190
376  -11.334   -5.560 17  2 1 3 1 16 32 334 459
377   50.903  -35.571  1 16 1 3 4 8 16 441 541
378  -35.046  -41.058 21 18 1 3 2 4 8 160 314
379  -45.111  -47.046  8 10 1 1 8 112 236
380   -3.973  -16.510  7 25 1 1 4 343 476
381  -20.221   -1.562  5 21 1 1 4 307 478
382  -52.228  -12.250  2  7 1 1 32 446 560
383  -59.430   63.312 23 21 1 1 16 177 311
384   14.484   14.276 22  8 1 1 2 311 477
385  -38.757   43.207  2  6 1 1 4 262 369
386    7.977   -3.540 23  4 1 1 8 435 607
387  -50.226  -26.874  7 10 1 1 16  67 166
388  -13.593   27.325 17  9 1 1 2 330 433
389  -25.043  -27.826 20 22 1 1 8 119 258
390   66.571  -16.284 25 25 1 1 4 455 569
391  -59.369   -2.856 10  5 1 1 1 142 271
392   -3.717   14.880  3 12 1 1 8 105 258
393  -84.845    5.481  8 24 1 1 32 317 488
394  -26.343   -3.369  6  6 1 1 16 220 372
395   -1.074   31.531 19 11 1 1 32 209 313
396  -52.881   37.372 19 16 1 1 1 117 257
397   -2.606   -8.893 17 14 1 1 2 231 359
398  -56.757   71.478  3  8 1 1 32  71 225
399  -67.432   18.280 15 11 1 1 32 219 324
400  -22.052  -25.549 15 22 1 1 4 416 540
401   26.031  -19.226 24  5 1 1 1 419 531
402   23.676  -13.342 16 12 1 1 1 270 395
403   27.930    1.965 16  1 1 1 2 288 406
404  -99.506   64.618 16  8 1 1 4 421 530
405    4.999  -16.595 14  6 1 1 8 415 515
406  -35.803  -34.259 18 25 1 1 2 456 591
407   66.705  -49.902  5 13 1 1 2 452 625
408    2.783    9.723 13  4 1 1 1 129 235
409  -35.083  -31.342 14 13 1 1 32 447 614
410   30.249   -7.568  4 17 1 1 16  92 241
411   -6.573  -15.350 12 14 1 1 4 159 270
412   17.157   46.906 17  6 1 1 1 224 399
413   -4.340   46.320  4  4 1 1 2 382 542
414  -28.815  -42.419  4 18 1 1 4 338 452
415  -77.509    2.087 13 20 1 1 2 440 598
416  -39.801   16.296  5 19 1 1 32 249 353
417   15.009    1.154  7  6 1 1 32  85 257
418  -32.544   -7.013 22 23 1 1 16 196 320
419  -42.010  -12.531  7 19 1 1 2 361 483
420  -33.698  -13.562  6 23 1 1 16 286 443
421  -10.260  -19.104 20 20 1 1 2 355 454
422   -3.040   -1.880 24  7 1 1 8 372 493
423   28.680  -41.412  5  3 1 1 4 340 469
424   35.797  -69.952 22  6 1 1 4 283 373
425  -49.683  -61.951 15  8 1 1 8 241 333
426  -66.827   31.494 15 14 1 1 8 158 294
427  -28.180  -73.029  3 12 1 1 1 178 335
428  -64.221  -16.107 16  3 1 1 2 369 521
429   36.279  -33.710  6 14 1 1 16 391 488
430  -53.467    6.854 16 24 1 1 2 354 496
431  -95.697  -50.623 14  4 1 1 32 175 292
432   70.813  -13.391 13  7 1 1 1  75 245
433   -5.713   17.725 16 22 1 6 1 2 4 8 16 32 225 327
434   38.647   -9.479  8  8 1 6 1 2 4 8 16 32 250 355
435  -38.031  -14.679 18  6 1 6 1 2 4 8 16 32 343 506
436   31.158  -48.444 11 25 1 6 1 2 4 8 16 32 299 447
437   28.027  -35.413  5 10 1 6 1 2 4 8 16 32  99 268
438   18.353   26.764  3  3 1 6 1 2 4 8 16 32  90 256
439  -50.891   61.176 18  3 1 6 1 2 4 8 16 32 199 354
440    0.250  -36.530  2  9 1 6 1 2 4 8 16 32  74 198
441   64.972  -60.602  7 12 1 6 1 2 4 8 16 32 349 444
442   -8.099  -53.857  4  8 1 6 1 2 4 8 16 32 243 402
443  -57.111    5.804 10  5 1 6 1 2 4 8 16 32 420 550
444   20.343   38.843  6 18 1 6 1 2 4 8 16 32 132 266
445  -25.366   28.339 23 15 1 6 1 2 4 8 16 32 288 455
446  -41.962   -1.660  5 22 1 6 1 2 4 8 16 32 403 541
447  -31.512  -31.396 17 13 1 6 1 2 4 8 16 32 313 462
448   -3.204  -39.069 25  4 1 6 1 2 4 8 16 32 312 458
449   12.891    3.247 22  8 1 6 1 2 4 8 16 32 474 635
450   -8.344   29.761 13 12 1 6 1 2 4 8 16 32 301 449
451   23.730  -77.106 22 21 1 6 1 2 4 8 16 32 107 253
452   15.411  -85.101 13  1 1 6 1 2 4 8 16 32 238 365
453   -8.148  -25.415 13 14 1 6 1 2 4 8 16 32 478 583
454  -19.250   18.634 19 24 1 6 1 2 4 8 16 32 448 564
455   48.236   59.326 25 21 1 6 1 2 4 8 16 32 375 467
456   12.048  -22.076 22 20 1 6 1 2 4 8 16 32 251 421
457   43.085  -26.385  9 25 1 6 1 2 4 8 16 32 379 474
458   13.403   41.626 19  9 1 6 1 2 4 8 16 32 314 436
459   28.021   -8.887  1  5 1 6 1 2 4 8 16 32 142 316
460   42.712   45.270 17 20 1 6 1 2 4 8 16 32 183 298
461   13.049   48.462 13 14 1 6 1 2 4 8 16 32 105 240
462    8.478   94.440  8 11 1 6 1 2 4 8 16 32 225 315
463  -57.910   -4.999 18  2 1 6 1 2 4 8 16 32 403 522
464  -24.786   54.529  3  2 1 6 1 2 4 8 16 32 190 297
465    6.555   59.930 16 22 1 6 1 2 4 8 16 32 403 508
466  -24.286   54.797 21  3 1 6 1 2 4 8 16 32 275 407
467   43.561  -60.767 10 19 1 6 1 2 4 8 16 32 443 611
468   -6.708   37.024 13 10 1 6 1 2 4 8 16 32 255 354
469   14.154    8.234 13 19 1 6 1 2 4 8 16 32 396 517
470   21.405   79.810 20 24 1 6 1 2 4 8 16 32 443 561
471   -9.161    0.079 10 15 1 6 1 2 4 8 16 32 411 514
472  -78.955  -14.075  7 19 1 6 1 2 4 8 16 32  75 196
473   49.921  -51.971 20 12 1 6 1 2 4 8 16 32 128 249
474   38.995   24.945 19 18 1 6 1 2 4 8 16 32 231 410
475  -34.729   16.705  5  1 1 6 1 2 4 8 16 32 474 582
476   42.535   12.451  8 25 1 6 1 2 4 8 16 32 148 271
477   -9.766   14.752 23  2 1 6 1 2 4 8 16 32 116 230
478  -87.018  -15.735 18 14 1 6 1 2 4 8 16 32 365 537
479   -8.789  -21.448 20 24 1 6 1 2 4 8 16 32 350 486
480   36.078   35.925 12  5 1 6 1 2 4 8 16 32 284 409
481   39.105  -15.649 19 12 1 6 1 2 4 8 16 32 429 529
482  -14.386  -61.194 21  2 1 6 1 2 4 8 16 32 225 379
483  -14.307  -38.519 13 25 1 6 1 2 4 8 16 32 453 572
484  -70.764   50.854 20 19 1 6 1 2 4 8 16 32 174 307
485   -9.943   -7.458  9 24 1 6 1 2 4 8 16 32 135 255
486   38.434  -60.419 13 18 1 6 1 2 4 8 16 32 278 370
487  -55.542  -28.204 18 20 1 6 1 2 4 8 16 32  60 178
488   60.089  -17.572  6 17 1 6 1 2 4 8 16 32 314 486
489  -56.720   13.538 16 12 1 6 1 2 4 8 16 32 478 629
490   -2.271  -37.628  1  2 1 6 1 2 4 8 16 32 248 389
491  -59.680  -16.437  5 19 1 6 1 2 4 8 16 32 458 610
492  -44.348  -11.981 23 13 1 6 1 2 4 8 16 32 369 464
493   13.849  -45.526 18 22 1 6 1 2 4 8 16 32 437 570
494  -12.494   26.123  6 19 1 6 1 2 4 8 16 32 179 329
495   27.203   28.119 20 24 1 6 1 2 4 8 16 32 477 623
496  -59.143    5.707 15 11 1 6 1 2 4 8 16 32 411 540
497   78.003   -8.386 22  6 1 6 1 2 4 8 16 32 217 333
498    2.765  -14.154 18 16 1 6 1 2 4 8 16 32 185 280
499   17.389    3.278 19 10 1 6 1 2 4 8 16 32 378 478
500   14.069  -22.229  8 11 1 6 1 2 4 8 16 32 438 562
501   -1.782  -64.014  5 20 1 6 1 2 4 8 16 32  66 234
502   13.080  -44.489 21 15 1 6 1 2 4 8 16 32 144 245
503   37.311   30.365 12 16 1 6 1 2 4 8 16 32 219 319
504  -96.143   14.362  6  3 1 6 1 2 4 8 16 32 252 416
505  -43.597   23.920 24  7 1 3 1 2 4 300 446
506  -21.265   10.071  8  6 1 3 4 8 16 184 324
507  -41.327  -19.958 18 11 1 3 1 16 32 277 384
508   -0.165   53.345 10 11 1 3 4 8 16 127 281
509    9.827  -34.778 15 14 1 3 1 2 32 435 553
510    0.702   -2.002  1 21 1 3 4 8 16 273 387
511   18.866   43.915  7 19 1 3 2 4 8 153 279
512  -74.237   -9.357 19  4 1 3 1 2 32 161 306
513  -61.786  -12.103  6  5 1 3 2 4 8 366 473
514   47.583   11.737  8  5 1 3 1 2 4 181 340
515   -3.748    5.109 17 12 1 3 1 2 4 344 494
516   23.206   66.211  2 20 1 3 1 2 32 425 582
517  -45.142  -31.555 14 10 1 3 1 2 4 233 373
518  -12.958   72.906  4 20 1 3 2 4 8 220 393
519  -58.789  -19.824 18 22 1 3 1 16 32 405 536
520  -41.382  -17.096 21 14 1 3 2 4 8 209 337
521    7.367  -40.900 25 19 1 3 2 4 8 240 387
522  -12.866   47.046 16 12 1 3 4 8 16 267 359
523  -56.238   -7.581 16 14 1 3 1 2 32 418 582
524  -54.077  -82.892 10 24 1 3 1 2 32 159 326
525   38.293    7.275  9  7 1 3 4 8 16 412 572
526  -11.774    5.377  7 21 1 3 4 8 16 399 515
527  -18.561  -72.882  7 23 1 3 8 16 32 306 480
528   46.936   42.871 15 21 1 3 4 8 16 165 282
529  -37.939  -24.353  9 16 1 3 2 4 8 307 413
530  -24.475   48.938  3 10 1 3 1 2 4 221 375
531   47.369   25.323 19 11 1 3 2 4 8 357 520
532   21.741    8.856  4  8 1 3 1 16 32 132 277
533  -51.996   78.772 16  3 1 3 8 16 32 354 519
534  -45.032    1.398 11  3 1 3 2 4 8 250 367
535    9.271   51.581 17 16 1 3 4 8 16 438 582
536   -9.369   32.239 13  1 1 3 2 4 8 282 384
537   36.182   95.209  7 16 1 3 1 2 32 194 371
538   25.519  -66.394 13 16 1 3 2 4 8 291 438
539  -51.544   -7.245 19 20 1 3 1 16 32 407 504
540   -1.483  -25.531 20  1 1 3 8 16 32 140 234
541  -16.296  -28.253  6  3 1 3 1 2 4 339 495
542  -40.118   31.744  9  5 1 3 4 8 16 293 468
543  -70.697   30.450  6 13 1 3 1 2 32  65 214
544    2.954  -72.662 13  4 1 3 8 16 32 407 586
545   18.835  -21.552 13  1 1 3 4 8 16 403 533
546  -75.055  -18.445 15  6 1 3 1 16 32 305 428
547  -21.179  -37.701  3 15 1 3 8 16 32 306 458
548   61.011   56.879 22 21 1 3 8 16 32 171 270
549  -19.421   26.886 19  2 1 3 1 16 32 234 412
550  -32.721    3.033 10  5 1 3 4 8 16 386 542
551  -12.347   -4.669 21 13 1 3 1 2 4 439 543
552   20.178   50.519 22 24 1 3 4 8 16 346 480
553   22.406  -22.656  4 21 1 3 8 16 32 151 308
554  -18.652   30.988 10 15 1 3 1 2 32 457 605
555  -19.885  -88.281 11 18 1 3 1 2 32  74 232
556    8.112  -40.570 14 13 1 3 1 2 32 360 537
557  -10.229  -68.457 14 10 1 3 1 2 32 280 451
558   10.144   65.186 13 15 1 3 2 4 8 101 191
559   -5.890   -0.446 25  9 1 3 4 8 16 124 245
560  -90.149  -55.536  6 13 1 3 1 2 4 232 343
561  -32.410   28.625  9  7 1 3 1 2 4 267 360
562    6.433   23.553  4 25 1 3 2 4 8 416 575
563    1.434  -71.667  1  9 1 3 1 2 4 380 540
564   17.230  -33.679 16 10 1 3 4 8 16  91 222
565  -22.675  -90.125 16  9 1 3 1 2 32 196 296
566  -16.077  -19.287 16 15 1 3 1 16 32 346 464
567    2.502   26.849  6 12 1 3 4 8 16 410 507
568  -81.464  -21.259 20 13 1 3 1 2 32 473 573
569    7.642   20.032 15  9 1 3 1 16 32 191 364
570   23.132   50.415 21 17 1 3 1 2 32 112 284
571  -22.900    9.644  3  5 1 3 1 2 4 390 483
572   36.359   38.342 18  6 1 3 4 8 16 468 593
573   83.710  -34.198  8 14 1 3 2 4 8 390 553
574   -0.317   28.333  5 10 1 3 2 4 8 376 540
575  -34.583   -5.542  2  5 1 3 4 8 16 216 318
576   16.376    5.896 20 11 1 3 1 16 32 439 594
577  -24.921  -11.139  6  7 1 3 4 8 16 446 610
578   75.177   -5.115 17 20 1 3 4 8 16 105 246
579   -1.910  -37.811  5 14 1 3 1 2 4 232 405
580    9.570   50.092  2  3 1 3 2 4 8  60 237
581  -49.554  -76.062 10 18 1 3 1 2 32 229 338
582   86.804  -71.698 25 10 1 3 1 16 32 256 408
583   66.113   34.296 14 24 1 3 2 4 8 238 387
584  -12.787  -14.734  4 12 1 3 1 2 32  90 245
585   11.078  -40.088 14  1 1 3 4 8 16  65 184
586  -26.019   36.792  9 23 1 3 4 8 16 271 439
587   -7.916   -5.634  2  9 1 3 2 4 8 108 234
588  -12.793  -10.602  4  3 1 3 8 16 32 309 413
589   12.189   80.023  4 15 1 3 8 16 32  78 246
590   44.794   58.502  1 16 1 3 2 4 8 396 521
591  -72.308  -24.860 23 15 1 3 2 4 8 377 510
592   69.714    0.250  6  6 1 3 1 2 4 343 451
593  -31.018  -18.738 22 10 1 3 2 4 8 318 458
594    7.996   59.747 11  2 1 3 2 4 8 171 262
595  -33.984  -20.026  9 21 1 3 8 16 32 236 352
596   45.416  -58.716 20 17 1 3 1 2 32 439 534
597  -82.990   -6.378 15  2 1 3 1 2 4 418 516
598  -68.787  -80.823  9 24 1 3 8 16 32 228 331
599  -80.621   -5.713 17 23 1 3 1 2 32 108 245
600   30.212  -52.557  5 23 1 3 4 8 16  82 181
601    0.732   54.944 11  4 1 3 4 8 16 459 601
602  -50.092  -41.864  7  5 1 3 4 8 16 256 397
603  -53.699   44.574 15 14 1 3 2 4 8 383 537
604   25.482  -63.043 23 24 1 3 1 2 4 344 456
605  -80.652   14.227 20  4 1 3 1 16 32 103 220
606   28.156  -42.242  8 22 1 3 1 16 32 266 380
607   22.614   34.668 10 24 1 3 1 16 32 105 211
608  -32.666    5.585 14 13 1 3 1 16 32 300 438
609  -70.917    1.385 20  7 1 3 1 16 32 193 353
610   13.550   11.749 20  5 1 3 4 8 16 138 311
611   40.845   31.671 22  3 1 3 1 2 4 227 353
612   72.650   18.707 13 21 1 3 4 8 16 110 220
613  -16.968  -73.547 18 13 1 3 4 8 16  98 224
614  -27.747   12.543 23  7 1 3 8 16 32 362 501
615  -57.648  -19.995 23 18 1 3 4 8 16  90 240
616   13.470  -52.692 25 21 1 3 4 8 16 271 377
617   22.925  -51.392  8 10 1 3 8 16 32 467 575
618  -63.007   19.159 11 24 1 3 8 16 32 214 360
619   74.786   -5.347 21  6 1 3 1 2 4 151 255
620  -14.764  -10.876 13 11 1 3 1 2 32 391 544
621   37.231   12.848  7 24 1 3 1 2 32 477 583
622  -72.626   21.002 24  7 1 3 4 8 16  80 224
623  -45.544  -51.996  5 16 1 3 8 16 32 460 586
624  -37.482   37.079 12  2 1 3 1 2 4 438 588
625   13.245  -35.309  9 14 1 3 8 16 32 473 647
626   37.585   51.349  8 23 1 3 1 16 32 358 514
627    9.570   64.038  4 10 1 3 4 8 16 344 446
628   25.214   52.618 24 13 1 3 8 16 32 250 345
629   25.818   68.225 21  4 1 3 2 4 8 376 524
630   24.310  -57.623 19 15 1 3 1 2 4 322 440
631  -40.601  -34.827 20  4 1 3 1 16 32 135 262
632   17.780   38.727  4 19 1 3 1 2 32 257 431
633   15.045   45.020  5  7 1 3 1 16 32 119 254
634  -18.683   14.941  3  3 1 3 1 16 32 282 396
635   82.605  -27.258  8  8 1 3 2 4 8 332 446
636   51.251  -58.881 12  1 1 3 1 16 32 468 618
637   10.730   38.843 14 20 1 3 4 8 16 461 590
638   23.785   18.103 10 20 1 3 1 2 32 336 439
639   67.444  -77.087 25 23 1 3 1 16 32 284 432
640  -17.383   24.005 22 11 1 3 2 4 8 246 393
641  -48.395  -25.269  3 17 1 3 1 2 32 392 505
642  -34.357  -20.807 11 21 1 3 1 2 32 330 463
643   50.598    3.894 20  5 1 3 8 16 32 185 335
644    9.747   77.747 20 16 1 3 2 4 8 132 246
645   22.711   85.693  8 19 1 3 1 2 32 352 457
646   47.845   56.934 19 10 1 3 1 2 4 183 320
647  -14.441   33.813 12 24 1 3 8 16 32  75 203
648  -45.081  -22.284  6 23 1 3 2 4 8 254 385
649  -47.333  -14.667 21 18 1 1 32 372 523
650   36.383   69.714  6 23 1 1 4 161 280
651   23.456  -42.200 22 22 1 1 32 465 640
652   27.124   81.622 14 18 1 1 2 364 487
653  -51.141  -39.197 12 24 1 1 2 253 418
654  -65.607   45.197 13  7 1 1 16 262 373
655  -45.367   -5.151  9  7 1 1 16 400 557
656  -34.692   14.728 14 15 1 1 2 247 388
657   32.324  -71.722 15 14 1 1 2 115 282
658   30.951   83.569 22 15 1 1 2 379 537
659   70.190   26.440  6  8 1 1 16  73 216
660  -61.493   15.594 22 17 1 1 16  67 212
661  -57.086   -1.965 10 16 1 1 1 477 581
662   17.487   45.190 21 10 1 1 4 423 584
663    9.210  -91.730  2 20 1 1 8 464 618
664    0.836  -86.279  3 20 1 1 8 255 429
665  -25.256  -24.121 14  9 1 1 4 180 338
666   25.134   -7.745 17  7 1 1 32 380 487
667  -11.108   17.065 13  4 1 1 32 394 519
668  -21.283   10.260  5 11 1 1 32  71 174
669  -14.868    1.917 18  2 1 1 32 138 317
670   22.614    9.198 18 22 1 1 2 330 493
671  -71.710   35.132 16 21 1 1 2 253 422
672   44.965  -64.453 16 24 1 1 8 322 476
673   28.406   10.217 17  6 1 1 2 320 471
674  -76.666  -11.005 21  1 1 1 4 399 560
675    7.007  -38.861 12 24 1 1 32 210 369
676   33.008   54.340 23 16 1 1 1 143 322
677   24.286   65.668 25  5 1 1 2 454 602
678   35.748  -74.152 18  8 1 1 16 250 373
679  -34.210  -11.206  1  4 1 1 8 479 626
680  -29.724   42.725 19 10 1 1 4 450 598
681  -22.528   16.656  8 16 1 1 2 265 408
682    9.436  -23.535 16 19 1 1 8 196 367
683  -12.219   27.203 17 12 1 1 8 262 368
684  -24.042    0.574  3 13 1 1 8 194 323
685   33.331   93.042 15 23 1 1 32  76 197
686  -40.161    5.762 23 25 1 1 4 160 286
687  -53.400   18.292 12 21 1 1 1 430 573
688  -11.627   23.560 19  1 1 1 2 129 254
689  -37.720   -9.546 12 21 1 1 2  95 232
690   88.824   -7.550 21  5 1 1 8 267 391
691   14.044  -73.004 18 24 1 1 32 262 392
692   63.190    8.197 16 24 1 1 32 225 348
693  -52.759    6.403 17 23 1 1 8  77 213
694  -20.288   -1.135  1 24 1 1 1 117 213
695    5.933  -89.929  4 10 1 1 32 438 609
696   -9.302   20.227  6  2 1 1 1 385 560
697  -21.130   22.534  9 23 1 1 4 183 355
698  -30.194    4.852 24 23 1 1 4 110 203
699   16.174  -33.679  8 13 1 1 1  96 205
700  -22.827   21.033 22 25 1 1 16 276 431
701  -64.349    1.050  2  4 1 1 16 117 226
702   32.709   33.667 14  5 1 1 16 200 302
703    8.301  -50.592  7  4 1 1 32 141 297
704  -62.775  -17.865 10 20 1 1 1 363 453
705   64.294   40.881 18 19 1 1 1 303 394
706   47.040   48.212 14  5 1 1 2 271 444
707   23.267  -56.158 13  2 1 1 16 196 306
708   41.663   30.383 18 24 1 1 8 373 535
709  -26.556  -21.509  6 23 1 1 8  73 206
710  -27.429  -27.454 12 20 1 1 8 464 583
711  -16.553   20.068 18 13 1 1 32 120 259
712  -35.992   97.540  3 22 1 1 16 222 340
713  -68.481  -22.961 13 24 1 1 2 420 533
714   40.350  -46.997  5 25 1 1 4 193 354
715   66.119   45.239 19  8 1 1 4 224 382
716    8.087   -0.342 23  2 1 1 32 477 626
717   27.148    4.492 10 20 1 1 8 404 559
718   -2.008  -49.054 25 11 1 1 1 463 618
719   45.154  -69.067 14  1 1 1 4 157 295
720   13.220  -37.872  1 14 1 1 1 236 332
