7 27 1008 4
500 100
500 150
500 200
500 250
  0   23.627    3.963  0  0 0 0  0 1000
  1   71.106   31.165 20 23 1 4 1 2 4 8 235 527
  2    0.549  -73.682 24  7 1 4 1 2 4 8 188 397
  3   15.039    4.950 12 24 1 4 1 2 4 8  90 416
  4   45.837   32.874 10  9 1 4 1 2 4 8 200 433
  5  -27.783   44.080 13 24 1 4 1 2 4 8 134 385
  6   34.906   20.526  4 17 1 4 1 2 4 8 231 526
  7   24.310   -7.532  6 19 1 4 1 2 4 8 140 478
  8   38.629   42.084  8 13 1 4 1 2 4 8 241 518
  9    7.281   63.531  7  6 1 4 1 2 4 8  94 450
 10    4.150   59.003 13 14 1 4 1 2 4 8 225 415
 11   72.937   62.488  5 12 1 4 1 2 4 8  85 423
 12  -22.791    9.644 17 15 1 4 1 2 4 8 278 583
 13   30.359    7.294 14 24 1 2 1 2 250 565
 14   -4.987  -34.198  8  5 1 2 4 8 237 529
 15   12.366   50.690  5 16 1 2 2 4 140 472
 16   -5.945  -51.447 13 22 1 2 2 4 112 395
 17    5.792   27.319 12  7 1 2 1 8 113 342
 18   14.374   37.646  2 17 1 2 1 2 265 478
 19  -39.008  -38.196 10  1 1 2 2 4 261 592
 20   20.477  -23.016 20 22 1 2 1 8 140 498
 21   12.036  -95.831 16  5 1 2 2 4 222 570
 22   11.102  -28.540  9  6 1 2 1 2 265 574
 23   21.722  -11.420  9 14 1 2 4 8 162 344
 24  -30.060  -57.104 16  1 1 2 2 4  97 317
 25   61.279   12.836  6 15 1 2 1 2 287 552
 26   28.094  -10.779 18 15 1 2 1 2 259 562
 27   53.424   18.237  1  7 1 2 1 2 142 430
 28   23.126  -24.481  1 21 1 2 4 8  63 299
 29   49.591   25.275  4 15 1 2 1 2  64 314
 30   18.158  -36.597 14  2 1 2 1 8  70 305
 31    8.051  -30.695 23 15 1 2 1 2  86 402
 32   46.057   -4.413  6 15 1 2 2 4 108 331
 33    4.742   -6.696  6  9 1 2 2 4  73 291
 34  -61.401  -81.763 15  3 1 2 1 8  89 387
 35  -21.790   33.777 24  1 1 2 1 2 230 455
 36    3.766  -49.152  8  5 1 2 4 8 279 638
 37   38.556   26.898  8  8 1 1 8 254 553
 38   19.128  -43.781  1 10 1 1 1 225 528
 39   27.637  -44.818 10 12 1 1 4 100 292
 40    6.873  -17.578  3  4 1 1 1 181 452
 41   11.401  -19.183  3 14 1 1 2 151 454
 42  -11.151    7.269 23 17 1 1 1 140 331
 43   72.046   15.271  2  9 1 1 2 178 516
 44   26.416   -8.600  6 22 1 1 4 107 368
 45   12.384   86.682 17  7 1 1 4 142 381
 46   76.721   32.355  6 20 1 1 4 293 644
 47   32.025   84.741 16  3 1 1 1  65 313
 48  -14.764  -79.437  3  2 1 1 2  81 428
 49  -16.412    5.396 23 25 1 4 1 2 4 8 237 478
 50   20.190    8.527  9  8 1 4 1 2 4 8 112 377
 51   12.085   36.420  2 15 1 4 1 2 4 8 192 382
 52   51.642   37.671 19 13 1 4 1 2 4 8 260 446
 53  -24.896   27.045  9  8 1 4 1 2 4 8 235 509
 54   58.136  -70.673 10 11 1 4 1 2 4 8 281 601
 55   16.418   28.979 14  8 1 4 1 2 4 8  63 310
 56   55.542  -46.954 12  7 1 4 1 2 4 8 135 356
 57   52.472  -61.682 17  7 1 4 1 2 4 8 240 502
 58   23.572  -26.721 14  1 1 4 1 2 4 8  79 413
 59    5.792   50.482  5 23 1 4 1 2 4 8 288 482
 60   46.429  -99.872 17  6 1 4 1 2 4 8 214 551
 61  -35.999   77.466 15 18 1 4 1 2 4 8 286 490
 62    4.822  -23.743 10 16 1 4 1 2 4 8 173 506
 63    5.042  -41.986  4 11 1 4 1 2 4 8 100 284
 64   -5.896   -9.009 24 12 1 4 1 2 4 8 269 580
 65   89.520  -47.461 19 19 1 4 1 2 4 8 119 358
 66   24.176   42.108  4 22 1 4 1 2 4 8 205 403
 67   41.675  -35.040  7 13 1 4 1 2 4 8 270 486
 68   76.843   31.683 18  6 1 4 1 2 4 8 236 471
 69    3.949  -24.646  8 18 1 4 1 2 4 8 225 498
 70   77.942  -10.742 16 14 1 4 1 2 4 8 179 399
 71   78.876  -26.440 21 17 1 4 1 2 4 8 216 506
 72   44.397  -15.332  4  1 1 4 1 2 4 8 208 449
 73   15.961   36.847 10 19 1 2 1 8  73 385
 74   69.397  -54.626 12 18 1 2 1 2 253 606
 75   14.874   83.002  5 18 1 2 4 8 251 437
 76   30.078   24.780 11 14 1 2 2 4 271 470
 77   83.313   10.638 12 25 1 2 1 8 280 497
 78    5.786   -2.856 14 19 1 2 2 4 136 494
 79   62.177   22.217 16  6 1 2 2 4  79 367
 80   65.588  -41.077  2  2 1 2 2 4 191 487
 81  -10.004   51.379 19 13 1 2 4 8  76 424
 82   63.391    8.636 16  5 1 2 1 8 270 551
 83   -5.695    1.202  2 21 1 2 1 2 261 504
 84   -8.167    4.395  5 25 1 2 2 4 152 488
 85    3.253   -4.755  1 13 1 2 2 4 135 336
 86   46.057  -63.452  7  6 1 2 1 2 204 390
 87   63.416   -5.261 15 19 1 2 2 4 165 444
 88   13.092  -36.743 15 11 1 2 1 8 145 415
 89   23.669  -26.154  2 10 1 2 4 8 210 477
 90    9.027   90.192 13 21 1 2 1 8 195 425
 91   76.624    6.805 10 17 1 2 1 2  99 453
 92   -1.208   -8.875 21  3 1 2 4 8 165 512
 93   37.042   60.815  5  8 1 2 4 8 229 488
 94   65.265   37.909  3  6 1 2 1 8 244 593
 95  -10.120  -15.631 24  6 1 2 4 8 161 341
 96    9.680  -28.711  9 17 1 2 1 2 258 602
 97    7.550  -56.458  2 11 1 2 4 8 272 480
 98   14.795   62.445 23  4 1 2 1 8 192 481
 99    7.269  -24.066  3 11 1 2 1 2 144 438
100   21.490   50.092 12 18 1 2 1 2 181 396
101  -17.242   -6.396 25 24 1 2 2 4 163 432
102   65.985  -14.948 25 12 1 2 2 4 143 473
103   49.139  -25.116 18 15 1 2 1 8 257 501
104  -19.012  -76.208 15  5 1 2 2 4 109 456
105   96.301   -6.873 10 10 1 2 1 8 107 432
106   66.113   68.481  3 14 1 2 1 8 255 443
107   30.048   27.020  5  3 1 2 2 4 243 580
108   72.052   -6.567 17 25 1 2 1 8 230 419
109    7.550  -39.832 11 25 1 2 1 2 226 519
110   53.082  -10.693 13  7 1 2 1 2 145 379
111  -25.073  -58.185 19  8 1 2 2 4 280 595
112   36.761  -14.014 22 24 1 2 1 2 196 463
113   19.366   30.005 24  8 1 2 4 8 174 395
114   23.315   44.336 16 22 1 2 1 2  61 415
115   36.548   -2.161  8 15 1 2 1 8 282 623
116   81.311  -73.871 11  5 1 2 1 2 101 321
117   87.250  -86.615 15 14 1 2 1 2 291 481
118   17.725   73.309  8 23 1 2 2 4 224 444
119   57.953   17.877  3 12 1 2 2 4 258 605
120   -8.344   38.257  9  9 1 2 1 2 108 343
121   10.443   47.455 24 20 1 1 8 200 388
122   71.143   44.336  6  1 1 1 2 261 528
123   39.014   35.083 12 14 1 1 2 275 535
124   62.701  -59.564 21 18 1 1 8 164 461
125   18.237   -8.545  8 11 1 1 4 141 462
126   34.857   14.148 11 23 1 1 2 169 469
127  -91.144  -76.550  3  1 1 1 2 275 475
128   15.460  -76.562 16 17 1 1 1 292 611
129   74.957  -24.280 18  9 1 1 1 229 514
130  -62.354  -39.624 14 20 1 1 8 167 408
131   30.884    4.156  2  5 1 1 4 217 522
132   45.197  -28.235  1  3 1 1 4 249 495
133    0.262    9.045 21 16 1 1 2 283 539
134   -2.850   31.848  1 15 1 1 1 159 476
135   14.685  -22.229 10  4 1 1 1  78 418
136  -39.490  -20.728 18 17 1 1 4 230 552
137   26.331   30.322 10 24 1 1 4 230 544
138  -23.291   24.756  9 20 1 1 1 245 564
139   35.669   -5.322  9 20 1 1 2 171 370
140   56.512  -32.996 25 23 1 1 4 226 474
141   54.388   56.714 25 24 1 1 4 113 317
142   25.116    8.917  1 10 1 1 8 128 412
143   40.240   90.057  5  7 1 1 2 128 320
144  -18.970  -44.684  9 11 1 1 4 198 499
145   18.884  -16.040 22  6 1 4 1 2 4 8 237 453
146   -6.049   41.125 23 12 1 4 1 2 4 8  74 277
147  -48.553  -29.407 14 22 1 4 1 2 4 8 243 546
148  -20.337   52.478  8  4 1 4 1 2 4 8 290 632
149   19.244   35.107  5  5 1 4 1 2 4 8 165 360
150  -12.189  -45.801  3 16 1 4 1 2 4 8  66 399
151  -16.956  -39.697 23  9 1 4 1 2 4 8 145 346
152  -24.176  -51.526 23  7 1 4 1 2 4 8  81 274
153   30.023  -14.740  6 21 1 4 1 2 4 8  72 378
154  -19.269   34.711  1 18 1 4 1 2 4 8 127 444
155   -5.286  -20.105 14  5 1 4 1 2 4 8 269 570
156  -39.374  -10.303  8  4 1 4 1 2 4 8  62 325
157   15.625  -36.688 24 13 1 4 1 2 4 8  63 392
158  -35.919   80.383  9 16 1 4 1 2 4 8 141 404
159   18.054   33.295 19  9 1 4 1 2 4 8  80 280
160  -52.368  -18.463  3 15 1 4 1 2 4 8 227 552
161   19.763   45.642 16  3 1 4 1 2 4 8 242 485
162  -51.550  -30.908 18 10 1 4 1 2 4 8 175 366
163   18.091   44.049 19 25 1 4 1 2 4 8 274 522
164  -14.380  -62.408  1  8 1 4 1 2 4 8 163 427
165    1.770   -5.847 17  5 1 4 1 2 4 8 227 553
166   63.995  -11.792 10 14 1 4 1 2 4 8 137 403
167   16.241   13.153  3  7 1 4 1 2 4 8 122 377
168  -10.193   32.214  3 10 1 4 1 2 4 8 263 514
169   -2.185   33.929 13 22 1 4 1 2 4 8  85 331
170    9.674  -17.505 25  7 1 4 1 2 4 8 129 327
171   10.559   32.007  7 10 1 4 1 2 4 8  65 289
172  -75.110    4.510  2  2 1 4 1 2 4 8 255 525
173  -17.352   -5.609 21 13 1 4 1 2 4 8 267 468
174   41.479  -57.941  4  2 1 4 1 2 4 8 289 619
175   40.948   -8.057 22 12 1 4 1 2 4 8 196 470
176   27.118   -5.255 21 20 1 4 1 2 4 8 112 355
177   14.093   -5.896 16  4 1 4 1 2 4 8  78 400
178  -59.222  -12.811  8 15 1 4 1 2 4 8 120 392
179  -32.751    2.216 21  9 1 4 1 2 4 8 156 408
180   16.962  -66.901 10 20 1 4 1 2 4 8 208 443
181   -2.686   18.994 15  2 1 2 2 4 195 527
182  -48.499  -23.700 20 18 1 2 2 4 194 502
183   -6.616  -13.336 10  1 1 2 1 2 198 520
184  -86.798  -93.707  7  2 1 2 1 8 247 606
185  -38.220   -5.066 11 21 1 2 1 2 120 458
186   31.720  -36.578  4 25 1 2 1 8 223 562
187   32.361   -1.740  3  4 1 2 1 2  60 243
188    6.647   15.558  4  8 1 2 4 8  73 283
189  -12.555   39.600 24  3 1 2 4 8 153 422
190   23.071  -22.437 23 23 1 2 4 8 220 567
191   13.739    3.558 14 25 1 2 1 8 208 533
192   70.734  -43.695 24 14 1 2 1 2 227 570
193   -8.771  -15.558 15 15 1 2 4 8 227 491
194  -61.951   14.111  9 17 1 2 1 8 191 390
195   -9.778   -4.926  8  5 1 2 2 4 176 482
196   -2.765   17.938  4  9 1 2 2 4 291 520
197   14.478  -41.650  1 12 1 2 1 2 144 385
198  -51.910   26.892  8  8 1 2 1 8 277 513
199   38.116  -98.456 12  9 1 2 1 2 221 543
200  -31.421   11.328 17 14 1 2 4 8 106 330
201   12.476   56.097 17 24 1 2 4 8 263 507
202    2.399  -71.582 11  7 1 2 1 2 145 464
203    8.411   49.017  5 15 1 2 1 2  84 419
204   21.472   -8.655  6 16 1 2 2 4 221 420
205  -54.492   17.676 22 19 1 2 1 2 242 566
206   14.374   -0.012 12 22 1 2 2 4 268 460
207  -14.001    8.032 21  8 1 2 2 4 112 459
208   74.286  -16.187  8 14 1 2 4 8 163 370
209   21.094  -11.499 25 22 1 2 1 8 144 446
210  -54.370   20.740  4  1 1 2 4 8  61 340
211   -7.458   74.432 20 13 1 2 4 8 191 387
212    1.935   11.261 10 16 1 2 2 4 272 597
213    6.305   36.768 11 13 1 2 1 8  81 406
214  -31.317   -7.172  3 20 1 2 1 2 298 505
215  -30.548   14.087 10  4 1 2 1 8  92 416
216   18.665   87.811 16 15 1 2 2 4 150 350
217  -36.780  -23.633 18 24 1 2 2 4 296 524
218   35.870  -19.482  9  6 1 2 4 8 224 500
219  -41.852   17.310 17 20 1 2 1 2 263 536
220   56.519   58.289 24  3 1 2 4 8 194 474
221  -43.036  -41.541 17  9 1 2 4 8 267 484
222   27.344   70.087  1  6 1 2 1 2 162 460
223   36.841   44.153 18 21 1 2 1 2 194 501
224  -63.348  -14.856  6 19 1 2 1 2 224 465
225  -45.312  -19.739  9  7 1 2 4 8 176 365
226  -27.887   64.532  4 23 1 2 4 8 235 533
227  -38.354   -4.034 13  5 1 2 4 8 113 332
228  -35.638    6.610 17 12 1 2 2 4 243 594
229    2.142   27.856  8  1 1 2 4 8 186 383
230    6.610   -2.216 23  6 1 2 1 2 279 491
231  -31.451   72.369 11  8 1 2 4 8 246 437
232    2.655  -25.140 15 20 1 2 4 8 198 406
233  -53.595   28.552  9 22 1 2 1 8 171 426
234   -7.745   50.720 15  2 1 2 1 2 183 367
235  -48.700  -17.981  4 22 1 2 1 8 294 573
236  -40.582   -3.308 22  1 1 2 4 8 200 445
237  -31.714   40.070  8 20 1 2 4 8 135 357
238   -6.189   20.813  8 10 1 2 2 4 220 435
239  -32.379   -7.910 12 12 1 2 1 8  76 398
240  -19.482   13.544  7 12 1 2 4 8 228 469
241   41.785   -2.728 25 10 1 2 1 8 122 406
242  -69.745  -22.491  4 11 1 2 2 4 133 371
243  -42.633   -6.836 10 17 1 2 2 4 145 428
244  -28.955   15.491  4  2 1 2 2 4 290 530
245   -9.161   29.657 21 20 1 2 4 8  92 342
246  -33.429   29.492  9  5 1 2 4 8 117 376
247  -30.872   20.654  7 14 1 2 2 4 208 506
248  -66.943   81.207  3 16 1 2 1 8  64 340
249  -14.404  -33.954  2 23 1 2 1 2 255 608
250  -70.544  -16.187 12 17 1 2 2 4  96 308
251  -31.909   48.224 14 12 1 2 1 8 166 414
252   -5.103   69.318 23 20 1 2 2 4 201 551
253   17.822  -40.405  4 12 1 1 1 165 479
254    6.653   28.217 22  7 1 1 1 156 387
255    7.343  -15.204  4 16 1 1 4 150 452
256   20.630  -56.732 12 18 1 1 8 223 511
257  -44.019  -13.092  1  3 1 1 8 193 477
258  -33.423   65.100  2  5 1 1 1 243 521
259   15.833  -14.282  9  2 1 1 2  63 332
260   -5.389   12.592 23 11 1 1 4 249 461
261   11.322  -13.574 11  1 1 1 2  83 305
262  -19.501   29.968 17 11 1 1 2  62 258
263   29.395   25.305 17  1 1 1 2 279 548
264   14.484  -49.243  3 16 1 1 2 274 633
265  -58.398   16.467 15 19 1 1 8 125 376
266   17.218  -12.415 11 23 1 1 2 150 339
267   -7.611  -15.790 15 20 1 1 4 161 386
268    3.857  -30.408 25 15 1 1 4 150 388
269   18.207  -12.823 21 22 1 1 1 127 478
270  -12.549   41.449 22 19 1 1 8 275 565
271    7.013  -20.862 14 21 1 1 4 140 451
272  -87.775  -40.820  7 18 1 1 8 251 460
273  -47.156   30.554 23 10 1 1 1 294 603
274  -16.583  -23.328  5  6 1 1 4 210 464
275   -2.637    0.049 12 21 1 1 8 174 383
276  -47.882    1.428 21  8 1 1 8 190 426
277   75.342  -28.101 14 22 1 1 4 138 409
278  -21.313   -1.727 15 14 1 1 1 235 479
279  -17.493   18.634  9 15 1 1 2  89 333
280    3.174   23.828  5 12 1 1 2 144 482
281  -33.099   55.963  3 18 1 1 2 251 532
282  -33.899    6.366  1 15 1 1 2 164 483
283    1.312   50.458  9 18 1 1 8 135 366
284  -38.715    3.235 20  6 1 1 4 233 435
285  -72.772   44.043 21 16 1 1 4 206 459
286   41.248   -4.797 12 23 1 1 8 274 627
287  -30.988   24.524  7  3 1 1 4  66 267
288   14.221   35.968  9 11 1 1 1 106 406
289   -1.410   38.470 18  3 1 4 1 2 4 8 238 428
290    2.948  -20.251 18  8 1 4 1 2 4 8 276 597
291  -32.855   20.105  3  6 1 4 1 2 4 8 294 529
292  -10.516   26.233 14  8 1 4 1 2 4 8  80 398
293  -28.339   59.308  4 13 1 4 1 2 4 8  96 393
294  -40.582   51.685 13 20 1 4 1 2 4 8  92 437
295  -31.183   40.466 25 18 1 4 1 2 4 8 226 561
296   62.915   78.546 10 24 1 4 1 2 4 8 268 614
297  -21.381  -10.602 11 20 1 4 1 2 4 8 145 494
298  -22.058   -8.765 14 14 1 4 1 2 4 8 174 473
299   41.406  -32.452 11 15 1 4 1 2 4 8 250 479
300   -5.786   14.954  9  1 1 4 1 2 4 8 150 339
301   -6.671  -36.298 17 21 1 4 1 2 4 8  81 355
302  -53.668   33.014 19 15 1 4 1 2 4 8 109 302
303    6.342   81.238  7 12 1 4 1 2 4 8  60 275
304   17.767  -31.000 18 18 1 4 1 2 4 8 185 523
305  -49.341    7.861 20  4 1 4 1 2 4 8 125 373
306   12.341  -23.999 10 25 1 4 1 2 4 8 144 327
307  -39.502    6.250 22 21 1 4 1 2 4 8 278 559
308    7.117   14.441  9 15 1 4 1 2 4 8  91 383
309   19.897   -9.216  7 17 1 4 1 2 4 8 229 428
310  -24.402   29.694 23  9 1 4 1 2 4 8  94 406
311   26.147  -12.207  2  1 1 4 1 2 4 8 269 488
312   31.183   40.344 22 25 1 4 1 2 4 8  79 341
313   27.069  -17.627 20 18 1 4 1 2 4 8  98 278
314   28.534  -43.945 15 19 1 4 1 2 4 8 246 469
315   10.797  -53.784 11 22 1 4 1 2 4 8 120 383
316  -85.785   29.449  4  2 1 4 1 2 4 8 239 580
317  -17.273   72.626  2  2 1 4 1 2 4 8 255 439
318  -35.657  -24.512 13 23 1 4 1 2 4 8 202 503
319  -26.807   42.059  7 24 1 4 1 2 4 8  73 333
320   19.434    4.730 21 12 1 4 1 2 4 8 273 462
321  -47.821   30.426 13 21 1 4 1 2 4 8  79 376
322   10.547  -31.482  4  8 1 4 1 2 4 8 211 475
323  -38.544   19.873 12 21 1 4 1 2 4 8 292 553
324  -27.972   15.851  2  2 1 4 1 2 4 8 265 578
325  -47.919   73.254 13 23 1 4 1 2 4 8 255 537
326  -13.141  -96.667  7 13 1 4 1 2 4 8 184 433
327    9.131   37.061  3  5 1 4 1 2 4 8 231 417
328   -4.053  -78.888 12 12 1 4 1 2 4 8 108 377
329  -27.838   32.208 20 17 1 4 1 2 4 8 269 499
330  -50.439   41.803  3 11 1 4 1 2 4 8 251 519
331  -17.767  -49.957  8  5 1 4 1 2 4 8 260 451
332  -16.132   20.935 15  8 1 4 1 2 4 8 222 474
333  -33.234   36.536 23 16 1 4 1 2 4 8  77 356
334   42.529  -41.534 19 22 1 4 1 2 4 8 196 542
335  -19.342    1.129 18  9 1 4 1 2 4 8 256 547
336  -11.493   12.109  7  2 1 4 1 2 4 8 195 537
337  -67.175    5.920 19  6 1 2 1 8 182 502
338  -71.765   44.427  7 25 1 2 1 8 190 479
339  -98.322   39.105 20  9 1 2 1 8 207 525
340   85.083   16.327 23  5 1 2 1 8 161 404
341    0.757   27.405  1 16 1 2 1 8 125 338
342    8.380  -80.713 18 18 1 2 2 4 172 494
343   51.917  -71.155 22  6 1 2 1 2 185 405
344  -33.997  -20.868  7 10 1 2 4 8 103 384
345    0.513  -30.981 15 24 1 2 1 2 179 522
346   22.046  -13.397  3  3 1 2 1 8 275 545
347   28.656  -22.156 19 23 1 2 1 2 165 499
348   24.670   28.107 21 22 1 2 1 2 212 420
349  -89.880   39.508 22  6 1 2 1 2 258 613
350  -37.097   70.959 22 11 1 2 2 4 151 480
351   11.005  -19.946 10 17 1 2 4 8 184 384
352   10.309  -65.625 12 25 1 2 1 2 130 457
353  -69.287   41.223 18 20 1 2 4 8 115 317
354  -45.929   -8.801 19 25 1 2 2 4  61 265
355   36.548    1.031 10 15 1 2 2 4 100 331
356  -44.592   18.787 14 20 1 2 1 2 203 453
357  -28.937    6.421 17  6 1 2 1 8 111 391
358   89.532  -53.479  5 10 1 2 4 8 131 325
359   23.676  -63.177 23 24 1 2 4 8 166 467
360  -37.421  -35.944 10 14 1 2 1 2 192 537
361  -47.870   30.127  5 11 1 2 4 8 151 419
362  -74.377   76.648 15 20 1 2 4 8 187 472
363   -8.374  -13.135  2 13 1 2 4 8 250 537
364   34.760   58.545 11 13 1 2 2 4 224 488
365    1.813   -4.907  6  2 1 2 2 4 152 445
366   31.061  -38.373  1 22 1 2 1 8 154 449
367   51.373   14.001  6 12 1 2 2 4 114 347
368  -44.470   30.817  2  7 1 2 1 2 156 500
369   40.186  -57.477 21  7 1 2 1 2 123 397
370   27.374  -14.917 18  8 1 2 1 2  64 418
371   20.258  -59.399  8  1 1 2 4 8 248 561
372   49.377   25.946 19  4 1 2 2 4 238 513
373  -37.646   26.044 25 24 1 2 4 8  89 406
374  -42.578    5.573 10  6 1 2 1 8 159 445
375  -67.859   -9.814 22 24 1 2 4 8 173 396
376  -19.629   61.621 17  4 1 2 4 8 167 440
377   -7.611  -27.032 16 17 1 2 4 8 112 308
378  -19.092   56.018 24 19 1 2 4 8 121 349
379   69.287  -77.911  6 15 1 2 1 2 176 535
380   66.772  -51.709 22 14 1 2 2 4 173 415
381  -36.047   27.246 12  6 1 2 2 4 158 397
382    7.928  -33.582  3 11 1 2 4 8  72 398
383  -37.366   30.859 13 13 1 2 1 8 264 535
384  -10.748   32.288 14 22 1 2 4 8 258 439
385   -3.943  -35.229 25 12 1 2 1 8 294 523
386  -71.057  -17.004  1 10 1 2 1 2 222 446
387  -12.622   16.211 12  5 1 2 1 8 172 501
388   31.042  -33.923 15 19 1 2 4 8 253 460
389  -18.195    9.235 15 23 1 2 1 2 256 498
390  -21.411  -39.404 15  6 1 2 2 4 134 475
391  -37.433   43.152  9  4 1 2 1 8 168 481
392  -64.417   43.829 17 14 1 2 1 8 202 393
393  -43.756   30.029  1 12 1 2 1 8  70 294
394   74.457    6.378 10 10 1 2 1 2 230 463
395  -25.787    7.117  6 11 1 2 1 2 283 599
396   24.487   70.093 13 11 1 2 1 2 121 399
397   60.449  -30.676  6 12 1 2 1 2 273 518
398  -50.641  -59.888 21 18 1 2 4 8 274 457
399   18.976  -40.289  8 23 1 2 4 8  98 288
400   -0.104    8.582  4  7 1 2 1 2  80 379
401    3.485  -18.616  9 13 1 2 2 4  77 283
402   43.085  -29.810 10  9 1 2 1 8 101 340
403   26.807  -26.422 12 14 1 2 1 2  73 295
404  -21.234   -1.752 25  3 1 2 4 8 139 383
405  -46.417   49.591 25 25 1 2 1 8 174 412
406   18.195   50.830 16 18 1 2 1 8 197 518
407  -38.171  -14.099 23 22 1 2 4 8  73 426
408  -32.214   37.982 24 15 1 2 4 8 133 484
409    6.964   83.862 12 21 1 2 1 8 116 469
410  -26.190    6.647  4 19 1 2 1 8 211 505
411   33.972  -24.603 23  3 1 2 4 8 154 429
412   52.417  -18.445  8 23 1 2 4 8 270 543
413   -8.313   12.677  3  1 1 2 1 8  99 362
414  -25.183   52.484  2 10 1 2 4 8 194 400
415   15.729  -26.508 14 22 1 2 1 8 240 458
416  -34.674   -8.313 12 23 1 2 1 8 131 334
417  -36.700    0.629 22  9 1 2 4 8 205 454
418  -33.002  -60.052 18 20 1 2 2 4 249 569
419  -25.360   18.481 20 21 1 2 1 2 117 404
420  -15.192   29.132 19 13 1 2 1 2 171 523
421    2.325   11.346 10 15 1 2 2 4 205 415
422   17.615   -2.563  2  1 1 2 1 8 272 497
423   48.303  -47.656 12 20 1 2 2 4 253 555
424  -26.471  -30.414 25  9 1 2 2 4 180 415
425  -54.053   43.549  1  7 1 2 4 8 184 492
426  -28.442   24.884 10  8 1 2 2 4 263 527
427    1.501  -14.636 19  2 1 2 1 8 298 647
428  -80.255   39.062 16 19 1 2 1 2 243 504
429   33.313   -9.253 15  8 1 2 4 8 281 615
430   23.328   72.046 18 21 1 2 1 2 246 484
431   23.895  -12.463 13 22 1 2 2 4  77 298
432  -17.218   12.891  4  1 1 2 1 8 100 351
433  -21.326   14.978 16  5 1 1 4 292 598
434    5.548  -24.408 10 22 1 1 2 276 528
435   16.333  -32.629 16  8 1 1 4 192 465
436   39.185  -41.602  3 16 1 1 8 283 554
437  -28.918   -9.113  3 21 1 1 8  75 406
438   12.152   95.117 14  9 1 1 8  65 340
439  -40.717   70.312 22  8 1 1 2  78 367
440   27.655    3.101 18 18 1 1 4 225 581
441   18.616   -3.699 25 12 1 1 2 290 550
442  -70.093   32.147 25 22 1 1 1 129 343
443  -17.279   50.616 16  5 1 1 1 222 508
444   38.818  -17.389 25 10 1 1 8 289 512
445  -15.594  -11.432  4 12 1 1 1 106 326
446   60.101  -38.263 11 13 1 1 2 148 484
447  -81.720  -27.301  1 14 1 1 4 158 393
448   98.914  -31.921 14 16 1 1 8  60 271
449   35.760  -50.830  1 12 1 1 2 276 504
450   19.409  -20.288 20 19 1 1 8 296 512
451  -41.351   45.343 21 22 1 1 4 148 434
452  -15.015   16.290  2 24 1 1 1  75 300
453  -74.829  -22.644 14 10 1 1 4  72 388
454   -4.803  -19.629  7 11 1 1 4 266 454
455  -35.339   42.651 16  5 1 1 2  78 338
456   18.707  -24.500 14  8 1 1 4 290 564
457  -23.273   58.026 14  7 1 1 4 293 575
458  -50.159   56.805 19 11 1 1 8 292 549
459  -41.974   16.254 15  7 1 1 1 118 304
460  -77.063   28.723 21  7 1 1 1  77 346
461  -34.705  -49.426 10  2 1 1 1 142 452
462  -30.005   50.018 13 13 1 1 8 119 360
463  -82.294   54.059  4  2 1 1 8 275 569
464  -49.640   30.554 16 14 1 1 8 227 563
465   26.434   -4.578  8  9 1 1 2 178 489
466   91.473  -89.404  1  9 1 1 8 205 458
467    5.652   92.957  2  1 1 1 4 277 521
468   -0.049   26.697 20 24 1 1 8 247 457
469   26.868  -55.914  1  2 1 1 1  86 410
470   -7.196   -8.972  4 10 1 1 8 144 409
471  -24.011    7.373 15  4 1 1 2 266 600
472   -0.720   18.884 12  2 1 1 2  64 284
473   19.690   57.098 10 18 1 1 1 134 487
474   24.768  -86.151 24  3 1 1 1  61 245
475  -55.389   18.152 23  8 1 1 4 140 466
476  -41.986   43.701 22 18 1 1 8 140 421
477   72.864  -97.382 20  7 1 1 1  82 437
478   14.319  -28.888 10 10 1 1 8 163 433
479   34.210    9.076 13 16 1 1 4 183 427
480    0.922  -11.090 13 22 1 1 8 239 533
481  -34.686   24.048  1 24 1 4 1 2 4 8 240 560
482    9.717  -10.956 12 18 1 4 1 2 4 8 199 396
483   54.742  -41.296 20 15 1 4 1 2 4 8 156 436
484   51.898   89.935  5 18 1 4 1 2 4 8 140 411
485   -0.006   24.420 10  7 1 4 1 2 4 8 196 516
486    7.379  -12.677 12  1 1 4 1 2 4 8 142 333
487  -56.360   19.299 19 17 1 4 1 2 4 8 149 393
488    0.604   24.774  8  7 1 4 1 2 4 8 161 451
489   44.183   55.829 18  5 1 4 1 2 4 8 290 546
490  -24.292   27.118 25 16 1 4 1 2 4 8 269 533
491    2.789   54.303 23  8 1 4 1 2 4 8 212 476
492   57.104   66.650  3  8 1 4 1 2 4 8  87 307
493  -51.465   30.646 21 21 1 4 1 2 4 8 117 460
494   47.546  -20.782  5  9 1 4 1 2 4 8 285 519
495    6.696   32.458  1 18 1 4 1 2 4 8 259 506
496   41.144   18.518 15  6 1 4 1 2 4 8 101 287
497  -62.811   59.491  9 23 1 4 1 2 4 8 131 388
498   20.728  -37.500 19  9 1 4 1 2 4 8  84 432
499  -59.039   38.422 13 14 1 4 1 2 4 8 287 633
500   36.731  -50.226 24  5 1 4 1 2 4 8 187 536
501  -62.030   33.521  7 22 1 4 1 2 4 8 233 537
502   46.210   17.157  8 11 1 4 1 2 4 8 249 472
503   27.307   21.722 12 21 1 4 1 2 4 8  83 410
504    6.403  -18.994 13 19 1 4 1 2 4 8 190 473
505   20.776  -15.387 25 15 1 4 1 2 4 8 123 350
506  -53.625   34.863 23 13 1 4 1 2 4 8 240 513
507  -12.903   37.512 20  4 1 4 1 2 4 8 229 569
508  -13.123    2.655  8 19 1 4 1 2 4 8 207 510
509   24.396   51.978  5 24 1 4 1 2 4 8 231 563
510   78.394   64.496 19 19 1 4 1 2 4 8 269 514
511  -11.444   69.794 24  7 1 4 1 2 4 8  66 298
512  -33.502    7.501  4 17 1 4 1 2 4 8 115 377
513   33.228  -22.797 13 18 1 4 1 2 4 8  83 330
514   -5.127  -26.282 15 24 1 4 1 2 4 8 152 399
515    0.305  -79.218 15  2 1 4 1 2 4 8  83 362
516   24.768  -88.690 21 25 1 4 1 2 4 8 138 429
517    5.243  -67.346 21  8 1 4 1 2 4 8 136 320
518  -19.440   50.104 24 21 1 4 1 2 4 8 163 475
519   19.061  -29.480 18  7 1 4 1 2 4 8 297 569
520  -10.083   36.786 13  5 1 4 1 2 4 8  72 339
521   57.715   71.362  4 14 1 4 1 2 4 8  88 281
522  -47.406   63.544 11 15 1 4 1 2 4 8  66 372
523   15.790  -17.041  4  2 1 4 1 2 4 8 181 388
524   70.361   27.753 25  5 1 4 1 2 4 8 280 618
525   -2.551   51.666 13  1 1 4 1 2 4 8 164 463
526  -68.878    4.053 17  3 1 4 1 2 4 8 147 490
527  -19.385   12.677 14 23 1 4 1 2 4 8 112 334
528   41.693  -93.585 15 10 1 4 1 2 4 8 133 472
529   28.082  -18.262 19 23 1 4 1 2 4 8  92 344
530   28.845  -16.473 10 12 1 4 1 2 4 8 188 476
531  -52.032   26.703 23 10 1 4 1 2 4 8 271 614
532  -27.356   38.708 19  6 1 4 1 2 4 8 140 411
533  -34.302   25.995 25  4 1 4 1 2 4 8  88 425
534  -41.425   78.906 21 25 1 4 1 2 4 8 200 514
535   24.786  -35.925  5 19 1 4 1 2 4 8 112 308
536  -22.522   18.536  4  8 1 4 1 2 4 8  97 312
537   -7.550   23.572 22 21 1 4 1 2 4 8 251 432
538  -45.129   30.438  9  1 1 4 1 2 4 8 294 646
539  -33.136   30.731 19 11 1 4 1 2 4 8  86 416
540  -31.482    9.351 11  4 1 4 1 2 4 8 195 423
541    9.686    7.294 14 23 1 2 1 2 290 527
542   43.884  -23.669 12 12 1 2 1 8 157 401
543   49.188   59.290 11  6 1 2 1 8  89 354
544  -39.551  -10.968  3 17 1 2 4 8  64 271
545  -96.521   45.508 17 21 1 2 1 2 296 480
546  -59.076   41.669  2 20 1 2 2 4  61 294
547  -68.811    4.315  1 24 1 2 1 8 159 461
548   10.510   19.092  5 25 1 2 2 4  65 346
549   40.820   65.723 11 21 1 2 4 8 172 362
550   28.833  -57.672  7 25 1 2 2 4 278 625
551   29.303  -49.371 19  7 1 2 1 2  74 329
552   -6.238  -52.020 22 14 1 2 1 2 277 551
553  -75.037   46.448  2 17 1 2 2 4 102 450
554  -57.495   13.574 10  3 1 2 4 8 114 418
555  -15.704   13.940 20  3 1 2 2 4 226 539
556   36.322   71.411  8  9 1 2 1 8 283 513
557   39.429   30.835 21 16 1 2 1 8 163 428
558  -93.097   84.552 20 21 1 2 1 2 139 430
559   45.367   -8.905 18 11 1 2 2 4 192 458
560   96.985  -19.165 23 12 1 2 1 2 260 448
561  -53.088   53.790  8  4 1 2 1 2 257 519
562  -23.102   61.108 15  8 1 2 4 8 201 488
563   28.400  -35.272 24 13 1 2 4 8 279 600
564  -31.110  -51.361 16  6 1 2 2 4 226 530
565   82.385   46.893 24 10 1 2 1 8 134 332
566  -19.629    0.769 11  4 1 2 4 8 159 414
567   13.965   91.473 19 23 1 2 2 4 269 554
568  -87.347    5.078 21 13 1 2 2 4 105 329
569  -27.386  -58.612  6 22 1 2 4 8 233 490
570  -39.404   54.022  6 12 1 2 2 4 237 555
571    7.391  -32.019 23 19 1 2 1 8 181 521
572   54.401   29.810 10 22 1 2 2 4 120 357
573   28.650   63.910 16 22 1 2 4 8 203 478
574    1.117  -56.006 23 24 1 2 2 4 255 443
575   14.471   14.288 25 10 1 2 4 8 161 512
576  -17.572  -79.858 19 19 1 2 2 4  78 320
577  -20.978  -34.015  8  9 1 2 1 8 158 456
578   81.104   94.263  2 16 1 2 2 4 161 359
579    1.190   56.055  6 23 1 2 1 2 226 468
580   21.112  -47.125 20 19 1 2 1 8 178 500
581   75.848   86.322  5 14 1 2 2 4 105 331
582    7.880   -5.750 13  6 1 2 1 2 167 493
583  -69.318   28.619  3 25 1 2 4 8  87 430
584   10.931  -29.095 18 20 1 2 1 2 237 438
585  -22.272   -1.086  9  1 1 2 4 8 180 505
586   32.770   29.266 17 14 1 2 2 4 258 534
587   11.786   15.375 18 22 1 2 4 8 277 550
588   10.645    6.067 11  1 1 2 2 4 202 516
589    3.345   17.041  9 20 1 2 2 4 248 534
590    5.615  -87.604  5 13 1 2 2 4 270 536
591   20.490  -30.389 16 16 1 2 1 2 236 561
592    2.661   66.876 19 24 1 2 1 8 275 596
593   14.752   22.925  9  9 1 2 1 2  84 315
594   25.201  -47.119  5 25 1 2 1 2 296 637
595  -16.949   67.664 11 18 1 2 2 4  94 402
596  -28.986   28.894 15  6 1 2 1 8 160 466
597   35.413  -48.401 24 22 1 2 1 2 116 384
598  -29.620   72.046 19 22 1 2 1 8 226 437
599  -31.281  -15.088  6  2 1 2 4 8 139 481
600  -46.460   48.151 10  8 1 2 1 2  93 428
601   56.378  -25.140 20 15 1 2 2 4  99 295
602   30.255  -25.458 23 20 1 2 4 8  93 417
603  -54.669   25.677 22 19 1 2 2 4 141 335
604  -61.542   35.144  5  7 1 2 4 8 269 612
605   32.532  -18.872 21 22 1 2 4 8 282 549
606  -92.487  -22.693  7  7 1 2 1 8 271 491
607   70.404  -72.443 14 15 1 2 2 4 199 413
608    8.783  -69.360 22 19 1 2 4 8 130 321
609   26.794   57.440 15  4 1 2 1 8 265 574
610    6.421   62.018  7 10 1 2 2 4  85 359
611  -99.670   11.475 10 14 1 2 1 8 242 504
612  -44.159   41.980 12  4 1 2 1 2 133 358
613  -55.664   39.050  8 25 1 2 4 8 100 369
614  -43.549   30.188 11 12 1 2 1 8 106 294
615   38.019  -18.427  2 24 1 2 1 2 100 337
616   31.653   63.483  7  3 1 2 1 2 254 463
617   26.068  -10.266 12 18 1 2 1 2 290 473
618  -73.022   25.958 24 25 1 2 1 2 221 554
619  -41.949   22.791 15 19 1 2 4 8 145 371
620    6.207   44.769 11  3 1 2 1 8 263 463
621   25.104   78.876  2 18 1 2 1 8 191 507
622   34.998   16.058 17  9 1 2 1 8 189 376
623  -43.262    8.588 18 20 1 2 1 8  97 358
624  -12.598   48.462 11 23 1 2 2 4  87 421
625  -15.387   67.053 17 13 1 2 1 2 112 303
626   -8.099   40.924 15  6 1 2 2 4 288 646
627  -33.551   34.430  8 13 1 2 1 2  93 336
628   28.937  -22.119  4 12 1 2 1 8 259 481
629   78.638   -8.209  9 24 1 2 4 8 135 435
630   51.001   45.770 18 14 1 2 2 4 139 397
631   49.200   20.630 10 18 1 2 2 4 147 349
632  -41.656   51.086  2 16 1 2 2 4  63 364
633   19.690  -28.058 22  9 1 2 4 8 235 423
634   56.927   15.271  2  6 1 2 2 4 245 501
635   28.503   -6.470 17  4 1 2 4 8 199 548
636   -1.367   -9.375 23  4 1 2 4 8  89 381
637  -81.995   -2.673 21 16 1 2 2 4 241 542
638  -24.945  -41.241 14 22 1 2 4 8 274 486
639  -86.847   69.415  9  1 1 2 2 4 238 446
640   46.558   15.570 22  2 1 2 1 8  71 397
641  -85.394   44.781 18 18 1 2 1 2 137 342
642   -7.013   53.424 17 22 1 2 1 2  68 389
643  -26.520   62.097  5  3 1 2 2 4 290 544
644  -81.604   30.640 25  3 1 2 4 8 185 438
645   82.147   44.208 22 24 1 2 1 8 199 404
646   17.316  -35.895  1 14 1 2 1 2 257 583
647   48.181   22.577 11 22 1 2 4 8 240 510
648  -31.110   16.931 14 11 1 2 1 2 269 455
649  -43.066   16.962  9 14 1 2 2 4 279 524
650  -11.420  -25.311  5 13 1 2 4 8  88 401
651   29.364  -51.721 18 12 1 2 2 4 239 462
652   55.597  -65.259  4 10 1 2 2 4  93 398
653   29.919  -46.252  8 12 1 2 4 8 124 344
654   17.883  -68.549  6 22 1 2 4 8 144 385
655  -89.935   64.575 25 10 1 2 4 8 232 432
656    7.159  -28.467  3  6 1 2 1 2 210 486
657   -0.745  -38.892  9  4 1 2 4 8 276 543
658   73.029  -66.461  5 11 1 2 1 8 111 445
659   11.572  -44.574 16 14 1 2 2 4 298 631
660   15.710   34.839  3 20 1 2 1 2 240 508
661   29.022  -40.002  6  5 1 1 8 174 489
662   67.542   32.446 23  4 1 1 1 237 438
663    5.292  -51.556  2 14 1 1 1 119 452
664  -74.139    9.161 24 21 1 1 1 138 467
665  -51.196   40.833 18 21 1 1 1 189 524
666  -67.139   19.141  7 23 1 1 8 237 504
667  -30.927  -11.401 24  2 1 1 1 223 492
668  -44.891  -23.718 21 13 1 1 8 105 381
669  -79.999   60.114  2 18 1 1 4 152 350
670  -44.556   19.623  7 16 1 1 4 214 522
671   27.057    8.679 23 10 1 1 1 193 431
672  -61.267   59.912 24 25 1 1 8 113 402
673  -56.812   45.544  3 18 1 1 1 129 372
674   19.965  -44.220 16 17 1 1 2 224 517
675  -69.049   62.891 13 19 1 1 4  87 288
676   -7.928   97.266 25 25 1 1 4 233 448
677   20.404   44.513 14 24 1 1 4  84 276
678   42.505  -14.215 17 20 1 1 8 177 496
679   33.752   32.294 11  6 1 1 4 270 593
680   17.975   32.782  1 24 1 1 8 103 396
681   52.118   21.033 22 25 1 1 8 114 323
682  -26.489   43.903 11 10 1 1 2  62 389
683   37.103   53.345  6 19 1 1 8 131 356
684   72.357   62.030 18  7 1 1 4 158 397
685  -53.674   48.523 19 11 1 1 2  61 374
686  -97.900   67.920 10 21 1 1 4 264 611
687  -69.232   35.602 17 24 1 1 2 256 440
688  -27.686  -26.093 17  1 1 1 1  73 357
689   16.370  -15.546  7 23 1 1 4 156 467
690   42.493  -51.324 22 10 1 1 8 298 655
691  -54.779   35.907  4 21 1 1 4 129 465
692  -12.848   51.459  4 17 1 1 8 178 390
693   57.916   18.445  9 13 1 1 8  95 341
694   43.469  -98.682 12  6 1 1 2 259 555
695   10.449  -42.487  5 22 1 1 1 239 449
696   -8.252   37.714 15 14 1 1 8  78 431
697   68.695  -30.060 22 13 1 1 8 108 395
698   31.604  -53.210  5 15 1 1 2 213 456
699  -49.097    5.194 17 17 1 1 1 204 433
700   -1.782  -45.105 24  6 1 1 4 245 465
701   27.814  -24.841 15 18 1 1 4 207 435
702   -1.111    8.301  4 12 1 1 2 158 358
703   16.614  -30.084  5 11 1 1 4  99 397
704  -54.858   56.482  1  6 1 1 4 107 461
705  -65.692   41.821  2  2 1 1 4 240 474
706  -73.962   74.353  1 16 1 1 4  66 296
707  -10.944   82.013  8 22 1 1 4 196 552
708   13.953  -25.842 16  7 1 1 1 292 485
709  -88.318   31.061  7 15 1 1 8 277 575
710  -48.724   50.220  7 16 1 1 8 266 464
711  -21.863   75.830 17 25 1 1 2  76 263
712  -19.391  -40.826 13  2 1 1 8 178 418
713  -21.112   42.914  8 18 1 1 8 125 345
714   46.967   34.076 25  3 1 1 1 226 438
715   55.475   40.869 22  5 1 1 2 229 510
716   25.330   47.449 12 16 1 1 2  84 324
717   54.816   -6.958 23 10 1 1 8 133 412
718   33.441  -40.125  7 15 1 1 4  80 412
719    9.705  -35.016 20 14 1 1 8 143 483
720    1.617  -72.998 12  1 1 1 4 190 415
721  -26.599  -50.415  5  9 1 4 1 2 4 8 241 536
722   32.990  -35.767 21  7 1 4 1 2 4 8 161 476
723   17.780  -14.044 18 22 1 4 1 2 4 8 207 419
724  -19.708  -27.600 20 16 1 4 1 2 4 8 169 416
725   26.007   39.270  5  9 1 4 1 2 4 8 127 368
726   -4.315   -7.166 16  5 1 4 1 2 4 8 167 370
727  -14.636  -40.906 24 19 1 4 1 2 4 8 231 429
728    9.052  -28.381  7  6 1 4 1 2 4 8 108 370
729    7.159  -19.171  1 16 1 4 1 2 4 8 123 423
730    8.087  -60.339 14 16 1 4 1 2 4 8  76 322
731  -51.520   45.697  5  4 1 4 1 2 4 8 193 385
732   92.395   15.039 11 13 1 4 1 2 4 8 175 501
733   63.556  -13.025 21 15 1 4 1 2 4 8 135 423
734   25.714  -18.573 22 21 1 4 1 2 4 8 253 597
735   41.541  -26.318 18  7 1 4 1 2 4 8 239 501
736    0.006  -73.206 17 12 1 4 1 2 4 8 299 499
737  -73.352  -46.521 16 24 1 4 1 2 4 8 254 516
738  -57.227   22.089 11 15 1 4 1 2 4 8 294 635
739  -18.372  -42.267 24 19 1 4 1 2 4 8 291 490
740   51.764   21.436 12 16 1 4 1 2 4 8 115 313
741  -70.996   -2.527  8 18 1 4 1 2 4 8 235 591
742   24.939   35.095 15 23 1 4 1 2 4 8 206 474
743   15.253  -34.937 10  3 1 4 1 2 4 8 230 522
744   31.091   28.845 14  6 1 4 1 2 4 8 245 538
745   16.437  -20.740 10 20 1 4 1 2 4 8 136 477
746   59.692   40.546 21 14 1 4 1 2 4 8 116 414
747  -15.936   78.101  7 24 1 4 1 2 4 8 283 482
748   -4.236  -52.222 16  8 1 4 1 2 4 8 192 387
749    9.247  -14.722 14  8 1 4 1 2 4 8 218 534
750   11.462  -10.034  4 25 1 4 1 2 4 8 182 398
751   70.282   53.497 23 23 1 4 1 2 4 8 183 401
752   39.526  -49.115 14  1 1 4 1 2 4 8 276 485
753   89.606   30.585  5  5 1 4 1 2 4 8  85 307
754   60.895  -60.400 13 20 1 4 1 2 4 8 242 480
755   43.652   53.912 21 20 1 4 1 2 4 8 218 506
756    3.680    4.504  7 15 1 4 1 2 4 8 194 383
757   32.336  -40.875 24 12 1 4 1 2 4 8 196 511
758   54.791    0.610  8 21 1 4 1 2 4 8 153 407
759   80.487  -64.923 10 19 1 4 1 2 4 8  89 405
760   50.250  -47.650 24 24 1 4 1 2 4 8 174 530
761   45.404   10.706 19 16 1 4 1 2 4 8 237 502
762   48.932   82.941  1  2 1 4 1 2 4 8  93 328
763   41.400  -20.111 23 24 1 4 1 2 4 8 141 356
764   45.239  -71.399  1  2 1 4 1 2 4 8 189 390
765   29.498  -18.292 11 10 1 4 1 2 4 8  87 396
766   54.620  -30.090 15 21 1 4 1 2 4 8 123 464
767  -17.743    9.668 17 19 1 4 1 2 4 8 160 348
768   54.169   13.745 20 11 1 4 1 2 4 8 101 439
769   21.466   17.517 14 18 1 4 1 2 4 8 287 595
770   40.173   15.912 12  6 1 4 1 2 4 8 187 385
771   70.599  -53.308 16  4 1 4 1 2 4 8  62 417
772   68.982   55.853 22 21 1 4 1 2 4 8 250 535
773   36.151   45.081 21 15 1 4 1 2 4 8  69 378
774   45.020  -56.799 24 12 1 4 1 2 4 8  94 314
775  -13.617  -37.646 14 22 1 4 1 2 4 8  76 350
776  -20.007  -70.490 17  3 1 4 1 2 4 8  94 367
777  -37.952   15.259 25 19 1 4 1 2 4 8 167 447
778   43.982   54.730 10 14 1 4 1 2 4 8 184 487
779   -2.063  -55.255 10 21 1 4 1 2 4 8 167 495
780   95.447  -10.864  1 10 1 4 1 2 4 8 186 424
781   10.162  -29.303 11  6 1 4 1 2 4 8  66 334
782   38.794   -1.343 10  4 1 4 1 2 4 8 280 482
783    7.800   39.795  2 13 1 4 1 2 4 8 161 458
784   59.827   17.059 18 12 1 4 1 2 4 8 270 596
785   23.157   -3.613  7 10 1 4 1 2 4 8 267 531
786  -18.689  -46.082  4  1 1 4 1 2 4 8  61 399
787   41.162  -55.701 22  5 1 4 1 2 4 8  68 405
788   -4.492  -65.601  1 17 1 4 1 2 4 8 236 442
789  -22.009  -24.548  8 20 1 4 1 2 4 8 202 527
790   76.746  -10.284 21 18 1 4 1 2 4 8 112 446
791   26.343  -10.150 11  8 1 4 1 2 4 8 148 380
792  -13.879  -78.888  9  5 1 4 1 2 4 8  79 318
793    7.281    7.202 13  4 1 2 1 8 197 404
794   11.591   49.310 20 22 1 2 1 2  77 390
795   43.164   -1.636 12 19 1 2 2 4 213 540
796   38.544   64.191 24 24 1 2 2 4  73 286
797  -40.308  -56.445 15 24 1 2 1 2 289 630
798    6.757   47.290 21  7 1 2 1 8 132 421
799   37.543   81.061 23 24 1 2 1 8 112 304
800  -58.691  -46.558 11 24 1 2 2 4 192 482
801   52.313   34.717 16 15 1 2 4 8 204 551
802  -14.410  -42.194  9 19 1 2 1 2 269 612
803  -35.138  -52.094 24  5 1 2 1 2 175 410
804   54.260   29.712  3 14 1 2 2 4 220 449
805  -21.674   -6.073 14 18 1 2 2 4 277 596
806   23.645  -35.681 15 25 1 2 1 8 280 609
807   50.800  -16.821  8 14 1 2 1 2 197 514
808   36.023   10.773 19 14 1 2 1 8  73 363
809    2.350  -16.180 20  2 1 2 2 4 174 372
810  -52.924   40.356 13  6 1 2 1 2 175 357
811   22.980  -54.181 11  8 1 2 1 2  63 303
812  -12.830    0.177 19 16 1 2 4 8  94 328
813   82.477   74.963 13  4 1 2 2 4 225 518
814  -62.720    8.038  4 23 1 2 4 8 107 406
815   28.400  -27.057 13  4 1 2 1 2 110 410
816   27.985  -15.912  3 23 1 2 1 2 108 290
817   66.284  -26.245 24 18 1 2 1 8  90 333
818   11.804  -17.334 17  2 1 2 1 8 250 435
819   43.707    0.409  2 16 1 2 1 8 252 540
820   37.451  -36.420 23  3 1 2 4 8 141 430
821  -18.805   86.713 12 16 1 2 1 2 270 488
822   21.051   48.309  6 10 1 2 4 8 183 411
823  -83.020  -85.339 10 20 1 2 1 2 286 644
824  -19.415   -9.625 19 12 1 2 2 4 134 430
825   12.976   51.575  1 23 1 2 2 4 235 431
826   74.207   69.849 25 23 1 2 1 2 152 449
827  -58.978  -11.096  7 23 1 2 2 4 154 495
828   78.174   10.992  8 14 1 2 4 8 123 365
829   25.189   47.394 21  9 1 2 2 4 116 332
830   -1.477   -8.820 22  2 1 2 4 8 148 366
831   48.889    2.588 24 12 1 2 4 8 185 398
832   69.037   32.819  3 24 1 2 2 4 132 464
833   84.973   -2.039 16  5 1 2 2 4 208 541
834  -40.521   -6.641 24  2 1 2 1 8 154 457
835   44.879   -0.092 23 15 1 2 1 2 104 365
836  -11.023    6.812 19 18 1 2 1 2 290 627
837   46.204  -17.596 12 25 1 2 1 8 207 491
838    0.757  -32.788 12  1 1 2 2 4 121 457
839   27.899  -30.914 22 23 1 2 1 8 173 419
840   64.355   45.862  3 15 1 2 2 4 192 519
841   -3.467   -6.384 19  5 1 2 1 8  90 388
842   26.331  -46.967  9  3 1 2 1 2 154 404
843   28.821   -7.794 18  3 1 2 1 2 135 379
844   26.178    7.202 14 17 1 2 1 8 149 348
845   47.766   54.364  3 17 1 2 4 8 254 612
846   39.966  -22.839  7 21 1 2 2 4 190 506
847   14.142  -16.034 14 24 1 2 4 8 299 601
848   34.155  -19.122  6 15 1 2 2 4 250 435
849   31.750   54.358 14  9 1 2 4 8 176 425
850  -50.214   84.717  5 23 1 2 4 8 124 464
851   81.323  -51.587  3  6 1 2 1 2 185 524
852   -4.645  -26.776  4  2 1 2 1 2 113 455
853   26.678  -44.141  4 14 1 2 4 8 168 376
854   -3.052   -1.495 10  2 1 2 1 8 144 494
855   30.225   43.164 13 22 1 2 1 2 264 559
856    7.819   73.907 10 24 1 2 1 8 290 575
857   57.397   42.554 22 13 1 2 1 8 222 432
858   23.688  -48.816 17 12 1 2 1 2  80 358
859   74.866  -38.715 11  6 1 2 2 4  68 412
860   -8.453  -12.573 17  7 1 2 1 8 274 533
861    5.237  -11.212 18  9 1 2 4 8 266 483
862   47.620   44.366  9  4 1 2 2 4 160 412
863  -18.597   -2.570  5  2 1 2 1 8 108 389
864   50.470   18.756 11  7 1 2 2 4  81 367
865   42.157   64.746  6 15 1 2 4 8 141 455
866   96.051  -67.590 20 20 1 2 2 4 295 526
867    6.921  -24.457 25 14 1 2 1 8 164 392
868   55.994  -20.325  1  5 1 2 1 2 127 415
869   42.157  -54.663 15 14 1 2 1 8 285 480
870   45.435   45.410 14 23 1 2 4 8 296 546
871  -19.891  -49.286 12 22 1 2 1 8 182 521
872  -60.046  -76.849  6 13 1 2 2 4 103 377
873   55.566   38.599 12 19 1 2 1 2 207 540
874    7.135   17.950 17 18 1 2 1 2  63 250
875    6.689  -22.656  2 10 1 2 4 8 187 387
876   39.410   11.682 12 16 1 2 4 8 229 466
877   37.512   82.794 23 17 1 2 4 8  69 411
878   66.467   49.182 22 25 1 2 1 8 218 548
879   -6.744  -13.989  7  8 1 2 1 8 159 444
880   56.165   18.091 22  2 1 2 1 2  77 371
881   35.791   21.869 19 21 1 2 2 4  67 350
882   76.868   29.285  9  2 1 2 4 8  75 269
883   65.326   36.261  4 22 1 2 2 4 120 357
884   -1.306   97.784 11  3 1 2 1 2 241 598
885   10.083   74.182  3 15 1 2 2 4 262 502
886   27.618   47.205 23  8 1 2 1 8 133 438
887   -3.821  -50.934 16 10 1 2 1 8 201 476
888   32.452   28.693  1 10 1 2 1 8 138 370
889   11.597  -32.635  5 13 1 2 2 4 151 468
890   -2.594   58.691  5  6 1 2 1 8 225 476
891   52.911   45.007  9 11 1 2 1 8 180 511
892  -18.817   88.580 14 10 1 2 1 8 101 424
893   81.812   77.612  5 22 1 2 4 8 115 470
894    1.495   61.572 20 20 1 2 4 8 276 518
895   53.656   39.490  4 11 1 2 1 2 211 545
896   13.800   44.049  6 20 1 2 4 8  81 327
897  -27.478  -20.758 13  8 1 2 2 4 205 450
898    2.570  -34.857 17  3 1 2 4 8  64 259
899    2.399   53.168  4 17 1 2 1 8  68 265
900   -1.324   83.740  6  8 1 2 1 8 236 444
901   26.251   43.134  3 12 1 2 4 8  98 409
902   48.364   60.938 21  5 1 2 1 8 163 512
903   35.004  -13.428 24  5 1 2 4 8 285 527
904  -62.830  -20.056 19 18 1 2 1 8 295 589
905   43.817  -89.404 23  6 1 2 4 8 216 542
906   57.294   28.101  3 23 1 2 1 2 205 514
907    9.106   -4.449 20 14 1 2 1 2 145 385
908   53.284   67.542 17 17 1 2 1 2  88 272
909   28.503   77.966  2  1 1 2 1 8 187 397
910   56.830  -67.926 12 16 1 2 1 8 239 565
911   51.862   70.691  2 19 1 2 1 8 198 524
912   52.032   24.188  9 10 1 2 1 8 290 487
913   70.178   35.199  5 23 1 2 1 8 144 401
914  -25.531  -25.195  5  4 1 2 1 8 136 444
915   55.560   22.424 18  1 1 2 1 2 193 374
916   19.055  -10.608 13 19 1 2 1 2 248 484
917   75.696   69.031 23 24 1 2 1 2  81 429
918   81.702    6.732 22 16 1 2 4 8 168 495
919  -22.113   63.953 13  9 1 2 1 2  95 355
920   -7.098  -14.240  7 14 1 2 1 8 108 360
921   42.242   37.061 25  3 1 2 1 2 134 450
922   88.544  -58.319 13  2 1 2 1 2 111 418
923   46.039   16.638 25 13 1 2 4 8 114 322
924   46.887   10.150  4 23 1 2 1 2 262 487
925   15.039   -6.903  8 24 1 2 1 2 122 315
926   57.159  -59.515 23  5 1 2 2 4 244 553
927   -4.199  -21.991  8 18 1 2 1 8 224 446
928   69.482   29.919 16 19 1 2 1 8 292 509
929    9.930   54.114 12 18 1 2 4 8 242 593
930  -32.428   53.387  9 12 1 2 2 4 156 507
931   23.444   54.944  2 23 1 2 2 4 133 455
932   68.512   68.317 20  5 1 2 1 8 283 598
933   81.866   42.072  7  3 1 2 2 4  73 335
934   12.335  -76.672 19  5 1 2 1 8 161 446
935   77.252  -17.963  2 16 1 2 1 8 182 414
936  -40.710  -72.260 20 14 1 2 1 8 180 457
937  -20.618  -18.665  2  3 1 1 2 170 382
938   51.868   41.345  4 16 1 1 8 284 582
939   45.673   33.350 11 14 1 1 2 292 515
940  -49.432   14.960  9 16 1 1 2  84 409
941  -48.279  -15.643 15 16 1 1 2 286 487
942  -42.786  -18.353 18  5 1 1 1 181 384
943   19.922   -9.149 11 14 1 1 8  87 314
944   24.518  -28.003 17 18 1 1 1 270 483
945   39.099  -24.023 15  5 1 1 8 191 542
946   83.716  -57.886 25 13 1 1 1 222 473
947   41.455    5.505 17  9 1 1 1 178 456
948   47.174  -36.285 15 13 1 1 4 221 554
949  -28.925  -20.648 19  1 1 1 2 230 527
950   25.934  -46.606 24 23 1 1 8 148 349
951   27.405   77.545 11  3 1 1 4  68 370
952   75.897   19.006 20 18 1 1 8 271 464
953   33.899  -20.923  8  8 1 1 2 162 437
954  -44.910  -65.680 24 14 1 1 4 100 362
955   -4.755  -25.751 14 20 1 1 2  95 425
956   53.723  -46.741 24 14 1 1 1  90 294
957   38.464   43.787 22 24 1 1 4 142 426
958  -21.112  -27.582 16 16 1 1 1 173 480
959   -7.660  -56.677 10  4 1 1 4 236 480
960   32.513   31.396 10  7 1 1 2 276 568
961   56.091   70.782 10 20 1 1 1 215 445
962  -21.326  -21.417  5  4 1 1 8 184 407
963   55.902  -31.177  8  9 1 1 4  72 378
964   72.119   31.763 24 10 1 1 1 294 491
965    4.071   -8.002  9 15 1 1 2 278 587
966  -11.414    3.003 20 10 1 1 4 128 464
967   54.840   53.693 21  4 1 1 4 171 487
968   22.699   46.997 10 21 1 1 1 249 453
969    7.587  -17.499 19 10 1 1 1 241 435
970    5.896   69.861  8 16 1 1 2 124 411
971   55.011   98.767 18 19 1 1 1  73 353
972   -9.351  -36.456  9 24 1 1 8 210 525
973   39.319  -54.199 20 23 1 1 1 162 444
974   43.451  -17.584  7 16 1 1 4  94 402
975   17.169  -62.042 17 19 1 1 2  94 337
976   34.650   -7.678 25  5 1 1 4 237 449
977   64.752   33.301 21 14 1 1 2 109 406
978    2.924  -25.763 24 12 1 1 4 125 350
979   45.404   15.741  1  8 1 1 2 210 396
980   54.694   22.314 25 15 1 1 2 126 316
981  -15.405  -12.952 17  1 1 1 8 237 540
982   31.683  -21.844  8 13 1 1 8  91 432
983   22.174   53.149 20 25 1 1 1 118 300
984   42.767   31.641  3 23 1 1 4  97 448
985   30.402  -23.260 21 11 1 1 2 109 462
986   16.449   80.701 12 10 1 1 8 196 402
987   -7.361  -32.324 19 25 1 1 4 228 471
988    0.024   41.956 19  6 1 1 2 244 475
989   10.150  -15.253  1 17 1 1 2 153 342
990   33.313  -19.092 24 15 1 1 2 291 648
991   16.522   95.453 17  8 1 1 4 216 466
992  -68.506  -32.721 14 10 1 1 2 192 486
993  -25.806  -20.636 13 12 1 1 1 204 492
994   14.197   38.538  3  5 1 1 8 121 448
995   24.988  -24.658  4  8 1 1 8 200 501
996   33.893   15.979 20 17 1 1 1 174 426
997   37.500  -13.385 14 23 1 1 8 179 439
998    9.167  -32.874 16 19 1 1 2 262 594
999  -40.308   68.945 11  7 1 1 8 192 422
1000   70.184   56.030  3 14 1 1 8 152 480
1001  -30.566  -10.370 14 19 1 1 8 241 446
1002   14.209  -12.085 16  3 1 1 8 147 467
1003   36.963   44.897 23  4 1 1 8 253 525
1004  -21.027  -58.649  3 13 1 1 1 104 363
1005   24.133  -17.712 25  7 1 1 2 212 542
1006   36.792  -11.603 16 20 1 1 1 144 500
1007   59.753    5.817 19  6 1 1 1 130 488
1008   25.214  -87.634  6  8 1 1 1 292 625
