3 1 27 3
0 150
0 200
0 250
  0   0.00   0.00   0.00   0.00 0 0 
  1  10.0000   0.0000   0.00  10.00 1 2 4 2
  2  20.0000   0.0000   0.00  10.00 1 2 4 2
  3  30.0000   0.0000   0.00  10.00 1 2 4 2
  4  40.0000   0.0000   0.00  10.00 1 2 4 2
  5   5.0000   8.6603   0.00  20.00 1 2 4 1
  6  10.0000  17.3205   0.00  20.00 1 2 4 1
  7  15.0000  25.9808   0.00  20.00 1 2 4 1
  8  20.0000  34.6410   0.00  20.00 1 2 4 1
  9  -5.0000   8.6603   0.00  30.00 1 2 2 1
 10 -10.0000  17.3205   0.00  30.00 1 2 2 1
 11 -15.0000  25.9808   0.00  30.00 1 2 2 1
 12 -20.0000  34.6410   0.00  30.00 1 2 2 1
 13 -10.0000   0.0000   0.00  10.00 1 2 4 2
 14 -20.0000   0.0000   0.00  10.00 1 2 4 2
 15 -30.0000   0.0000   0.00  10.00 1 2 4 2
 16 -40.0000   0.0000   0.00  10.00 1 2 4 2
 17  -5.0000  -8.6603   0.00  20.00 1 2 4 1
 18 -10.0000 -17.3205   0.00  20.00 1 2 4 1
 19 -15.0000 -25.9808   0.00  20.00 1 2 4 1
 20 -20.0000 -34.6410   0.00  20.00 1 2 4 1
 21   5.0000  -8.6603   0.00  30.00 1 2 2 1
 22  10.0000 -17.3205   0.00  30.00 1 2 2 1
 23  15.0000 -25.9808   0.00  30.00 1 2 2 1
 24  20.0000 -34.6410   0.00  30.00 1 2 2 1
 25  43.3013  25.0000   0.00  10.00 1 3 4 2 1
 26 -43.3013  25.0000   0.00  10.00 1 3 4 2 1
 27   0.0000 -50.0000   0.00  10.00 1 3 4 2 1
