3 2 54 3
0 150
0 200
0 250
  0   0.00   0.00   0.00   0.00 0 0 
  1  10.0000   0.0000   0.00  10.00 1 2 4 2
  2  20.0000   0.0000   0.00  10.00 1 2 4 2
  3  30.0000   0.0000   0.00  10.00 1 2 4 2
  4  40.0000   0.0000   0.00  10.00 1 2 4 2
  5   8.6603   5.0000   0.00  20.00 1 2 4 1
  6  17.3205  10.0000   0.00  20.00 1 2 4 1
  7  25.9808  15.0000   0.00  20.00 1 2 4 1
  8  34.6410  20.0000   0.00  20.00 1 2 4 1
  9   5.0000   8.6603   0.00  30.00 1 2 2 1
 10  10.0000  17.3205   0.00  30.00 1 2 2 1
 11  15.0000  25.9808   0.00  30.00 1 2 2 1
 12  20.0000  34.6410   0.00  30.00 1 2 2 1
 13   0.0000  10.0000   0.00  10.00 1 2 4 2
 14   0.0000  20.0000   0.00  10.00 1 2 4 2
 15   0.0000  30.0000   0.00  10.00 1 2 4 2
 16   0.0000  40.0000   0.00  10.00 1 2 4 2
 17  -5.0000   8.6603   0.00  20.00 1 2 4 1
 18 -10.0000  17.3205   0.00  20.00 1 2 4 1
 19 -15.0000  25.9808   0.00  20.00 1 2 4 1
 20 -20.0000  34.6410   0.00  20.00 1 2 4 1
 21  -8.6603   5.0000   0.00  30.00 1 2 2 1
 22 -17.3205  10.0000   0.00  30.00 1 2 2 1
 23 -25.9808  15.0000   0.00  30.00 1 2 2 1
 24 -34.6410  20.0000   0.00  30.00 1 2 2 1
 25 -10.0000   0.0000   0.00  10.00 1 2 4 2
 26 -20.0000   0.0000   0.00  10.00 1 2 4 2
 27 -30.0000   0.0000   0.00  10.00 1 2 4 2
 28 -40.0000   0.0000   0.00  10.00 1 2 4 2
 29  -8.6603  -5.0000   0.00  20.00 1 2 4 1
 30 -17.3205 -10.0000   0.00  20.00 1 2 4 1
 31 -25.9808 -15.0000   0.00  20.00 1 2 4 1
 32 -34.6410 -20.0000   0.00  20.00 1 2 4 1
 33  -5.0000  -8.6603   0.00  30.00 1 2 2 1
 34 -10.0000 -17.3205   0.00  30.00 1 2 2 1
 35 -15.0000 -25.9808   0.00  30.00 1 2 2 1
 36 -20.0000 -34.6410   0.00  30.00 1 2 2 1
 37   0.0000 -10.0000   0.00  10.00 1 2 4 2
 38   0.0000 -20.0000   0.00  10.00 1 2 4 2
 39   0.0000 -30.0000   0.00  10.00 1 2 4 2
 40   0.0000 -40.0000   0.00  10.00 1 2 4 2
 41   5.0000  -8.6603   0.00  20.00 1 2 4 1
 42  10.0000 -17.3205   0.00  20.00 1 2 4 1
 43  15.0000 -25.9808   0.00  20.00 1 2 4 1
 44  20.0000 -34.6410   0.00  20.00 1 2 4 1
 45   8.6603  -5.0000   0.00  30.00 1 2 2 1
 46  17.3205 -10.0000   0.00  30.00 1 2 2 1
 47  25.9808 -15.0000   0.00  30.00 1 2 2 1
 48  34.6410 -20.0000   0.00  30.00 1 2 2 1
 49  48.2963  12.9410   0.00  10.00 1 3 4 2 1
 50  12.9410  48.2963   0.00  10.00 1 3 4 2 1
 51 -35.3553  35.3553   0.00  10.00 1 3 4 2 1
 52 -48.2963 -12.9410   0.00  10.00 1 3 4 2 1
 53 -12.9409 -48.2963   0.00  10.00 1 3 4 2 1
 54  35.3553 -35.3553   0.00  10.00 1 3 4 2 1
