3 5 135 3
0 150
0 200
0 250
  0   0.00   0.00   0.00   0.00 0 0 
  1  10.0000   0.0000   0.00  10.00 1 2 4 2
  2  20.0000   0.0000   0.00  10.00 1 2 4 2
  3  30.0000   0.0000   0.00  10.00 1 2 4 2
  4  40.0000   0.0000   0.00  10.00 1 2 4 2
  5   9.7815   2.0791   0.00  20.00 1 2 4 1
  6  19.5630   4.1582   0.00  20.00 1 2 4 1
  7  29.3444   6.2374   0.00  20.00 1 2 4 1
  8  39.1259   8.3165   0.00  20.00 1 2 4 1
  9   9.1355   4.0674   0.00  30.00 1 2 2 1
 10  18.2709   8.1347   0.00  30.00 1 2 2 1
 11  27.4064  12.2021   0.00  30.00 1 2 2 1
 12  36.5418  16.2695   0.00  30.00 1 2 2 1
 13   8.0902   5.8779   0.00  10.00 1 2 4 2
 14  16.1803  11.7557   0.00  10.00 1 2 4 2
 15  24.2705  17.6336   0.00  10.00 1 2 4 2
 16  32.3607  23.5114   0.00  10.00 1 2 4 2
 17   6.6913   7.4314   0.00  20.00 1 2 4 1
 18  13.3826  14.8629   0.00  20.00 1 2 4 1
 19  20.0739  22.2943   0.00  20.00 1 2 4 1
 20  26.7652  29.7258   0.00  20.00 1 2 4 1
 21   5.0000   8.6603   0.00  30.00 1 2 2 1
 22  10.0000  17.3205   0.00  30.00 1 2 2 1
 23  15.0000  25.9808   0.00  30.00 1 2 2 1
 24  20.0000  34.6410   0.00  30.00 1 2 2 1
 25   3.0902   9.5106   0.00  10.00 1 2 4 2
 26   6.1803  19.0211   0.00  10.00 1 2 4 2
 27   9.2705  28.5317   0.00  10.00 1 2 4 2
 28  12.3607  38.0423   0.00  10.00 1 2 4 2
 29   1.0453   9.9452   0.00  20.00 1 2 4 1
 30   2.0906  19.8904   0.00  20.00 1 2 4 1
 31   3.1359  29.8357   0.00  20.00 1 2 4 1
 32   4.1811  39.7809   0.00  20.00 1 2 4 1
 33  -1.0453   9.9452   0.00  30.00 1 2 2 1
 34  -2.0906  19.8904   0.00  30.00 1 2 2 1
 35  -3.1359  29.8357   0.00  30.00 1 2 2 1
 36  -4.1811  39.7809   0.00  30.00 1 2 2 1
 37  -3.0902   9.5106   0.00  10.00 1 2 4 2
 38  -6.1803  19.0211   0.00  10.00 1 2 4 2
 39  -9.2705  28.5317   0.00  10.00 1 2 4 2
 40 -12.3607  38.0423   0.00  10.00 1 2 4 2
 41  -5.0000   8.6603   0.00  20.00 1 2 4 1
 42 -10.0000  17.3205   0.00  20.00 1 2 4 1
 43 -15.0000  25.9808   0.00  20.00 1 2 4 1
 44 -20.0000  34.6410   0.00  20.00 1 2 4 1
 45  -6.6913   7.4314   0.00  30.00 1 2 2 1
 46 -13.3826  14.8629   0.00  30.00 1 2 2 1
 47 -20.0739  22.2943   0.00  30.00 1 2 2 1
 48 -26.7652  29.7258   0.00  30.00 1 2 2 1
 49  -8.0902   5.8779   0.00  10.00 1 2 4 2
 50 -16.1803  11.7557   0.00  10.00 1 2 4 2
 51 -24.2705  17.6336   0.00  10.00 1 2 4 2
 52 -32.3607  23.5114   0.00  10.00 1 2 4 2
 53  -9.1355   4.0674   0.00  20.00 1 2 4 1
 54 -18.2709   8.1347   0.00  20.00 1 2 4 1
 55 -27.4064  12.2021   0.00  20.00 1 2 4 1
 56 -36.5418  16.2695   0.00  20.00 1 2 4 1
 57  -9.7815   2.0791   0.00  30.00 1 2 2 1
 58 -19.5630   4.1582   0.00  30.00 1 2 2 1
 59 -29.3444   6.2373   0.00  30.00 1 2 2 1
 60 -39.1259   8.3165   0.00  30.00 1 2 2 1
 61 -10.0000   0.0000   0.00  10.00 1 2 4 2
 62 -20.0000   0.0000   0.00  10.00 1 2 4 2
 63 -30.0000   0.0000   0.00  10.00 1 2 4 2
 64 -40.0000   0.0000   0.00  10.00 1 2 4 2
 65  -9.7815  -2.0791   0.00  20.00 1 2 4 1
 66 -19.5630  -4.1582   0.00  20.00 1 2 4 1
 67 -29.3444  -6.2374   0.00  20.00 1 2 4 1
 68 -39.1259  -8.3165   0.00  20.00 1 2 4 1
 69  -9.1355  -4.0674   0.00  30.00 1 2 2 1
 70 -18.2709  -8.1347   0.00  30.00 1 2 2 1
 71 -27.4064 -12.2021   0.00  30.00 1 2 2 1
 72 -36.5418 -16.2695   0.00  30.00 1 2 2 1
 73  -8.0902  -5.8779   0.00  10.00 1 2 4 2
 74 -16.1803 -11.7557   0.00  10.00 1 2 4 2
 75 -24.2705 -17.6336   0.00  10.00 1 2 4 2
 76 -32.3607 -23.5114   0.00  10.00 1 2 4 2
 77  -6.6913  -7.4314   0.00  20.00 1 2 4 1
 78 -13.3826 -14.8629   0.00  20.00 1 2 4 1
 79 -20.0739 -22.2943   0.00  20.00 1 2 4 1
 80 -26.7652 -29.7258   0.00  20.00 1 2 4 1
 81  -5.0000  -8.6603   0.00  30.00 1 2 2 1
 82 -10.0000 -17.3205   0.00  30.00 1 2 2 1
 83 -15.0000 -25.9808   0.00  30.00 1 2 2 1
 84 -20.0000 -34.6410   0.00  30.00 1 2 2 1
 85  -3.0902  -9.5106   0.00  10.00 1 2 4 2
 86  -6.1803 -19.0211   0.00  10.00 1 2 4 2
 87  -9.2705 -28.5317   0.00  10.00 1 2 4 2
 88 -12.3607 -38.0423   0.00  10.00 1 2 4 2
 89  -1.0453  -9.9452   0.00  20.00 1 2 4 1
 90  -2.0906 -19.8904   0.00  20.00 1 2 4 1
 91  -3.1359 -29.8357   0.00  20.00 1 2 4 1
 92  -4.1811 -39.7809   0.00  20.00 1 2 4 1
 93   1.0453  -9.9452   0.00  30.00 1 2 2 1
 94   2.0906 -19.8904   0.00  30.00 1 2 2 1
 95   3.1359 -29.8357   0.00  30.00 1 2 2 1
 96   4.1812 -39.7809   0.00  30.00 1 2 2 1
 97   3.0902  -9.5106   0.00  10.00 1 2 4 2
 98   6.1803 -19.0211   0.00  10.00 1 2 4 2
 99   9.2705 -28.5317   0.00  10.00 1 2 4 2
100  12.3607 -38.0423   0.00  10.00 1 2 4 2
101   5.0000  -8.6603   0.00  20.00 1 2 4 1
102  10.0000 -17.3205   0.00  20.00 1 2 4 1
103  15.0000 -25.9808   0.00  20.00 1 2 4 1
104  20.0000 -34.6410   0.00  20.00 1 2 4 1
105   6.6913  -7.4314   0.00  30.00 1 2 2 1
106  13.3826 -14.8629   0.00  30.00 1 2 2 1
107  20.0739 -22.2943   0.00  30.00 1 2 2 1
108  26.7652 -29.7258   0.00  30.00 1 2 2 1
109   8.0902  -5.8778   0.00  10.00 1 2 4 2
110  16.1803 -11.7557   0.00  10.00 1 2 4 2
111  24.2705 -17.6335   0.00  10.00 1 2 4 2
112  32.3607 -23.5114   0.00  10.00 1 2 4 2
113   9.1355  -4.0674   0.00  20.00 1 2 4 1
114  18.2709  -8.1347   0.00  20.00 1 2 4 1
115  27.4064 -12.2021   0.00  20.00 1 2 4 1
116  36.5418 -16.2695   0.00  20.00 1 2 4 1
117   9.7815  -2.0791   0.00  30.00 1 2 2 1
118  19.5630  -4.1582   0.00  30.00 1 2 2 1
119  29.3444  -6.2374   0.00  30.00 1 2 2 1
120  39.1259  -8.3165   0.00  30.00 1 2 2 1
121  49.7261   5.2264   0.00  10.00 1 3 4 2 1
122  43.3013  25.0000   0.00  10.00 1 3 4 2 1
123  29.3893  40.4509   0.00  10.00 1 3 4 2 1
124  10.3956  48.9074   0.00  10.00 1 3 4 2 1
125 -10.3956  48.9074   0.00  10.00 1 3 4 2 1
126 -29.3893  40.4508   0.00  10.00 1 3 4 2 1
127 -43.3013  25.0000   0.00  10.00 1 3 4 2 1
128 -49.7261   5.2264   0.00  10.00 1 3 4 2 1
129 -47.5528 -15.4509   0.00  10.00 1 3 4 2 1
130 -37.1572 -33.4565   0.00  10.00 1 3 4 2 1
131 -20.3368 -45.6773   0.00  10.00 1 3 4 2 1
132   0.0000 -50.0000   0.00  10.00 1 3 4 2 1
133  20.3368 -45.6773   0.00  10.00 1 3 4 2 1
134  37.1572 -33.4565   0.00  10.00 1 3 4 2 1
135  47.5528 -15.4508   0.00  10.00 1 3 4 2 1
