3 6 162 3
0 150
0 200
0 250
  0   0.00   0.00   0.00   0.00 0 0 
  1  10.0000   0.0000   0.00  10.00 1 2 4 2
  2  20.0000   0.0000   0.00  10.00 1 2 4 2
  3  30.0000   0.0000   0.00  10.00 1 2 4 2
  4  40.0000   0.0000   0.00  10.00 1 2 4 2
  5   9.8481   1.7365   0.00  20.00 1 2 4 1
  6  19.6962   3.4730   0.00  20.00 1 2 4 1
  7  29.5442   5.2094   0.00  20.00 1 2 4 1
  8  39.3923   6.9459   0.00  20.00 1 2 4 1
  9   9.3969   3.4202   0.00  30.00 1 2 2 1
 10  18.7939   6.8404   0.00  30.00 1 2 2 1
 11  28.1908  10.2606   0.00  30.00 1 2 2 1
 12  37.5877  13.6808   0.00  30.00 1 2 2 1
 13   8.6603   5.0000   0.00  10.00 1 2 4 2
 14  17.3205  10.0000   0.00  10.00 1 2 4 2
 15  25.9808  15.0000   0.00  10.00 1 2 4 2
 16  34.6410  20.0000   0.00  10.00 1 2 4 2
 17   7.6604   6.4279   0.00  20.00 1 2 4 1
 18  15.3209  12.8558   0.00  20.00 1 2 4 1
 19  22.9813  19.2836   0.00  20.00 1 2 4 1
 20  30.6418  25.7115   0.00  20.00 1 2 4 1
 21   6.4279   7.6604   0.00  30.00 1 2 2 1
 22  12.8558  15.3209   0.00  30.00 1 2 2 1
 23  19.2836  22.9813   0.00  30.00 1 2 2 1
 24  25.7115  30.6418   0.00  30.00 1 2 2 1
 25   5.0000   8.6603   0.00  10.00 1 2 4 2
 26  10.0000  17.3205   0.00  10.00 1 2 4 2
 27  15.0000  25.9808   0.00  10.00 1 2 4 2
 28  20.0000  34.6410   0.00  10.00 1 2 4 2
 29   3.4202   9.3969   0.00  20.00 1 2 4 1
 30   6.8404  18.7939   0.00  20.00 1 2 4 1
 31  10.2606  28.1908   0.00  20.00 1 2 4 1
 32  13.6808  37.5877   0.00  20.00 1 2 4 1
 33   1.7365   9.8481   0.00  30.00 1 2 2 1
 34   3.4730  19.6962   0.00  30.00 1 2 2 1
 35   5.2094  29.5442   0.00  30.00 1 2 2 1
 36   6.9459  39.3923   0.00  30.00 1 2 2 1
 37   0.0000  10.0000   0.00  10.00 1 2 4 2
 38   0.0000  20.0000   0.00  10.00 1 2 4 2
 39   0.0000  30.0000   0.00  10.00 1 2 4 2
 40   0.0000  40.0000   0.00  10.00 1 2 4 2
 41  -1.7365   9.8481   0.00  20.00 1 2 4 1
 42  -3.4730  19.6962   0.00  20.00 1 2 4 1
 43  -5.2094  29.5442   0.00  20.00 1 2 4 1
 44  -6.9459  39.3923   0.00  20.00 1 2 4 1
 45  -3.4202   9.3969   0.00  30.00 1 2 2 1
 46  -6.8404  18.7939   0.00  30.00 1 2 2 1
 47 -10.2606  28.1908   0.00  30.00 1 2 2 1
 48 -13.6808  37.5877   0.00  30.00 1 2 2 1
 49  -5.0000   8.6603   0.00  10.00 1 2 4 2
 50 -10.0000  17.3205   0.00  10.00 1 2 4 2
 51 -15.0000  25.9808   0.00  10.00 1 2 4 2
 52 -20.0000  34.6410   0.00  10.00 1 2 4 2
 53  -6.4279   7.6604   0.00  20.00 1 2 4 1
 54 -12.8558  15.3209   0.00  20.00 1 2 4 1
 55 -19.2836  22.9813   0.00  20.00 1 2 4 1
 56 -25.7115  30.6418   0.00  20.00 1 2 4 1
 57  -7.6604   6.4279   0.00  30.00 1 2 2 1
 58 -15.3209  12.8558   0.00  30.00 1 2 2 1
 59 -22.9813  19.2836   0.00  30.00 1 2 2 1
 60 -30.6418  25.7115   0.00  30.00 1 2 2 1
 61  -8.6603   5.0000   0.00  10.00 1 2 4 2
 62 -17.3205  10.0000   0.00  10.00 1 2 4 2
 63 -25.9808  15.0000   0.00  10.00 1 2 4 2
 64 -34.6410  20.0000   0.00  10.00 1 2 4 2
 65  -9.3969   3.4202   0.00  20.00 1 2 4 1
 66 -18.7939   6.8404   0.00  20.00 1 2 4 1
 67 -28.1908  10.2606   0.00  20.00 1 2 4 1
 68 -37.5877  13.6808   0.00  20.00 1 2 4 1
 69  -9.8481   1.7365   0.00  30.00 1 2 2 1
 70 -19.6962   3.4730   0.00  30.00 1 2 2 1
 71 -29.5442   5.2094   0.00  30.00 1 2 2 1
 72 -39.3923   6.9459   0.00  30.00 1 2 2 1
 73 -10.0000   0.0000   0.00  10.00 1 2 4 2
 74 -20.0000   0.0000   0.00  10.00 1 2 4 2
 75 -30.0000   0.0000   0.00  10.00 1 2 4 2
 76 -40.0000   0.0000   0.00  10.00 1 2 4 2
 77  -9.8481  -1.7365   0.00  20.00 1 2 4 1
 78 -19.6962  -3.4730   0.00  20.00 1 2 4 1
 79 -29.5442  -5.2094   0.00  20.00 1 2 4 1
 80 -39.3923  -6.9459   0.00  20.00 1 2 4 1
 81  -9.3969  -3.4202   0.00  30.00 1 2 2 1
 82 -18.7939  -6.8404   0.00  30.00 1 2 2 1
 83 -28.1908 -10.2606   0.00  30.00 1 2 2 1
 84 -37.5877 -13.6808   0.00  30.00 1 2 2 1
 85  -8.6603  -5.0000   0.00  10.00 1 2 4 2
 86 -17.3205 -10.0000   0.00  10.00 1 2 4 2
 87 -25.9808 -15.0000   0.00  10.00 1 2 4 2
 88 -34.6410 -20.0000   0.00  10.00 1 2 4 2
 89  -7.6604  -6.4279   0.00  20.00 1 2 4 1
 90 -15.3209 -12.8558   0.00  20.00 1 2 4 1
 91 -22.9813 -19.2836   0.00  20.00 1 2 4 1
 92 -30.6418 -25.7115   0.00  20.00 1 2 4 1
 93  -6.4279  -7.6604   0.00  30.00 1 2 2 1
 94 -12.8558 -15.3209   0.00  30.00 1 2 2 1
 95 -19.2836 -22.9813   0.00  30.00 1 2 2 1
 96 -25.7115 -30.6418   0.00  30.00 1 2 2 1
 97  -5.0000  -8.6603   0.00  10.00 1 2 4 2
 98 -10.0000 -17.3205   0.00  10.00 1 2 4 2
 99 -15.0000 -25.9808   0.00  10.00 1 2 4 2
100 -20.0000 -34.6410   0.00  10.00 1 2 4 2
101  -3.4202  -9.3969   0.00  20.00 1 2 4 1
102  -6.8404 -18.7939   0.00  20.00 1 2 4 1
103 -10.2606 -28.1908   0.00  20.00 1 2 4 1
104 -13.6808 -37.5877   0.00  20.00 1 2 4 1
105  -1.7365  -9.8481   0.00  30.00 1 2 2 1
106  -3.4730 -19.6962   0.00  30.00 1 2 2 1
107  -5.2094 -29.5442   0.00  30.00 1 2 2 1
108  -6.9459 -39.3923   0.00  30.00 1 2 2 1
109   0.0000 -10.0000   0.00  10.00 1 2 4 2
110   0.0000 -20.0000   0.00  10.00 1 2 4 2
111   0.0000 -30.0000   0.00  10.00 1 2 4 2
112   0.0000 -40.0000   0.00  10.00 1 2 4 2
113   1.7365  -9.8481   0.00  20.00 1 2 4 1
114   3.4730 -19.6962   0.00  20.00 1 2 4 1
115   5.2094 -29.5442   0.00  20.00 1 2 4 1
116   6.9459 -39.3923   0.00  20.00 1 2 4 1
117   3.4202  -9.3969   0.00  30.00 1 2 2 1
118   6.8404 -18.7939   0.00  30.00 1 2 2 1
119  10.2606 -28.1908   0.00  30.00 1 2 2 1
120  13.6808 -37.5877   0.00  30.00 1 2 2 1
121   5.0000  -8.6603   0.00  10.00 1 2 4 2
122  10.0000 -17.3205   0.00  10.00 1 2 4 2
123  15.0000 -25.9808   0.00  10.00 1 2 4 2
124  20.0000 -34.6410   0.00  10.00 1 2 4 2
125   6.4279  -7.6604   0.00  20.00 1 2 4 1
126  12.8558 -15.3209   0.00  20.00 1 2 4 1
127  19.2836 -22.9813   0.00  20.00 1 2 4 1
128  25.7115 -30.6418   0.00  20.00 1 2 4 1
129   7.6604  -6.4279   0.00  30.00 1 2 2 1
130  15.3209 -12.8557   0.00  30.00 1 2 2 1
131  22.9813 -19.2836   0.00  30.00 1 2 2 1
132  30.6418 -25.7115   0.00  30.00 1 2 2 1
133   8.6603  -5.0000   0.00  10.00 1 2 4 2
134  17.3205 -10.0000   0.00  10.00 1 2 4 2
135  25.9808 -15.0000   0.00  10.00 1 2 4 2
136  34.6410 -20.0000   0.00  10.00 1 2 4 2
137   9.3969  -3.4202   0.00  20.00 1 2 4 1
138  18.7939  -6.8404   0.00  20.00 1 2 4 1
139  28.1908 -10.2606   0.00  20.00 1 2 4 1
140  37.5877 -13.6808   0.00  20.00 1 2 4 1
141   9.8481  -1.7365   0.00  30.00 1 2 2 1
142  19.6962  -3.4730   0.00  30.00 1 2 2 1
143  29.5442  -5.2094   0.00  30.00 1 2 2 1
144  39.3923  -6.9459   0.00  30.00 1 2 2 1
145  49.8097   4.3578   0.00  10.00 1 3 4 2 1
146  45.3154  21.1309   0.00  10.00 1 3 4 2 1
147  35.3553  35.3553   0.00  10.00 1 3 4 2 1
148  21.1309  45.3154   0.00  10.00 1 3 4 2 1
149   4.3578  49.8097   0.00  10.00 1 3 4 2 1
150 -12.9410  48.2963   0.00  10.00 1 3 4 2 1
151 -28.6788  40.9576   0.00  10.00 1 3 4 2 1
152 -40.9576  28.6788   0.00  10.00 1 3 4 2 1
153 -48.2963  12.9409   0.00  10.00 1 3 4 2 1
154 -49.8097  -4.3578   0.00  10.00 1 3 4 2 1
155 -45.3154 -21.1309   0.00  10.00 1 3 4 2 1
156 -35.3553 -35.3553   0.00  10.00 1 3 4 2 1
157 -21.1309 -45.3154   0.00  10.00 1 3 4 2 1
158  -4.3578 -49.8097   0.00  10.00 1 3 4 2 1
159  12.9410 -48.2963   0.00  10.00 1 3 4 2 1
160  28.6788 -40.9576   0.00  10.00 1 3 4 2 1
161  40.9576 -28.6788   0.00  10.00 1 3 4 2 1
162  48.2963 -12.9409   0.00  10.00 1 3 4 2 1
