3 4 108 3
0 150
0 200
0 250
  0   0.00   0.00   0.00   0.00 0 0 
  1  10.0000   0.0000   0.00  10.00 1 2 4 2
  2  20.0000   0.0000   0.00  10.00 1 2 4 2
  3  30.0000   0.0000   0.00  10.00 1 2 4 2
  4  40.0000   0.0000   0.00  10.00 1 2 4 2
  5   8.6603   5.0000   0.00  20.00 1 2 4 1
  6  17.3205  10.0000   0.00  20.00 1 2 4 1
  7  25.9808  15.0000   0.00  20.00 1 2 4 1
  8  34.6410  20.0000   0.00  20.00 1 2 4 1
  9   5.0000   8.6603   0.00  30.00 1 2 2 1
 10  10.0000  17.3205   0.00  30.00 1 2 2 1
 11  15.0000  25.9808   0.00  30.00 1 2 2 1
 12  20.0000  34.6410   0.00  30.00 1 2 2 1
 13   0.0000  10.0000   0.00  10.00 1 2 4 2
 14   0.0000  20.0000   0.00  10.00 1 2 4 2
 15   0.0000  30.0000   0.00  10.00 1 2 4 2
 16   0.0000  40.0000   0.00  10.00 1 2 4 2
 17  -5.0000   8.6603   0.00  20.00 1 2 4 1
 18 -10.0000  17.3205   0.00  20.00 1 2 4 1
 19 -15.0000  25.9808   0.00  20.00 1 2 4 1
 20 -20.0000  34.6410   0.00  20.00 1 2 4 1
 21  -8.6603   5.0000   0.00  30.00 1 2 2 1
 22 -17.3205  10.0000   0.00  30.00 1 2 2 1
 23 -25.9808  15.0000   0.00  30.00 1 2 2 1
 24 -34.6410  20.0000   0.00  30.00 1 2 2 1
 25 -10.0000   0.0000   0.00  10.00 1 2 4 2
 26 -20.0000   0.0000   0.00  10.00 1 2 4 2
 27 -30.0000   0.0000   0.00  10.00 1 2 4 2
 28 -40.0000   0.0000   0.00  10.00 1 2 4 2
 29  -8.6603  -5.0000   0.00  20.00 1 2 4 1
 30 -17.3205 -10.0000   0.00  20.00 1 2 4 1
 31 -25.9808 -15.0000   0.00  20.00 1 2 4 1
 32 -34.6410 -20.0000   0.00  20.00 1 2 4 1
 33  -5.0000  -8.6603   0.00  30.00 1 2 2 1
 34 -10.0000 -17.3205   0.00  30.00 1 2 2 1
 35 -15.0000 -25.9808   0.00  30.00 1 2 2 1
 36 -20.0000 -34.6410   0.00  30.00 1 2 2 1
 37   0.0000 -10.0000   0.00  10.00 1 2 4 2
 38   0.0000 -20.0000   0.00  10.00 1 2 4 2
 39   0.0000 -30.0000   0.00  10.00 1 2 4 2
 40   0.0000 -40.0000   0.00  10.00 1 2 4 2
 41   5.0000  -8.6603   0.00  20.00 1 2 4 1
 42  10.0000 -17.3205   0.00  20.00 1 2 4 1
 43  15.0000 -25.9808   0.00  20.00 1 2 4 1
 44  20.0000 -34.6410   0.00  20.00 1 2 4 1
 45   8.6603  -5.0000   0.00  30.00 1 2 2 1
 46  17.3205 -10.0000   0.00  30.00 1 2 2 1
 47  25.9808 -15.0000   0.00  30.00 1 2 2 1
 48  34.6410 -20.0000   0.00  30.00 1 2 2 1
 49  48.2963  12.9410   0.00  10.00 1 3 4 2 1
 50  12.9410  48.2963   0.00  10.00 1 3 4 2 1
 51 -35.3553  35.3553   0.00  10.00 1 3 4 2 1
 52 -48.2963 -12.9410   0.00  10.00 1 3 4 2 1
 53 -12.9409 -48.2963   0.00  10.00 1 3 4 2 1
 54  35.3553 -35.3553   0.00  10.00 1 3 4 2 1
 55  60.0000   0.0000   0.00  10.00 1 2 4 2
 56  70.0000   0.0000   0.00  10.00 1 2 4 2
 57  80.0000   0.0000   0.00  10.00 1 2 4 2
 58  90.0000   0.0000   0.00  10.00 1 2 4 2
 59  51.9615  30.0000   0.00  20.00 1 2 4 1
 60  60.6218  35.0000   0.00  20.00 1 2 4 1
 61  69.2820  40.0000   0.00  20.00 1 2 4 1
 62  77.9423  45.0000   0.00  20.00 1 2 4 1
 63  30.0000  51.9615   0.00  30.00 1 2 2 1
 64  35.0000  60.6218   0.00  30.00 1 2 2 1
 65  40.0000  69.2820   0.00  30.00 1 2 2 1
 66  45.0000  77.9423   0.00  30.00 1 2 2 1
 67   0.0000  60.0000   0.00  10.00 1 2 4 2
 68   0.0000  70.0000   0.00  10.00 1 2 4 2
 69   0.0000  80.0000   0.00  10.00 1 2 4 2
 70   0.0000  90.0000   0.00  10.00 1 2 4 2
 71 -30.0000  51.9615   0.00  20.00 1 2 4 1
 72 -35.0000  60.6218   0.00  20.00 1 2 4 1
 73 -40.0000  69.2820   0.00  20.00 1 2 4 1
 74 -45.0000  77.9423   0.00  20.00 1 2 4 1
 75 -51.9615  30.0000   0.00  30.00 1 2 2 1
 76 -60.6218  35.0000   0.00  30.00 1 2 2 1
 77 -69.2820  40.0000   0.00  30.00 1 2 2 1
 78 -77.9423  45.0000   0.00  30.00 1 2 2 1
 79 -60.0000   0.0000   0.00  10.00 1 2 4 2
 80 -70.0000   0.0000   0.00  10.00 1 2 4 2
 81 -80.0000   0.0000   0.00  10.00 1 2 4 2
 82 -90.0000   0.0000   0.00  10.00 1 2 4 2
 83 -51.9615 -30.0000   0.00  20.00 1 2 4 1
 84 -60.6218 -35.0000   0.00  20.00 1 2 4 1
 85 -69.2820 -40.0000   0.00  20.00 1 2 4 1
 86 -77.9423 -45.0000   0.00  20.00 1 2 4 1
 87 -30.0000 -51.9615   0.00  30.00 1 2 2 1
 88 -35.0000 -60.6218   0.00  30.00 1 2 2 1
 89 -40.0000 -69.2820   0.00  30.00 1 2 2 1
 90 -45.0000 -77.9423   0.00  30.00 1 2 2 1
 91   0.0000 -60.0000   0.00  10.00 1 2 4 2
 92   0.0000 -70.0000   0.00  10.00 1 2 4 2
 93   0.0000 -80.0000   0.00  10.00 1 2 4 2
 94   0.0000 -90.0000   0.00  10.00 1 2 4 2
 95  30.0000 -51.9615   0.00  20.00 1 2 4 1
 96  35.0000 -60.6218   0.00  20.00 1 2 4 1
 97  40.0000 -69.2820   0.00  20.00 1 2 4 1
 98  45.0000 -77.9423   0.00  20.00 1 2 4 1
 99  51.9615 -30.0000   0.00  30.00 1 2 2 1
100  60.6218 -35.0000   0.00  30.00 1 2 2 1
101  69.2820 -40.0000   0.00  30.00 1 2 2 1
102  77.9423 -45.0000   0.00  30.00 1 2 2 1
103  96.5926  25.8819   0.00  10.00 1 3 4 2 1
104  25.8819  96.5926   0.00  10.00 1 3 4 2 1
105 -70.7107  70.7107   0.00  10.00 1 3 4 2 1
106 -96.5926 -25.8819   0.00  10.00 1 3 4 2 1
107 -25.8819 -96.5926   0.00  10.00 1 3 4 2 1
108  70.7107 -70.7107   0.00  10.00 1 3 4 2 1
