3 6 162 3
0 150
0 200
0 250
  0   0.00   0.00   0.00   0.00 0 0 
  1  10.0000   0.0000   0.00  10.00 1 2 4 2
  2  20.0000   0.0000   0.00  10.00 1 2 4 2
  3  30.0000   0.0000   0.00  10.00 1 2 4 2
  4  40.0000   0.0000   0.00  10.00 1 2 4 2
  5   9.3969   3.4202   0.00  20.00 1 2 4 1
  6  18.7939   6.8404   0.00  20.00 1 2 4 1
  7  28.1908  10.2606   0.00  20.00 1 2 4 1
  8  37.5877  13.6808   0.00  20.00 1 2 4 1
  9   7.6604   6.4279   0.00  30.00 1 2 2 1
 10  15.3209  12.8558   0.00  30.00 1 2 2 1
 11  22.9813  19.2836   0.00  30.00 1 2 2 1
 12  30.6418  25.7115   0.00  30.00 1 2 2 1
 13   5.0000   8.6603   0.00  10.00 1 2 4 2
 14  10.0000  17.3205   0.00  10.00 1 2 4 2
 15  15.0000  25.9808   0.00  10.00 1 2 4 2
 16  20.0000  34.6410   0.00  10.00 1 2 4 2
 17   1.7365   9.8481   0.00  20.00 1 2 4 1
 18   3.4730  19.6962   0.00  20.00 1 2 4 1
 19   5.2094  29.5442   0.00  20.00 1 2 4 1
 20   6.9459  39.3923   0.00  20.00 1 2 4 1
 21  -1.7365   9.8481   0.00  30.00 1 2 2 1
 22  -3.4730  19.6962   0.00  30.00 1 2 2 1
 23  -5.2094  29.5442   0.00  30.00 1 2 2 1
 24  -6.9459  39.3923   0.00  30.00 1 2 2 1
 25  -5.0000   8.6603   0.00  10.00 1 2 4 2
 26 -10.0000  17.3205   0.00  10.00 1 2 4 2
 27 -15.0000  25.9808   0.00  10.00 1 2 4 2
 28 -20.0000  34.6410   0.00  10.00 1 2 4 2
 29  -7.6604   6.4279   0.00  20.00 1 2 4 1
 30 -15.3209  12.8558   0.00  20.00 1 2 4 1
 31 -22.9813  19.2836   0.00  20.00 1 2 4 1
 32 -30.6418  25.7115   0.00  20.00 1 2 4 1
 33  -9.3969   3.4202   0.00  30.00 1 2 2 1
 34 -18.7939   6.8404   0.00  30.00 1 2 2 1
 35 -28.1908  10.2606   0.00  30.00 1 2 2 1
 36 -37.5877  13.6808   0.00  30.00 1 2 2 1
 37 -10.0000   0.0000   0.00  10.00 1 2 4 2
 38 -20.0000   0.0000   0.00  10.00 1 2 4 2
 39 -30.0000   0.0000   0.00  10.00 1 2 4 2
 40 -40.0000   0.0000   0.00  10.00 1 2 4 2
 41  -9.3969  -3.4202   0.00  20.00 1 2 4 1
 42 -18.7939  -6.8404   0.00  20.00 1 2 4 1
 43 -28.1908 -10.2606   0.00  20.00 1 2 4 1
 44 -37.5877 -13.6808   0.00  20.00 1 2 4 1
 45  -7.6604  -6.4279   0.00  30.00 1 2 2 1
 46 -15.3209 -12.8558   0.00  30.00 1 2 2 1
 47 -22.9813 -19.2836   0.00  30.00 1 2 2 1
 48 -30.6418 -25.7115   0.00  30.00 1 2 2 1
 49  -5.0000  -8.6603   0.00  10.00 1 2 4 2
 50 -10.0000 -17.3205   0.00  10.00 1 2 4 2
 51 -15.0000 -25.9808   0.00  10.00 1 2 4 2
 52 -20.0000 -34.6410   0.00  10.00 1 2 4 2
 53  -1.7365  -9.8481   0.00  20.00 1 2 4 1
 54  -3.4730 -19.6962   0.00  20.00 1 2 4 1
 55  -5.2094 -29.5442   0.00  20.00 1 2 4 1
 56  -6.9459 -39.3923   0.00  20.00 1 2 4 1
 57   1.7365  -9.8481   0.00  30.00 1 2 2 1
 58   3.4730 -19.6962   0.00  30.00 1 2 2 1
 59   5.2094 -29.5442   0.00  30.00 1 2 2 1
 60   6.9459 -39.3923   0.00  30.00 1 2 2 1
 61   5.0000  -8.6603   0.00  10.00 1 2 4 2
 62  10.0000 -17.3205   0.00  10.00 1 2 4 2
 63  15.0000 -25.9808   0.00  10.00 1 2 4 2
 64  20.0000 -34.6410   0.00  10.00 1 2 4 2
 65   7.6604  -6.4279   0.00  20.00 1 2 4 1
 66  15.3209 -12.8557   0.00  20.00 1 2 4 1
 67  22.9813 -19.2836   0.00  20.00 1 2 4 1
 68  30.6418 -25.7115   0.00  20.00 1 2 4 1
 69   9.3969  -3.4202   0.00  30.00 1 2 2 1
 70  18.7939  -6.8404   0.00  30.00 1 2 2 1
 71  28.1908 -10.2606   0.00  30.00 1 2 2 1
 72  37.5877 -13.6808   0.00  30.00 1 2 2 1
 73  49.2404   8.6824   0.00  10.00 1 3 4 2 1
 74  32.1394  38.3022   0.00  10.00 1 3 4 2 1
 75   0.0000  50.0000   0.00  10.00 1 3 4 2 1
 76 -32.1394  38.3022   0.00  10.00 1 3 4 2 1
 77 -49.2404   8.6824   0.00  10.00 1 3 4 2 1
 78 -43.3013 -25.0000   0.00  10.00 1 3 4 2 1
 79 -17.1010 -46.9846   0.00  10.00 1 3 4 2 1
 80  17.1010 -46.9846   0.00  10.00 1 3 4 2 1
 81  43.3013 -25.0000   0.00  10.00 1 3 4 2 1
 82  60.0000   0.0000   0.00  10.00 1 2 4 2
 83  70.0000   0.0000   0.00  10.00 1 2 4 2
 84  80.0000   0.0000   0.00  10.00 1 2 4 2
 85  90.0000   0.0000   0.00  10.00 1 2 4 2
 86  56.3816  20.5212   0.00  20.00 1 2 4 1
 87  65.7785  23.9414   0.00  20.00 1 2 4 1
 88  75.1754  27.3616   0.00  20.00 1 2 4 1
 89  84.5723  30.7818   0.00  20.00 1 2 4 1
 90  45.9627  38.5673   0.00  30.00 1 2 2 1
 91  53.6231  44.9951   0.00  30.00 1 2 2 1
 92  61.2836  51.4230   0.00  30.00 1 2 2 1
 93  68.9440  57.8509   0.00  30.00 1 2 2 1
 94  30.0000  51.9615   0.00  10.00 1 2 4 2
 95  35.0000  60.6218   0.00  10.00 1 2 4 2
 96  40.0000  69.2820   0.00  10.00 1 2 4 2
 97  45.0000  77.9423   0.00  10.00 1 2 4 2
 98  10.4189  59.0885   0.00  20.00 1 2 4 1
 99  12.1554  68.9365   0.00  20.00 1 2 4 1
100  13.8918  78.7846   0.00  20.00 1 2 4 1
101  15.6283  88.6327   0.00  20.00 1 2 4 1
102 -10.4189  59.0885   0.00  30.00 1 2 2 1
103 -12.1554  68.9365   0.00  30.00 1 2 2 1
104 -13.8919  78.7846   0.00  30.00 1 2 2 1
105 -15.6283  88.6327   0.00  30.00 1 2 2 1
106 -30.0000  51.9615   0.00  10.00 1 2 4 2
107 -35.0000  60.6218   0.00  10.00 1 2 4 2
108 -40.0000  69.2820   0.00  10.00 1 2 4 2
109 -45.0000  77.9423   0.00  10.00 1 2 4 2
110 -45.9627  38.5673   0.00  20.00 1 2 4 1
111 -53.6231  44.9951   0.00  20.00 1 2 4 1
112 -61.2836  51.4230   0.00  20.00 1 2 4 1
113 -68.9440  57.8509   0.00  20.00 1 2 4 1
114 -56.3816  20.5212   0.00  30.00 1 2 2 1
115 -65.7785  23.9414   0.00  30.00 1 2 2 1
116 -75.1754  27.3616   0.00  30.00 1 2 2 1
117 -84.5723  30.7818   0.00  30.00 1 2 2 1
118 -60.0000   0.0000   0.00  10.00 1 2 4 2
119 -70.0000   0.0000   0.00  10.00 1 2 4 2
120 -80.0000   0.0000   0.00  10.00 1 2 4 2
121 -90.0000   0.0000   0.00  10.00 1 2 4 2
122 -56.3816 -20.5212   0.00  20.00 1 2 4 1
123 -65.7785 -23.9414   0.00  20.00 1 2 4 1
124 -75.1754 -27.3616   0.00  20.00 1 2 4 1
125 -84.5723 -30.7818   0.00  20.00 1 2 4 1
126 -45.9627 -38.5673   0.00  30.00 1 2 2 1
127 -53.6231 -44.9951   0.00  30.00 1 2 2 1
128 -61.2835 -51.4230   0.00  30.00 1 2 2 1
129 -68.9440 -57.8509   0.00  30.00 1 2 2 1
130 -30.0000 -51.9615   0.00  10.00 1 2 4 2
131 -35.0000 -60.6218   0.00  10.00 1 2 4 2
132 -40.0000 -69.2820   0.00  10.00 1 2 4 2
133 -45.0000 -77.9423   0.00  10.00 1 2 4 2
134 -10.4189 -59.0885   0.00  20.00 1 2 4 1
135 -12.1554 -68.9365   0.00  20.00 1 2 4 1
136 -13.8919 -78.7846   0.00  20.00 1 2 4 1
137 -15.6283 -88.6327   0.00  20.00 1 2 4 1
138  10.4189 -59.0885   0.00  30.00 1 2 2 1
139  12.1554 -68.9365   0.00  30.00 1 2 2 1
140  13.8919 -78.7846   0.00  30.00 1 2 2 1
141  15.6283 -88.6327   0.00  30.00 1 2 2 1
142  30.0000 -51.9615   0.00  10.00 1 2 4 2
143  35.0000 -60.6218   0.00  10.00 1 2 4 2
144  40.0000 -69.2820   0.00  10.00 1 2 4 2
145  45.0000 -77.9423   0.00  10.00 1 2 4 2
146  45.9627 -38.5672   0.00  20.00 1 2 4 1
147  53.6231 -44.9951   0.00  20.00 1 2 4 1
148  61.2836 -51.4230   0.00  20.00 1 2 4 1
149  68.9440 -57.8509   0.00  20.00 1 2 4 1
150  56.3816 -20.5212   0.00  30.00 1 2 2 1
151  65.7785 -23.9414   0.00  30.00 1 2 2 1
152  75.1754 -27.3616   0.00  30.00 1 2 2 1
153  84.5723 -30.7818   0.00  30.00 1 2 2 1
154  98.4808  17.3648   0.00  10.00 1 3 4 2 1
155  64.2788  76.6044   0.00  10.00 1 3 4 2 1
156   0.0000 100.0000   0.00  10.00 1 3 4 2 1
157 -64.2788  76.6044   0.00  10.00 1 3 4 2 1
158 -98.4808  17.3648   0.00  10.00 1 3 4 2 1
159 -86.6025 -50.0000   0.00  10.00 1 3 4 2 1
160 -34.2020 -93.9693   0.00  10.00 1 3 4 2 1
161  34.2020 -93.9693   0.00  10.00 1 3 4 2 1
162  86.6026 -50.0000   0.00  10.00 1 3 4 2 1
