3 8 216 3
0 150
0 200
0 250
  0   0.00   0.00   0.00   0.00 0 0 
  1  10.0000   0.0000   0.00  10.00 1 2 4 2
  2  20.0000   0.0000   0.00  10.00 1 2 4 2
  3  30.0000   0.0000   0.00  10.00 1 2 4 2
  4  40.0000   0.0000   0.00  10.00 1 2 4 2
  5   9.6593   2.5882   0.00  20.00 1 2 4 1
  6  19.3185   5.1764   0.00  20.00 1 2 4 1
  7  28.9778   7.7646   0.00  20.00 1 2 4 1
  8  38.6370  10.3528   0.00  20.00 1 2 4 1
  9   8.6603   5.0000   0.00  30.00 1 2 2 1
 10  17.3205  10.0000   0.00  30.00 1 2 2 1
 11  25.9808  15.0000   0.00  30.00 1 2 2 1
 12  34.6410  20.0000   0.00  30.00 1 2 2 1
 13   7.0711   7.0711   0.00  10.00 1 2 4 2
 14  14.1421  14.1421   0.00  10.00 1 2 4 2
 15  21.2132  21.2132   0.00  10.00 1 2 4 2
 16  28.2843  28.2843   0.00  10.00 1 2 4 2
 17   5.0000   8.6603   0.00  20.00 1 2 4 1
 18  10.0000  17.3205   0.00  20.00 1 2 4 1
 19  15.0000  25.9808   0.00  20.00 1 2 4 1
 20  20.0000  34.6410   0.00  20.00 1 2 4 1
 21   2.5882   9.6593   0.00  30.00 1 2 2 1
 22   5.1764  19.3185   0.00  30.00 1 2 2 1
 23   7.7646  28.9778   0.00  30.00 1 2 2 1
 24  10.3528  38.6370   0.00  30.00 1 2 2 1
 25   0.0000  10.0000   0.00  10.00 1 2 4 2
 26   0.0000  20.0000   0.00  10.00 1 2 4 2
 27   0.0000  30.0000   0.00  10.00 1 2 4 2
 28   0.0000  40.0000   0.00  10.00 1 2 4 2
 29  -2.5882   9.6593   0.00  20.00 1 2 4 1
 30  -5.1764  19.3185   0.00  20.00 1 2 4 1
 31  -7.7646  28.9778   0.00  20.00 1 2 4 1
 32 -10.3528  38.6370   0.00  20.00 1 2 4 1
 33  -5.0000   8.6603   0.00  30.00 1 2 2 1
 34 -10.0000  17.3205   0.00  30.00 1 2 2 1
 35 -15.0000  25.9808   0.00  30.00 1 2 2 1
 36 -20.0000  34.6410   0.00  30.00 1 2 2 1
 37  -7.0711   7.0711   0.00  10.00 1 2 4 2
 38 -14.1421  14.1421   0.00  10.00 1 2 4 2
 39 -21.2132  21.2132   0.00  10.00 1 2 4 2
 40 -28.2843  28.2843   0.00  10.00 1 2 4 2
 41  -8.6603   5.0000   0.00  20.00 1 2 4 1
 42 -17.3205  10.0000   0.00  20.00 1 2 4 1
 43 -25.9808  15.0000   0.00  20.00 1 2 4 1
 44 -34.6410  20.0000   0.00  20.00 1 2 4 1
 45  -9.6593   2.5882   0.00  30.00 1 2 2 1
 46 -19.3185   5.1764   0.00  30.00 1 2 2 1
 47 -28.9778   7.7646   0.00  30.00 1 2 2 1
 48 -38.6370  10.3528   0.00  30.00 1 2 2 1
 49 -10.0000   0.0000   0.00  10.00 1 2 4 2
 50 -20.0000   0.0000   0.00  10.00 1 2 4 2
 51 -30.0000   0.0000   0.00  10.00 1 2 4 2
 52 -40.0000   0.0000   0.00  10.00 1 2 4 2
 53  -9.6593  -2.5882   0.00  20.00 1 2 4 1
 54 -19.3185  -5.1764   0.00  20.00 1 2 4 1
 55 -28.9778  -7.7646   0.00  20.00 1 2 4 1
 56 -38.6370 -10.3528   0.00  20.00 1 2 4 1
 57  -8.6603  -5.0000   0.00  30.00 1 2 2 1
 58 -17.3205 -10.0000   0.00  30.00 1 2 2 1
 59 -25.9808 -15.0000   0.00  30.00 1 2 2 1
 60 -34.6410 -20.0000   0.00  30.00 1 2 2 1
 61  -7.0711  -7.0711   0.00  10.00 1 2 4 2
 62 -14.1421 -14.1421   0.00  10.00 1 2 4 2
 63 -21.2132 -21.2132   0.00  10.00 1 2 4 2
 64 -28.2843 -28.2843   0.00  10.00 1 2 4 2
 65  -5.0000  -8.6603   0.00  20.00 1 2 4 1
 66 -10.0000 -17.3205   0.00  20.00 1 2 4 1
 67 -15.0000 -25.9808   0.00  20.00 1 2 4 1
 68 -20.0000 -34.6410   0.00  20.00 1 2 4 1
 69  -2.5882  -9.6593   0.00  30.00 1 2 2 1
 70  -5.1764 -19.3185   0.00  30.00 1 2 2 1
 71  -7.7646 -28.9778   0.00  30.00 1 2 2 1
 72 -10.3528 -38.6370   0.00  30.00 1 2 2 1
 73   0.0000 -10.0000   0.00  10.00 1 2 4 2
 74   0.0000 -20.0000   0.00  10.00 1 2 4 2
 75   0.0000 -30.0000   0.00  10.00 1 2 4 2
 76   0.0000 -40.0000   0.00  10.00 1 2 4 2
 77   2.5882  -9.6593   0.00  20.00 1 2 4 1
 78   5.1764 -19.3185   0.00  20.00 1 2 4 1
 79   7.7646 -28.9778   0.00  20.00 1 2 4 1
 80  10.3528 -38.6370   0.00  20.00 1 2 4 1
 81   5.0000  -8.6603   0.00  30.00 1 2 2 1
 82  10.0000 -17.3205   0.00  30.00 1 2 2 1
 83  15.0000 -25.9808   0.00  30.00 1 2 2 1
 84  20.0000 -34.6410   0.00  30.00 1 2 2 1
 85   7.0711  -7.0711   0.00  10.00 1 2 4 2
 86  14.1421 -14.1421   0.00  10.00 1 2 4 2
 87  21.2132 -21.2132   0.00  10.00 1 2 4 2
 88  28.2843 -28.2843   0.00  10.00 1 2 4 2
 89   8.6603  -5.0000   0.00  20.00 1 2 4 1
 90  17.3205 -10.0000   0.00  20.00 1 2 4 1
 91  25.9808 -15.0000   0.00  20.00 1 2 4 1
 92  34.6410 -20.0000   0.00  20.00 1 2 4 1
 93   9.6593  -2.5882   0.00  30.00 1 2 2 1
 94  19.3185  -5.1764   0.00  30.00 1 2 2 1
 95  28.9778  -7.7646   0.00  30.00 1 2 2 1
 96  38.6370 -10.3528   0.00  30.00 1 2 2 1
 97  49.5722   6.5263   0.00  10.00 1 3 4 2 1
 98  39.6677  30.4381   0.00  10.00 1 3 4 2 1
 99  19.1342  46.1940   0.00  10.00 1 3 4 2 1
100  -6.5263  49.5722   0.00  10.00 1 3 4 2 1
101 -30.4381  39.6677   0.00  10.00 1 3 4 2 1
102 -46.1940  19.1342   0.00  10.00 1 3 4 2 1
103 -49.5722  -6.5263   0.00  10.00 1 3 4 2 1
104 -39.6677 -30.4381   0.00  10.00 1 3 4 2 1
105 -19.1342 -46.1940   0.00  10.00 1 3 4 2 1
106   6.5263 -49.5722   0.00  10.00 1 3 4 2 1
107  30.4381 -39.6677   0.00  10.00 1 3 4 2 1
108  46.1940 -19.1342   0.00  10.00 1 3 4 2 1
109  60.0000   0.0000   0.00  10.00 1 2 4 2
110  70.0000   0.0000   0.00  10.00 1 2 4 2
111  80.0000   0.0000   0.00  10.00 1 2 4 2
112  90.0000   0.0000   0.00  10.00 1 2 4 2
113  57.9556  15.5291   0.00  20.00 1 2 4 1
114  67.6148  18.1173   0.00  20.00 1 2 4 1
115  77.2741  20.7055   0.00  20.00 1 2 4 1
116  86.9333  23.2937   0.00  20.00 1 2 4 1
117  51.9615  30.0000   0.00  30.00 1 2 2 1
118  60.6218  35.0000   0.00  30.00 1 2 2 1
119  69.2820  40.0000   0.00  30.00 1 2 2 1
120  77.9423  45.0000   0.00  30.00 1 2 2 1
121  42.4264  42.4264   0.00  10.00 1 2 4 2
122  49.4975  49.4975   0.00  10.00 1 2 4 2
123  56.5685  56.5685   0.00  10.00 1 2 4 2
124  63.6396  63.6396   0.00  10.00 1 2 4 2
125  30.0000  51.9615   0.00  20.00 1 2 4 1
126  35.0000  60.6218   0.00  20.00 1 2 4 1
127  40.0000  69.2820   0.00  20.00 1 2 4 1
128  45.0000  77.9423   0.00  20.00 1 2 4 1
129  15.5291  57.9555   0.00  30.00 1 2 2 1
130  18.1173  67.6148   0.00  30.00 1 2 2 1
131  20.7055  77.2741   0.00  30.00 1 2 2 1
132  23.2937  86.9333   0.00  30.00 1 2 2 1
133   0.0000  60.0000   0.00  10.00 1 2 4 2
134   0.0000  70.0000   0.00  10.00 1 2 4 2
135   0.0000  80.0000   0.00  10.00 1 2 4 2
136   0.0000  90.0000   0.00  10.00 1 2 4 2
137 -15.5291  57.9555   0.00  20.00 1 2 4 1
138 -18.1173  67.6148   0.00  20.00 1 2 4 1
139 -20.7055  77.2741   0.00  20.00 1 2 4 1
140 -23.2937  86.9333   0.00  20.00 1 2 4 1
141 -30.0000  51.9615   0.00  30.00 1 2 2 1
142 -35.0000  60.6218   0.00  30.00 1 2 2 1
143 -40.0000  69.2820   0.00  30.00 1 2 2 1
144 -45.0000  77.9423   0.00  30.00 1 2 2 1
145 -42.4264  42.4264   0.00  10.00 1 2 4 2
146 -49.4975  49.4975   0.00  10.00 1 2 4 2
147 -56.5685  56.5685   0.00  10.00 1 2 4 2
148 -63.6396  63.6396   0.00  10.00 1 2 4 2
149 -51.9615  30.0000   0.00  20.00 1 2 4 1
150 -60.6218  35.0000   0.00  20.00 1 2 4 1
151 -69.2820  40.0000   0.00  20.00 1 2 4 1
152 -77.9423  45.0000   0.00  20.00 1 2 4 1
153 -57.9556  15.5291   0.00  30.00 1 2 2 1
154 -67.6148  18.1173   0.00  30.00 1 2 2 1
155 -77.2741  20.7055   0.00  30.00 1 2 2 1
156 -86.9333  23.2937   0.00  30.00 1 2 2 1
157 -60.0000   0.0000   0.00  10.00 1 2 4 2
158 -70.0000   0.0000   0.00  10.00 1 2 4 2
159 -80.0000   0.0000   0.00  10.00 1 2 4 2
160 -90.0000   0.0000   0.00  10.00 1 2 4 2
161 -57.9555 -15.5291   0.00  20.00 1 2 4 1
162 -67.6148 -18.1173   0.00  20.00 1 2 4 1
163 -77.2741 -20.7055   0.00  20.00 1 2 4 1
164 -86.9333 -23.2937   0.00  20.00 1 2 4 1
165 -51.9615 -30.0000   0.00  30.00 1 2 2 1
166 -60.6218 -35.0000   0.00  30.00 1 2 2 1
167 -69.2820 -40.0000   0.00  30.00 1 2 2 1
168 -77.9423 -45.0000   0.00  30.00 1 2 2 1
169 -42.4264 -42.4264   0.00  10.00 1 2 4 2
170 -49.4975 -49.4975   0.00  10.00 1 2 4 2
171 -56.5685 -56.5686   0.00  10.00 1 2 4 2
172 -63.6396 -63.6396   0.00  10.00 1 2 4 2
173 -30.0000 -51.9615   0.00  20.00 1 2 4 1
174 -35.0000 -60.6218   0.00  20.00 1 2 4 1
175 -40.0000 -69.2820   0.00  20.00 1 2 4 1
176 -45.0000 -77.9423   0.00  20.00 1 2 4 1
177 -15.5291 -57.9556   0.00  30.00 1 2 2 1
178 -18.1173 -67.6148   0.00  30.00 1 2 2 1
179 -20.7055 -77.2741   0.00  30.00 1 2 2 1
180 -23.2937 -86.9333   0.00  30.00 1 2 2 1
181   0.0000 -60.0000   0.00  10.00 1 2 4 2
182   0.0000 -70.0000   0.00  10.00 1 2 4 2
183   0.0000 -80.0000   0.00  10.00 1 2 4 2
184   0.0000 -90.0000   0.00  10.00 1 2 4 2
185  15.5292 -57.9556   0.00  20.00 1 2 4 1
186  18.1173 -67.6148   0.00  20.00 1 2 4 1
187  20.7055 -77.2741   0.00  20.00 1 2 4 1
188  23.2937 -86.9333   0.00  20.00 1 2 4 1
189  30.0000 -51.9615   0.00  30.00 1 2 2 1
190  35.0000 -60.6218   0.00  30.00 1 2 2 1
191  40.0000 -69.2820   0.00  30.00 1 2 2 1
192  45.0000 -77.9423   0.00  30.00 1 2 2 1
193  42.4264 -42.4264   0.00  10.00 1 2 4 2
194  49.4975 -49.4975   0.00  10.00 1 2 4 2
195  56.5686 -56.5685   0.00  10.00 1 2 4 2
196  63.6396 -63.6396   0.00  10.00 1 2 4 2
197  51.9615 -30.0000   0.00  20.00 1 2 4 1
198  60.6218 -35.0000   0.00  20.00 1 2 4 1
199  69.2820 -40.0000   0.00  20.00 1 2 4 1
200  77.9423 -45.0000   0.00  20.00 1 2 4 1
201  57.9556 -15.5291   0.00  30.00 1 2 2 1
202  67.6148 -18.1173   0.00  30.00 1 2 2 1
203  77.2741 -20.7055   0.00  30.00 1 2 2 1
204  86.9333 -23.2937   0.00  30.00 1 2 2 1
205  99.1445  13.0526   0.00  10.00 1 3 4 2 1
206  79.3353  60.8761   0.00  10.00 1 3 4 2 1
207  38.2683  92.3880   0.00  10.00 1 3 4 2 1
208 -13.0526  99.1445   0.00  10.00 1 3 4 2 1
209 -60.8761  79.3353   0.00  10.00 1 3 4 2 1
210 -92.3880  38.2683   0.00  10.00 1 3 4 2 1
211 -99.1445 -13.0526   0.00  10.00 1 3 4 2 1
212 -79.3353 -60.8762   0.00  10.00 1 3 4 2 1
213 -38.2683 -92.3880   0.00  10.00 1 3 4 2 1
214  13.0526 -99.1445   0.00  10.00 1 3 4 2 1
215  60.8762 -79.3353   0.00  10.00 1 3 4 2 1
216  92.3880 -38.2683   0.00  10.00 1 3 4 2 1
