3 10 270 3
0 150
0 200
0 250
  0   0.00   0.00   0.00   0.00 0 0 
  1  10.0000   0.0000   0.00  10.00 1 2 4 2
  2  20.0000   0.0000   0.00  10.00 1 2 4 2
  3  30.0000   0.0000   0.00  10.00 1 2 4 2
  4  40.0000   0.0000   0.00  10.00 1 2 4 2
  5   9.7815   2.0791   0.00  20.00 1 2 4 1
  6  19.5630   4.1582   0.00  20.00 1 2 4 1
  7  29.3444   6.2374   0.00  20.00 1 2 4 1
  8  39.1259   8.3165   0.00  20.00 1 2 4 1
  9   9.1355   4.0674   0.00  30.00 1 2 2 1
 10  18.2709   8.1347   0.00  30.00 1 2 2 1
 11  27.4064  12.2021   0.00  30.00 1 2 2 1
 12  36.5418  16.2695   0.00  30.00 1 2 2 1
 13   8.0902   5.8779   0.00  10.00 1 2 4 2
 14  16.1803  11.7557   0.00  10.00 1 2 4 2
 15  24.2705  17.6336   0.00  10.00 1 2 4 2
 16  32.3607  23.5114   0.00  10.00 1 2 4 2
 17   6.6913   7.4314   0.00  20.00 1 2 4 1
 18  13.3826  14.8629   0.00  20.00 1 2 4 1
 19  20.0739  22.2943   0.00  20.00 1 2 4 1
 20  26.7652  29.7258   0.00  20.00 1 2 4 1
 21   5.0000   8.6603   0.00  30.00 1 2 2 1
 22  10.0000  17.3205   0.00  30.00 1 2 2 1
 23  15.0000  25.9808   0.00  30.00 1 2 2 1
 24  20.0000  34.6410   0.00  30.00 1 2 2 1
 25   3.0902   9.5106   0.00  10.00 1 2 4 2
 26   6.1803  19.0211   0.00  10.00 1 2 4 2
 27   9.2705  28.5317   0.00  10.00 1 2 4 2
 28  12.3607  38.0423   0.00  10.00 1 2 4 2
 29   1.0453   9.9452   0.00  20.00 1 2 4 1
 30   2.0906  19.8904   0.00  20.00 1 2 4 1
 31   3.1359  29.8357   0.00  20.00 1 2 4 1
 32   4.1811  39.7809   0.00  20.00 1 2 4 1
 33  -1.0453   9.9452   0.00  30.00 1 2 2 1
 34  -2.0906  19.8904   0.00  30.00 1 2 2 1
 35  -3.1359  29.8357   0.00  30.00 1 2 2 1
 36  -4.1811  39.7809   0.00  30.00 1 2 2 1
 37  -3.0902   9.5106   0.00  10.00 1 2 4 2
 38  -6.1803  19.0211   0.00  10.00 1 2 4 2
 39  -9.2705  28.5317   0.00  10.00 1 2 4 2
 40 -12.3607  38.0423   0.00  10.00 1 2 4 2
 41  -5.0000   8.6603   0.00  20.00 1 2 4 1
 42 -10.0000  17.3205   0.00  20.00 1 2 4 1
 43 -15.0000  25.9808   0.00  20.00 1 2 4 1
 44 -20.0000  34.6410   0.00  20.00 1 2 4 1
 45  -6.6913   7.4314   0.00  30.00 1 2 2 1
 46 -13.3826  14.8629   0.00  30.00 1 2 2 1
 47 -20.0739  22.2943   0.00  30.00 1 2 2 1
 48 -26.7652  29.7258   0.00  30.00 1 2 2 1
 49  -8.0902   5.8779   0.00  10.00 1 2 4 2
 50 -16.1803  11.7557   0.00  10.00 1 2 4 2
 51 -24.2705  17.6336   0.00  10.00 1 2 4 2
 52 -32.3607  23.5114   0.00  10.00 1 2 4 2
 53  -9.1355   4.0674   0.00  20.00 1 2 4 1
 54 -18.2709   8.1347   0.00  20.00 1 2 4 1
 55 -27.4064  12.2021   0.00  20.00 1 2 4 1
 56 -36.5418  16.2695   0.00  20.00 1 2 4 1
 57  -9.7815   2.0791   0.00  30.00 1 2 2 1
 58 -19.5630   4.1582   0.00  30.00 1 2 2 1
 59 -29.3444   6.2373   0.00  30.00 1 2 2 1
 60 -39.1259   8.3165   0.00  30.00 1 2 2 1
 61 -10.0000   0.0000   0.00  10.00 1 2 4 2
 62 -20.0000   0.0000   0.00  10.00 1 2 4 2
 63 -30.0000   0.0000   0.00  10.00 1 2 4 2
 64 -40.0000   0.0000   0.00  10.00 1 2 4 2
 65  -9.7815  -2.0791   0.00  20.00 1 2 4 1
 66 -19.5630  -4.1582   0.00  20.00 1 2 4 1
 67 -29.3444  -6.2374   0.00  20.00 1 2 4 1
 68 -39.1259  -8.3165   0.00  20.00 1 2 4 1
 69  -9.1355  -4.0674   0.00  30.00 1 2 2 1
 70 -18.2709  -8.1347   0.00  30.00 1 2 2 1
 71 -27.4064 -12.2021   0.00  30.00 1 2 2 1
 72 -36.5418 -16.2695   0.00  30.00 1 2 2 1
 73  -8.0902  -5.8779   0.00  10.00 1 2 4 2
 74 -16.1803 -11.7557   0.00  10.00 1 2 4 2
 75 -24.2705 -17.6336   0.00  10.00 1 2 4 2
 76 -32.3607 -23.5114   0.00  10.00 1 2 4 2
 77  -6.6913  -7.4314   0.00  20.00 1 2 4 1
 78 -13.3826 -14.8629   0.00  20.00 1 2 4 1
 79 -20.0739 -22.2943   0.00  20.00 1 2 4 1
 80 -26.7652 -29.7258   0.00  20.00 1 2 4 1
 81  -5.0000  -8.6603   0.00  30.00 1 2 2 1
 82 -10.0000 -17.3205   0.00  30.00 1 2 2 1
 83 -15.0000 -25.9808   0.00  30.00 1 2 2 1
 84 -20.0000 -34.6410   0.00  30.00 1 2 2 1
 85  -3.0902  -9.5106   0.00  10.00 1 2 4 2
 86  -6.1803 -19.0211   0.00  10.00 1 2 4 2
 87  -9.2705 -28.5317   0.00  10.00 1 2 4 2
 88 -12.3607 -38.0423   0.00  10.00 1 2 4 2
 89  -1.0453  -9.9452   0.00  20.00 1 2 4 1
 90  -2.0906 -19.8904   0.00  20.00 1 2 4 1
 91  -3.1359 -29.8357   0.00  20.00 1 2 4 1
 92  -4.1811 -39.7809   0.00  20.00 1 2 4 1
 93   1.0453  -9.9452   0.00  30.00 1 2 2 1
 94   2.0906 -19.8904   0.00  30.00 1 2 2 1
 95   3.1359 -29.8357   0.00  30.00 1 2 2 1
 96   4.1812 -39.7809   0.00  30.00 1 2 2 1
 97   3.0902  -9.5106   0.00  10.00 1 2 4 2
 98   6.1803 -19.0211   0.00  10.00 1 2 4 2
 99   9.2705 -28.5317   0.00  10.00 1 2 4 2
100  12.3607 -38.0423   0.00  10.00 1 2 4 2
101   5.0000  -8.6603   0.00  20.00 1 2 4 1
102  10.0000 -17.3205   0.00  20.00 1 2 4 1
103  15.0000 -25.9808   0.00  20.00 1 2 4 1
104  20.0000 -34.6410   0.00  20.00 1 2 4 1
105   6.6913  -7.4314   0.00  30.00 1 2 2 1
106  13.3826 -14.8629   0.00  30.00 1 2 2 1
107  20.0739 -22.2943   0.00  30.00 1 2 2 1
108  26.7652 -29.7258   0.00  30.00 1 2 2 1
109   8.0902  -5.8778   0.00  10.00 1 2 4 2
110  16.1803 -11.7557   0.00  10.00 1 2 4 2
111  24.2705 -17.6335   0.00  10.00 1 2 4 2
112  32.3607 -23.5114   0.00  10.00 1 2 4 2
113   9.1355  -4.0674   0.00  20.00 1 2 4 1
114  18.2709  -8.1347   0.00  20.00 1 2 4 1
115  27.4064 -12.2021   0.00  20.00 1 2 4 1
116  36.5418 -16.2695   0.00  20.00 1 2 4 1
117   9.7815  -2.0791   0.00  30.00 1 2 2 1
118  19.5630  -4.1582   0.00  30.00 1 2 2 1
119  29.3444  -6.2374   0.00  30.00 1 2 2 1
120  39.1259  -8.3165   0.00  30.00 1 2 2 1
121  49.7261   5.2264   0.00  10.00 1 3 4 2 1
122  43.3013  25.0000   0.00  10.00 1 3 4 2 1
123  29.3893  40.4509   0.00  10.00 1 3 4 2 1
124  10.3956  48.9074   0.00  10.00 1 3 4 2 1
125 -10.3956  48.9074   0.00  10.00 1 3 4 2 1
126 -29.3893  40.4508   0.00  10.00 1 3 4 2 1
127 -43.3013  25.0000   0.00  10.00 1 3 4 2 1
128 -49.7261   5.2264   0.00  10.00 1 3 4 2 1
129 -47.5528 -15.4509   0.00  10.00 1 3 4 2 1
130 -37.1572 -33.4565   0.00  10.00 1 3 4 2 1
131 -20.3368 -45.6773   0.00  10.00 1 3 4 2 1
132   0.0000 -50.0000   0.00  10.00 1 3 4 2 1
133  20.3368 -45.6773   0.00  10.00 1 3 4 2 1
134  37.1572 -33.4565   0.00  10.00 1 3 4 2 1
135  47.5528 -15.4508   0.00  10.00 1 3 4 2 1
136  60.0000   0.0000   0.00  10.00 1 2 4 2
137  70.0000   0.0000   0.00  10.00 1 2 4 2
138  80.0000   0.0000   0.00  10.00 1 2 4 2
139  90.0000   0.0000   0.00  10.00 1 2 4 2
140  58.6889  12.4747   0.00  20.00 1 2 4 1
141  68.4703  14.5538   0.00  20.00 1 2 4 1
142  78.2518  16.6329   0.00  20.00 1 2 4 1
143  88.0333  18.7121   0.00  20.00 1 2 4 1
144  54.8127  24.4042   0.00  30.00 1 2 2 1
145  63.9482  28.4716   0.00  30.00 1 2 2 1
146  73.0836  32.5389   0.00  30.00 1 2 2 1
147  82.2191  36.6063   0.00  30.00 1 2 2 1
148  48.5410  35.2671   0.00  10.00 1 2 4 2
149  56.6312  41.1450   0.00  10.00 1 2 4 2
150  64.7214  47.0228   0.00  10.00 1 2 4 2
151  72.8115  52.9007   0.00  10.00 1 2 4 2
152  40.1478  44.5887   0.00  20.00 1 2 4 1
153  46.8391  52.0201   0.00  20.00 1 2 4 1
154  53.5304  59.4516   0.00  20.00 1 2 4 1
155  60.2218  66.8830   0.00  20.00 1 2 4 1
156  30.0000  51.9615   0.00  30.00 1 2 2 1
157  35.0000  60.6218   0.00  30.00 1 2 2 1
158  40.0000  69.2820   0.00  30.00 1 2 2 1
159  45.0000  77.9423   0.00  30.00 1 2 2 1
160  18.5410  57.0634   0.00  10.00 1 2 4 2
161  21.6312  66.5740   0.00  10.00 1 2 4 2
162  24.7214  76.0845   0.00  10.00 1 2 4 2
163  27.8115  85.5951   0.00  10.00 1 2 4 2
164   6.2717  59.6713   0.00  20.00 1 2 4 1
165   7.3170  69.6165   0.00  20.00 1 2 4 1
166   8.3623  79.5618   0.00  20.00 1 2 4 1
167   9.4076  89.5070   0.00  20.00 1 2 4 1
168  -6.2717  59.6713   0.00  30.00 1 2 2 1
169  -7.3170  69.6165   0.00  30.00 1 2 2 1
170  -8.3623  79.5618   0.00  30.00 1 2 2 1
171  -9.4076  89.5070   0.00  30.00 1 2 2 1
172 -18.5410  57.0634   0.00  10.00 1 2 4 2
173 -21.6312  66.5740   0.00  10.00 1 2 4 2
174 -24.7214  76.0845   0.00  10.00 1 2 4 2
175 -27.8115  85.5951   0.00  10.00 1 2 4 2
176 -30.0000  51.9615   0.00  20.00 1 2 4 1
177 -35.0000  60.6218   0.00  20.00 1 2 4 1
178 -40.0000  69.2820   0.00  20.00 1 2 4 1
179 -45.0000  77.9423   0.00  20.00 1 2 4 1
180 -40.1478  44.5887   0.00  30.00 1 2 2 1
181 -46.8391  52.0201   0.00  30.00 1 2 2 1
182 -53.5305  59.4516   0.00  30.00 1 2 2 1
183 -60.2218  66.8830   0.00  30.00 1 2 2 1
184 -48.5410  35.2671   0.00  10.00 1 2 4 2
185 -56.6312  41.1450   0.00  10.00 1 2 4 2
186 -64.7214  47.0228   0.00  10.00 1 2 4 2
187 -72.8115  52.9007   0.00  10.00 1 2 4 2
188 -54.8127  24.4042   0.00  20.00 1 2 4 1
189 -63.9482  28.4716   0.00  20.00 1 2 4 1
190 -73.0836  32.5389   0.00  20.00 1 2 4 1
191 -82.2191  36.6063   0.00  20.00 1 2 4 1
192 -58.6889  12.4747   0.00  30.00 1 2 2 1
193 -68.4703  14.5538   0.00  30.00 1 2 2 1
194 -78.2518  16.6329   0.00  30.00 1 2 2 1
195 -88.0333  18.7120   0.00  30.00 1 2 2 1
196 -60.0000   0.0000   0.00  10.00 1 2 4 2
197 -70.0000   0.0000   0.00  10.00 1 2 4 2
198 -80.0000   0.0000   0.00  10.00 1 2 4 2
199 -90.0000   0.0000   0.00  10.00 1 2 4 2
200 -58.6889 -12.4747   0.00  20.00 1 2 4 1
201 -68.4703 -14.5538   0.00  20.00 1 2 4 1
202 -78.2518 -16.6329   0.00  20.00 1 2 4 1
203 -88.0333 -18.7121   0.00  20.00 1 2 4 1
204 -54.8127 -24.4042   0.00  30.00 1 2 2 1
205 -63.9482 -28.4716   0.00  30.00 1 2 2 1
206 -73.0836 -32.5389   0.00  30.00 1 2 2 1
207 -82.2191 -36.6063   0.00  30.00 1 2 2 1
208 -48.5410 -35.2671   0.00  10.00 1 2 4 2
209 -56.6312 -41.1450   0.00  10.00 1 2 4 2
210 -64.7214 -47.0228   0.00  10.00 1 2 4 2
211 -72.8115 -52.9007   0.00  10.00 1 2 4 2
212 -40.1478 -44.5887   0.00  20.00 1 2 4 1
213 -46.8391 -52.0201   0.00  20.00 1 2 4 1
214 -53.5304 -59.4516   0.00  20.00 1 2 4 1
215 -60.2217 -66.8830   0.00  20.00 1 2 4 1
216 -30.0000 -51.9615   0.00  30.00 1 2 2 1
217 -35.0000 -60.6218   0.00  30.00 1 2 2 1
218 -40.0000 -69.2820   0.00  30.00 1 2 2 1
219 -45.0000 -77.9423   0.00  30.00 1 2 2 1
220 -18.5410 -57.0634   0.00  10.00 1 2 4 2
221 -21.6312 -66.5740   0.00  10.00 1 2 4 2
222 -24.7214 -76.0845   0.00  10.00 1 2 4 2
223 -27.8115 -85.5951   0.00  10.00 1 2 4 2
224  -6.2717 -59.6713   0.00  20.00 1 2 4 1
225  -7.3170 -69.6165   0.00  20.00 1 2 4 1
226  -8.3623 -79.5618   0.00  20.00 1 2 4 1
227  -9.4075 -89.5070   0.00  20.00 1 2 4 1
228   6.2717 -59.6713   0.00  30.00 1 2 2 1
229   7.3170 -69.6165   0.00  30.00 1 2 2 1
230   8.3623 -79.5618   0.00  30.00 1 2 2 1
231   9.4076 -89.5070   0.00  30.00 1 2 2 1
232  18.5410 -57.0634   0.00  10.00 1 2 4 2
233  21.6312 -66.5740   0.00  10.00 1 2 4 2
234  24.7214 -76.0845   0.00  10.00 1 2 4 2
235  27.8115 -85.5951   0.00  10.00 1 2 4 2
236  30.0000 -51.9615   0.00  20.00 1 2 4 1
237  35.0000 -60.6218   0.00  20.00 1 2 4 1
238  40.0000 -69.2820   0.00  20.00 1 2 4 1
239  45.0000 -77.9423   0.00  20.00 1 2 4 1
240  40.1478 -44.5887   0.00  30.00 1 2 2 1
241  46.8391 -52.0201   0.00  30.00 1 2 2 1
242  53.5305 -59.4516   0.00  30.00 1 2 2 1
243  60.2218 -66.8830   0.00  30.00 1 2 2 1
244  48.5410 -35.2671   0.00  10.00 1 2 4 2
245  56.6312 -41.1449   0.00  10.00 1 2 4 2
246  64.7214 -47.0228   0.00  10.00 1 2 4 2
247  72.8116 -52.9006   0.00  10.00 1 2 4 2
248  54.8127 -24.4042   0.00  20.00 1 2 4 1
249  63.9482 -28.4716   0.00  20.00 1 2 4 1
250  73.0836 -32.5389   0.00  20.00 1 2 4 1
251  82.2191 -36.6063   0.00  20.00 1 2 4 1
252  58.6889 -12.4747   0.00  30.00 1 2 2 1
253  68.4703 -14.5538   0.00  30.00 1 2 2 1
254  78.2518 -16.6329   0.00  30.00 1 2 2 1
255  88.0333 -18.7121   0.00  30.00 1 2 2 1
256  99.4522  10.4528   0.00  10.00 1 3 4 2 1
257  86.6025  50.0000   0.00  10.00 1 3 4 2 1
258  58.7785  80.9017   0.00  10.00 1 3 4 2 1
259  20.7912  97.8148   0.00  10.00 1 3 4 2 1
260 -20.7912  97.8148   0.00  10.00 1 3 4 2 1
261 -58.7785  80.9017   0.00  10.00 1 3 4 2 1
262 -86.6025  50.0000   0.00  10.00 1 3 4 2 1
263 -99.4522  10.4528   0.00  10.00 1 3 4 2 1
264 -95.1057 -30.9017   0.00  10.00 1 3 4 2 1
265 -74.3145 -66.9131   0.00  10.00 1 3 4 2 1
266 -40.6737 -91.3546   0.00  10.00 1 3 4 2 1
267   0.0000 -100.0000   0.00  10.00 1 3 4 2 1
268  40.6737 -91.3545   0.00  10.00 1 3 4 2 1
269  74.3145 -66.9130   0.00  10.00 1 3 4 2 1
270  95.1057 -30.9017   0.00  10.00 1 3 4 2 1
