3 9 209 3
0 150
0 200
0 250
  0  35.00  35.00   0.00   0.00 0 0 
  1  41.00  49.00   0.00  10.00 1 2 4 2
  2  35.00  17.00   0.00   7.00 1 3 4 2 1
  3  55.00  45.00   0.00  13.00 1 3 4 2 1
  4  55.00  20.00   0.00  19.00 1 3 4 2 1
  5  15.00  30.00   0.00  26.00 1 3 4 2 1
  6  25.00  30.00   0.00   3.00 1 2 4 2
  7  20.00  50.00   0.00   5.00 1 3 4 2 1
  8  10.00  43.00   0.00   9.00 1 3 4 2 1
  9  55.00  60.00   0.00  16.00 1 3 4 2 1
 10  30.00  60.00   0.00  16.00 1 3 4 2 1
 11  20.00  65.00   0.00  12.00 1 2 2 1
 12  50.00  35.00   0.00  19.00 1 2 4 2
 13  30.00  25.00   0.00  23.00 1 2 4 2
 14  15.00  10.00   0.00  20.00 1 2 2 1
 15  30.00   5.00   0.00   8.00 1 2 2 1
 16  10.00  20.00   0.00  19.00 1 3 4 2 1
 17   5.00  30.00   0.00   2.00 1 2 2 1
 18  20.00  40.00   0.00  12.00 1 2 4 2
 19  15.00  60.00   0.00  17.00 1 2 2 1
 20  45.00  65.00   0.00   9.00 1 3 4 2 1
 21  45.00  20.00   0.00  11.00 1 3 4 2 1
 22  45.00  10.00   0.00  18.00 1 3 4 2 1
 23  55.00   5.00   0.00  29.00 1 2 2 1
 24  65.00  35.00   0.00   3.00 1 3 4 2 1
 25  65.00  20.00   0.00   6.00 1 2 2 1
 26  45.00  30.00   0.00  17.00 1 2 4 2
 27  35.00  40.00   0.00  16.00 1 1 4
 28  41.00  37.00   0.00  16.00 1 1 4
 29  64.00  42.00   0.00   9.00 1 3 4 2 1
 30  40.00  60.00   0.00  21.00 1 3 4 2 1
 31  31.00  52.00   0.00  27.00 1 2 4 2
 32  35.00  69.00   0.00  23.00 1 2 2 1
 33  53.00  52.00   0.00  11.00 1 3 4 2 1
 34  65.00  55.00   0.00  14.00 1 2 2 1
 35  63.00  65.00   0.00   8.00 1 2 2 1
 36   2.00  60.00   0.00   5.00 1 1 1
 37  20.00  20.00   0.00   8.00 1 3 4 2 1
 38   5.00   5.00   0.00  16.00 1 1 1
 39  60.00  12.00   0.00  31.00 1 2 2 1
 40  40.00  25.00   0.00   9.00 1 2 4 2
 41  42.00   7.00   0.00   5.00 1 2 2 1
 42  24.00  12.00   0.00   5.00 1 3 4 2 1
 43  23.00   3.00   0.00   7.00 1 2 2 1
 44  11.00  14.00   0.00  18.00 1 2 2 1
 45   6.00  38.00   0.00  16.00 1 3 4 2 1
 46   2.00  48.00   0.00   1.00 1 2 2 1
 47   8.00  56.00   0.00  27.00 1 2 2 1
 48  13.00  52.00   0.00  36.00 1 3 4 2 1
 49   6.00  68.00   0.00  30.00 1 1 1
 50  47.00  47.00   0.00  13.00 1 2 4 2
 51  49.00  58.00   0.00  10.00 1 3 4 2 1
 52  27.00  43.00   0.00   9.00 1 2 4 2
 53  37.00  31.00   0.00  14.00 1 1 4
 54  57.00  29.00   0.00  18.00 1 3 4 2 1
 55  63.00  23.00   0.00   2.00 1 2 2 1
 56  53.00  12.00   0.00   6.00 1 3 4 2 1
 57  32.00  12.00   0.00   7.00 1 3 4 2 1
 58  36.00  26.00   0.00  18.00 1 2 4 2
 59  21.00  24.00   0.00  28.00 1 3 4 2 1
 60  17.00  34.00   0.00   3.00 1 3 4 2 1
 61  12.00  24.00   0.00  13.00 1 3 4 2 1
 62  24.00  58.00   0.00  19.00 1 3 4 2 1
 63  27.00  69.00   0.00  10.00 1 2 2 1
 64  15.00  77.00   0.00   9.00 1 1 1
 65  62.00  77.00   0.00  20.00 1 1 1
 66  49.00  73.00   0.00  25.00 1 2 2 1
 67  67.00   5.00   0.00  25.00 1 1 1
 68  56.00  39.00   0.00  36.00 1 3 4 2 1
 69  37.00  47.00   0.00   6.00 1 2 4 2
 70  37.00  56.00   0.00   5.00 1 3 4 2 1
 71  57.00  68.00   0.00  15.00 1 2 2 1
 72  47.00  16.00   0.00  25.00 1 3 4 2 1
 73  44.00  17.00   0.00   9.00 1 3 4 2 1
 74  46.00  13.00   0.00   8.00 1 3 4 2 1
 75  49.00  11.00   0.00  18.00 1 3 4 2 1
 76  49.00  42.00   0.00  13.00 1 2 4 2
 77  53.00  43.00   0.00  14.00 1 3 4 2 1
 78  61.00  52.00   0.00   3.00 1 3 4 2 1
 79  57.00  48.00   0.00  23.00 1 3 4 2 1
 80  56.00  37.00   0.00   6.00 1 3 4 2 1
 81  55.00  54.00   0.00  26.00 1 3 4 2 1
 82  15.00  47.00   0.00  16.00 1 3 4 2 1
 83  14.00  37.00   0.00  11.00 1 3 4 2 1
 84  11.00  31.00   0.00   7.00 1 3 4 2 1
 85  16.00  22.00   0.00  41.00 1 3 4 2 1
 86   4.00  18.00   0.00  35.00 1 2 2 1
 87  28.00  18.00   0.00  26.00 1 3 4 2 1
 88  26.00  52.00   0.00   9.00 1 3 4 2 1
 89  26.00  35.00   0.00  15.00 1 2 4 2
 90  31.00  67.00   0.00   3.00 1 3 4 2 1
 91  15.00  19.00   0.00   1.00 1 3 4 2 1
 92  22.00  22.00   0.00   2.00 1 3 4 2 1
 93  18.00  24.00   0.00  22.00 1 3 4 2 1
 94  26.00  27.00   0.00  27.00 1 2 4 2
 95  25.00  24.00   0.00  20.00 1 2 4 2
 96  22.00  27.00   0.00  11.00 1 2 4 2
 97  25.00  21.00   0.00  12.00 1 3 4 2 1
 98  19.00  21.00   0.00  10.00 1 3 4 2 1
 99  20.00  26.00   0.00   9.00 1 2 4 2
100  18.00  18.00   0.00  17.00 1 3 4 2 1
101  37.00  52.00   0.00   7.00 1 2 4 2
102  49.00  49.00   0.00  30.00 1 3 4 2 1
103  52.00  64.00   0.00  16.00 1 2 2 1
104  20.00  26.00   0.00   9.00 1 3 4 2 1
105  40.00  30.00   0.00  21.00 1 1 4
106  21.00  47.00   0.00  15.00 1 3 4 2 1
107  17.00  63.00   0.00  19.00 1 2 2 1
108  31.00  62.00   0.00  23.00 1 3 4 2 1
109  52.00  33.00   0.00  11.00 1 2 4 2
110  51.00  21.00   0.00   5.00 1 3 4 2 1
111  42.00  41.00   0.00  19.00 1 1 4
112  31.00  32.00   0.00  29.00 1 1 4
113   5.00  25.00   0.00  23.00 1 2 2 1
114  12.00  42.00   0.00  21.00 1 3 4 2 1
115  36.00  16.00   0.00  10.00 1 3 4 2 1
116  52.00  41.00   0.00  15.00 1 2 4 2
117  27.00  23.00   0.00   3.00 1 2 4 2
118  17.00  33.00   0.00  41.00 1 3 4 2 1
119  13.00  13.00   0.00   9.00 1 2 2 1
120  57.00  58.00   0.00  28.00 1 3 4 2 1
121  62.00  42.00   0.00   8.00 1 3 4 2 1
122  42.00  57.00   0.00   8.00 1 3 4 2 1
123  16.00  57.00   0.00  16.00 1 3 4 2 1
124   8.00  52.00   0.00  10.00 1 2 2 1
125   7.00  38.00   0.00  28.00 1 3 4 2 1
126  27.00  68.00   0.00   7.00 1 2 2 1
127  30.00  48.00   0.00  15.00 1 2 4 2
128  43.00  67.00   0.00  14.00 1 2 2 1
129  58.00  48.00   0.00   6.00 1 3 4 2 1
130  58.00  27.00   0.00  19.00 1 3 4 2 1
131  37.00  69.00   0.00  11.00 1 2 2 1
132  38.00  46.00   0.00  12.00 1 2 4 2
133  46.00  10.00   0.00  23.00 1 3 4 2 1
134  61.00  33.00   0.00  26.00 1 3 4 2 1
135  62.00  63.00   0.00  17.00 1 2 2 1
136  63.00  69.00   0.00   6.00 1 1 1
137  32.00  22.00   0.00   9.00 1 2 4 2
138  45.00  35.00   0.00  15.00 1 2 4 2
139  59.00  15.00   0.00  14.00 1 2 2 1
140   5.00   6.00   0.00   7.00 1 1 1
141  10.00  17.00   0.00  27.00 1 2 2 1
142  21.00  10.00   0.00  13.00 1 3 4 2 1
143   5.00  64.00   0.00  11.00 1 1 1
144  30.00  15.00   0.00  16.00 1 3 4 2 1
145  39.00  10.00   0.00  10.00 1 3 4 2 1
146  32.00  39.00   0.00   5.00 1 1 4
147  25.00  32.00   0.00  25.00 1 2 4 2
148  25.00  55.00   0.00  17.00 1 3 4 2 1
149  48.00  28.00   0.00  18.00 1 2 4 2
150  56.00  37.00   0.00  10.00 1 3 4 2 1
151  22.00  22.00   0.00  18.00 1 3 4 2 1
152  36.00  26.00   0.00  26.00 1 2 4 2
153  21.00  45.00   0.00  11.00 1 2 4 2
154  45.00  35.00   0.00  30.00 1 2 4 2
155  55.00  20.00   0.00  21.00 1 3 4 2 1
156  33.00  34.00   0.00  19.00 1 1 4
157  50.00  50.00   0.00  15.00 1 3 4 2 1
158  55.00  45.00   0.00  16.00 1 3 4 2 1
159  26.00  59.00   0.00  29.00 1 3 4 2 1
160  40.00  66.00   0.00  26.00 1 3 4 2 1
161  55.00  65.00   0.00  37.00 1 2 2 1
162  35.00  51.00   0.00  16.00 1 2 4 2
163  62.00  35.00   0.00  12.00 1 3 4 2 1
164  62.00  57.00   0.00  31.00 1 2 2 1
165  62.00  24.00   0.00   8.00 1 3 4 2 1
166  21.00  36.00   0.00  19.00 1 2 4 2
167  33.00  44.00   0.00  20.00 1 1 4
168   9.00  56.00   0.00  13.00 1 2 2 1
169  62.00  48.00   0.00  15.00 1 3 4 2 1
170  66.00  14.00   0.00  22.00 1 2 2 1
171  44.00  13.00   0.00  28.00 1 3 4 2 1
172  26.00  13.00   0.00  12.00 1 3 4 2 1
173  11.00  28.00   0.00   6.00 1 3 4 2 1
174   7.00  43.00   0.00  27.00 1 3 4 2 1
175  17.00  64.00   0.00  14.00 1 2 2 1
176  41.00  46.00   0.00  18.00 1 2 4 2
177  55.00  34.00   0.00  17.00 1 3 4 2 1
178  35.00  16.00   0.00  29.00 1 3 4 2 1
179  52.00  26.00   0.00  13.00 1 3 4 2 1
180  43.00  26.00   0.00  22.00 1 2 4 2
181  31.00  76.00   0.00  25.00 1 1 1
182  22.00  53.00   0.00  28.00 1 3 4 2 1
183  26.00  29.00   0.00  27.00 1 2 4 2
184  50.00  40.00   0.00  19.00 1 2 4 2
185  55.00  50.00   0.00  10.00 1 3 4 2 1
186  54.00  10.00   0.00  12.00 1 2 2 1
187  60.00  15.00   0.00  14.00 1 2 2 1
188  47.00  66.00   0.00  24.00 1 2 2 1
189  30.00  60.00   0.00  16.00 1 3 4 2 1
190  30.00  50.00   0.00  33.00 1 2 4 2
191  12.00  17.00   0.00  15.00 1 3 4 2 1
192  15.00  14.00   0.00  11.00 1 3 4 2 1
193  16.00  19.00   0.00  18.00 1 3 4 2 1
194  21.00  48.00   0.00  17.00 1 3 4 2 1
195  50.00  30.00   0.00  21.00 1 2 4 2
196  51.00  42.00   0.00  27.00 1 2 4 2
197  50.00  15.00   0.00  19.00 1 3 4 2 1
198  48.00  21.00   0.00  20.00 1 3 4 2 1
199  12.00  38.00   0.00   5.00 1 3 4 2 1
200  35.00  35.00   0.00 150.00 1 1 4
201  35.00  35.00   0.00 150.00 1 1 4
202  35.00  35.00   0.00 150.00 1 1 4
203  35.00  35.00   0.00 150.00 1 1 4
204  35.00  35.00   0.00 150.00 1 1 4
205  35.00  35.00   0.00 250.00 1 1 1
206  35.00  35.00   0.00 250.00 1 1 1
207  35.00  35.00   0.00 250.00 1 1 1
208  35.00  35.00   0.00 250.00 1 1 1
209  35.00  35.00   0.00 250.00 1 1 1
