3 3 122 3
0 150
0 200
0 250
  0  10.00  45.00   0.00   0.00 0 0 
  1  25.00   1.00   0.00  25.00 1 2 2 1
  2  25.00   3.00   0.00   7.00 1 3 4 2 1
  3  31.00   5.00   0.00  13.00 1 3 4 2 1
  4  32.00   5.00   0.00   6.00 1 3 4 2 1
  5  31.00   7.00   0.00  14.00 1 3 4 2 1
  6  32.00   9.00   0.00   5.00 1 3 4 2 1
  7  34.00   9.00   0.00  11.00 1 3 4 2 1
  8  46.00   9.00   0.00  19.00 1 3 4 2 1
  9  35.00   7.00   0.00   5.00 1 3 4 2 1
 10  34.00   6.00   0.00  15.00 1 3 4 2 1
 11  35.00   5.00   0.00  15.00 1 3 4 2 1
 12  47.00   6.00   0.00  17.00 1 3 4 2 1
 13  40.00   5.00   0.00  13.00 1 3 4 2 1
 14  39.00   3.00   0.00  12.00 1 3 4 2 1
 15  36.00   3.00   0.00  18.00 1 3 4 2 1
 16  73.00   6.00   0.00  13.00 1 3 4 2 1
 17  73.00   8.00   0.00  18.00 1 3 4 2 1
 18  24.00  36.00   0.00  12.00 1 2 4 2
 19  76.00   6.00   0.00  17.00 1 3 4 2 1
 20  76.00  10.00   0.00   4.00 1 3 4 2 1
 21  76.00  13.00   0.00   7.00 1 3 4 2 1
 22  78.00   3.00   0.00  12.00 1 3 4 2 1
 23  78.00   9.00   0.00  13.00 1 3 4 2 1
 24  79.00   3.00   0.00   8.00 1 2 2 1
 25  79.00   5.00   0.00  16.00 1 3 4 2 1
 26  79.00  11.00   0.00  15.00 1 3 4 2 1
 27  82.00   3.00   0.00   6.00 1 2 2 1
 28  82.00   7.00   0.00   5.00 1 3 4 2 1
 29  90.00  15.00   0.00   9.00 1 2 2 1
 30  84.00   3.00   0.00  11.00 1 2 2 1
 31  84.00   5.00   0.00  10.00 1 2 2 1
 32  84.00   9.00   0.00   3.00 1 3 4 2 1
 33  85.00   1.00   0.00   7.00 1 2 2 1
 34  87.00   5.00   0.00   2.00 1 2 2 1
 35  85.00   8.00   0.00   4.00 1 2 2 1
 36  87.00   7.00   0.00   4.00 1 2 2 1
 37  86.00  41.00   0.00  18.00 1 3 4 2 1
 38  86.00  44.00   0.00  14.00 1 3 4 2 1
 39  86.00  46.00   0.00  12.00 1 3 4 2 1
 40  85.00  55.00   0.00  17.00 1 3 4 2 1
 41  89.00  43.00   0.00  20.00 1 3 4 2 1
 42  89.00  46.00   0.00  14.00 1 3 4 2 1
 43  89.00  52.00   0.00  16.00 1 3 4 2 1
 44  92.00  42.00   0.00  10.00 1 3 4 2 1
 45  92.00  52.00   0.00   9.00 1 3 4 2 1
 46  94.00  42.00   0.00  11.00 1 3 4 2 1
 47  94.00  44.00   0.00   7.00 1 3 4 2 1
 48  94.00  48.00   0.00  13.00 1 3 4 2 1
 49  96.00  42.00   0.00   5.00 1 3 4 2 1
 50  99.00  46.00   0.00   4.00 1 2 2 1
 51  99.00  50.00   0.00  21.00 1 2 2 1
 52  83.00  80.00   0.00  13.00 1 2 2 1
 53  83.00  83.00   0.00  11.00 1 2 2 1
 54  85.00  85.00   0.00  12.00 1 2 2 1
 55  85.00  85.00   0.00  14.00 1 2 2 1
 56  85.00  85.00   0.00  10.00 1 2 2 1
 57  87.00  87.00   0.00   8.00 1 2 2 1
 58  87.00  87.00   0.00  16.00 1 2 2 1
 59  90.00  90.00   0.00  19.00 1 1 1
 60  90.00  90.00   0.00   5.00 1 1 1
 61  93.00  82.00   0.00  17.00 1 2 2 1
 62  93.00  84.00   0.00   7.00 1 1 1
 63  93.00  89.00   0.00  16.00 1 1 1
 64  94.00  86.00   0.00  14.00 1 1 1
 65  95.00  80.00   0.00  17.00 1 2 2 1
 66  99.00  89.00   0.00  13.00 1 1 1
 67  37.00  83.00   0.00  17.00 1 3 4 2 1
 68  50.00  80.00   0.00  13.00 1 3 4 2 1
 69  35.00  85.00   0.00  14.00 1 3 4 2 1
 70  35.00  87.00   0.00  16.00 1 2 2 1
 71  44.00  86.00   0.00   7.00 1 3 4 2 1
 72  46.00  89.00   0.00  13.00 1 3 4 2 1
 73  46.00  83.00   0.00   9.00 1 3 4 2 1
 74  46.00  87.00   0.00  11.00 1 3 4 2 1
 75  46.00  89.00   0.00  35.00 1 2 2 1
 76  48.00  83.00   0.00   5.00 1 3 4 2 1
 77  50.00  85.00   0.00  28.00 1 3 4 2 1
 78  50.00  88.00   0.00   7.00 1 3 4 2 1
 79  54.00  86.00   0.00   3.00 1 3 4 2 1
 80  54.00  90.00   0.00  10.00 1 2 2 1
 81  10.00  35.00   0.00   7.00 1 3 4 2 1
 82  10.00  40.00   0.00  12.00 1 3 4 2 1
 83  18.00  30.00   0.00  11.00 1 2 4 2
 84  17.00  35.00   0.00  10.00 1 2 4 2
 85  16.00  38.00   0.00   8.00 1 2 4 2
 86  14.00  40.00   0.00  11.00 1 3 4 2 1
 87  15.00  42.00   0.00  21.00 1 2 4 2
 88  11.00  42.00   0.00   4.00 1 3 4 2 1
 89  18.00  40.00   0.00  15.00 1 2 4 2
 90  21.00  39.00   0.00  16.00 1 2 4 2
 91  20.00  40.00   0.00   4.00 1 2 4 2
 92  18.00  41.00   0.00  16.00 1 2 4 2
 93  20.00  44.00   0.00   7.00 1 2 4 2
 94  22.00  44.00   0.00  10.00 1 2 4 2
 95  16.00  45.00   0.00   9.00 1 2 4 2
 96  20.00  45.00   0.00  11.00 1 2 4 2
 97  25.00  45.00   0.00  17.00 1 1 4
 98  30.00  55.00   0.00  12.00 1 2 4 2
 99  20.00  50.00   0.00  11.00 1 2 4 2
100  22.00  51.00   0.00   7.00 1 2 4 2
101  18.00  49.00   0.00   9.00 1 2 4 2
102  16.00  48.00   0.00  11.00 1 2 4 2
103  20.00  55.00   0.00  12.00 1 2 4 2
104  18.00  53.00   0.00   7.00 1 2 4 2
105  14.00  50.00   0.00   8.00 1 3 4 2 1
106  15.00  51.00   0.00   6.00 1 3 4 2 1
107  16.00  54.00   0.00   5.00 1 3 4 2 1
108  28.00  33.00   0.00  12.00 1 1 4
109  33.00  38.00   0.00  13.00 1 1 4
110  30.00  50.00   0.00   7.00 1 1 4
111  13.00  40.00   0.00   7.00 1 3 4 2 1
112  15.00  36.00   0.00   8.00 1 2 4 2
113  18.00  31.00   0.00  11.00 1 2 4 2
114  25.00  37.00   0.00  13.00 1 1 4
115  30.00  46.00   0.00  11.00 1 1 4
116  25.00  52.00   0.00  10.00 1 2 4 2
117  16.00  33.00   0.00   7.00 1 3 4 2 1
118  25.00  35.00   0.00   4.00 1 2 4 2
119   5.00  40.00   0.00  20.00 1 3 4 2 1
120   5.00  50.00   0.00  13.00 1 3 4 2 1
121  10.00  45.00   0.00 150.00 1 1 4
122  10.00  45.00   0.00 250.00 1 1 1
