3 4 102 3
0 150
0 200
0 250
  0  40.00  50.00   0.00   0.00 0 0 
  1  45.00  68.00   0.00  10.00 1 3 4 2 1
  2  45.00  70.00   0.00  30.00 1 3 4 2 1
  3  42.00  66.00   0.00  10.00 1 2 4 2
  4  42.00  68.00   0.00  10.00 1 3 4 2 1
  5  42.00  65.00   0.00  10.00 1 2 4 2
  6  40.00  69.00   0.00  20.00 1 3 4 2 1
  7  40.00  66.00   0.00  20.00 1 2 4 2
  8  38.00  68.00   0.00  20.00 1 3 4 2 1
  9  38.00  70.00   0.00  10.00 1 3 4 2 1
 10  35.00  66.00   0.00  10.00 1 2 4 2
 11  35.00  69.00   0.00  10.00 1 3 4 2 1
 12  25.00  85.00   0.00  20.00 1 2 2 1
 13  22.00  75.00   0.00  30.00 1 3 4 2 1
 14  22.00  85.00   0.00  10.00 1 2 2 1
 15  20.00  80.00   0.00  40.00 1 3 4 2 1
 16  20.00  85.00   0.00  40.00 1 2 2 1
 17  18.00  75.00   0.00  20.00 1 3 4 2 1
 18  15.00  75.00   0.00  20.00 1 3 4 2 1
 19  15.00  80.00   0.00  10.00 1 2 2 1
 20  30.00  50.00   0.00  10.00 1 1 4
 21  30.00  52.00   0.00  20.00 1 1 4
 22  28.00  52.00   0.00  20.00 1 1 4
 23  28.00  55.00   0.00  10.00 1 2 4 2
 24  25.00  50.00   0.00  10.00 1 2 4 2
 25  25.00  52.00   0.00  40.00 1 2 4 2
 26  23.00  55.00   0.00  10.00 1 2 4 2
 27  23.00  52.00   0.00  10.00 1 2 4 2
 28  23.00  55.00   0.00  20.00 1 2 4 2
 29  20.00  50.00   0.00  10.00 1 3 4 2 1
 30  20.00  55.00   0.00  10.00 1 3 4 2 1
 31  10.00  35.00   0.00  20.00 1 3 4 2 1
 32  10.00  40.00   0.00  30.00 1 3 4 2 1
 33   8.00  40.00   0.00  40.00 1 3 4 2 1
 34   8.00  45.00   0.00  20.00 1 3 4 2 1
 35   5.00  35.00   0.00  10.00 1 2 2 1
 36   5.00  45.00   0.00  10.00 1 3 4 2 1
 37   2.00  40.00   0.00  20.00 1 2 2 1
 38   0.00  40.00   0.00  30.00 1 2 2 1
 39   0.00  45.00   0.00  20.00 1 2 2 1
 40  35.00  30.00   0.00  10.00 1 3 4 2 1
 41  35.00  32.00   0.00  10.00 1 2 4 2
 42  33.00  32.00   0.00  20.00 1 2 4 2
 43  33.00  35.00   0.00  10.00 1 2 4 2
 44  32.00  30.00   0.00  10.00 1 3 4 2 1
 45  30.00  30.00   0.00  10.00 1 3 4 2 1
 46  30.00  32.00   0.00  30.00 1 3 4 2 1
 47  30.00  35.00   0.00  10.00 1 2 4 2
 48  28.00  30.00   0.00  10.00 1 3 4 2 1
 49  28.00  35.00   0.00  10.00 1 2 4 2
 50  26.00  32.00   0.00  10.00 1 3 4 2 1
 51  25.00  30.00   0.00  10.00 1 3 4 2 1
 52  25.00  35.00   0.00  10.00 1 3 4 2 1
 53  44.00   5.00   0.00  20.00 1 2 2 1
 54  42.00  10.00   0.00  40.00 1 3 4 2 1
 55  42.00  15.00   0.00  10.00 1 3 4 2 1
 56  40.00   5.00   0.00  30.00 1 2 2 1
 57  40.00  15.00   0.00  40.00 1 3 4 2 1
 58  38.00   5.00   0.00  30.00 1 2 2 1
 59  38.00  15.00   0.00  10.00 1 3 4 2 1
 60  35.00   5.00   0.00  20.00 1 2 2 1
 61  50.00  30.00   0.00  10.00 1 3 4 2 1
 62  50.00  35.00   0.00  20.00 1 2 4 2
 63  50.00  40.00   0.00  50.00 1 2 4 2
 64  48.00  30.00   0.00  10.00 1 3 4 2 1
 65  48.00  40.00   0.00  10.00 1 1 4
 66  47.00  35.00   0.00  10.00 1 2 4 2
 67  47.00  40.00   0.00  10.00 1 1 4
 68  45.00  30.00   0.00  10.00 1 3 4 2 1
 69  45.00  35.00   0.00  10.00 1 2 4 2
 70  95.00  30.00   0.00  30.00 1 1 1
 71  95.00  35.00   0.00  20.00 1 1 1
 72  53.00  30.00   0.00  10.00 1 3 4 2 1
 73  92.00  30.00   0.00  10.00 1 1 1
 74  53.00  35.00   0.00  50.00 1 3 4 2 1
 75  45.00  65.00   0.00  20.00 1 2 4 2
 76  90.00  35.00   0.00  10.00 1 1 1
 77  88.00  30.00   0.00  10.00 1 1 1
 78  88.00  35.00   0.00  20.00 1 2 2 1
 79  87.00  30.00   0.00  10.00 1 2 2 1
 80  85.00  25.00   0.00  10.00 1 2 2 1
 81  85.00  35.00   0.00  30.00 1 2 2 1
 82  75.00  55.00   0.00  20.00 1 3 4 2 1
 83  72.00  55.00   0.00  10.00 1 3 4 2 1
 84  70.00  58.00   0.00  20.00 1 3 4 2 1
 85  68.00  60.00   0.00  30.00 1 3 4 2 1
 86  66.00  55.00   0.00  10.00 1 3 4 2 1
 87  65.00  55.00   0.00  20.00 1 3 4 2 1
 88  65.00  60.00   0.00  30.00 1 3 4 2 1
 89  63.00  58.00   0.00  10.00 1 3 4 2 1
 90  60.00  55.00   0.00  10.00 1 3 4 2 1
 91  60.00  60.00   0.00  10.00 1 3 4 2 1
 92  67.00  85.00   0.00  20.00 1 2 2 1
 93  65.00  85.00   0.00  40.00 1 2 2 1
 94  65.00  82.00   0.00  10.00 1 2 2 1
 95  62.00  80.00   0.00  30.00 1 3 4 2 1
 96  60.00  80.00   0.00  10.00 1 3 4 2 1
 97  60.00  85.00   0.00  30.00 1 2 2 1
 98  58.00  75.00   0.00  20.00 1 3 4 2 1
 99  55.00  80.00   0.00  10.00 1 3 4 2 1
100  55.00  85.00   0.00  20.00 1 3 4 2 1
101  40.00  50.00   0.00 150.00 1 1 4
102  40.00  50.00   0.00 250.00 1 1 1
