4 32 983 1
0 3900
  0 150.900000 153.400000    0    0 0 0      0 1440
  1 158.140000 143.410000   81 1430 1 1 1  420 1080
  2 169.800000 172.800000   38  570 1 1 1  480  720
  3 197.970000 158.880000   36  526 1 1 1  420 1080
  4 197.900000 159.070000   34  495 1 1 1  480 1020
  5 170.680000 185.540000   34  482 1 1 1  420 1080
  6 155.330000 168.110000   30  414 1 1 1  420 1080
  7 171.050000 185.560000   29  394 1 1 1  540  660
  8 193.870000 174.970000   27  357 1 1 1  600  840
  9 153.660000 174.370000   27  350 1 1 1  420 1080
 10 185.540000 163.220000   27  345 1 1 1  420 1080
 11 193.870000 174.970000   26  337 1 1 1  420 1080
 12 193.480000 174.350000   26  335 1 1 1  600  720
 13 177.320000 167.660000   26  329 1 1 1  480 1080
 14 159.570000 146.170000   26  329 1 1 1  540  900
 15 151.560000 152.530000   24  299 1 1 1  450  570
 16 152.690000 162.440000   24  294 1 1 1  420 1080
 17 194.190000 175.120000   24  284 1 1 1  840 1080
 18 183.400000 170.650000   24  280 1 1 1  420 1080
 19 192.600000 155.620000   23  268 1 1 1  480 1080
 20 169.800000 172.800000   23  266 1 1 1  540  720
 21 149.280000 160.320000   23  265 1 1 1  420  660
 22 150.570000 156.900000   23  264 1 1 1  540  780
 23 155.310000 168.200000   23  261 1 1 1  480  720
 24 169.980000 172.330000   22  254 1 1 1  540  720
 25 144.620000 155.190000   22  244 1 1 1  540 1439
 26 159.650000 146.170000   22  241 1 1 1  540 1140
 27 162.550000 147.710000   22  240 1 1 1  540  705
 28 149.440000 145.390000   21  237 1 1 1  360  720
 29 154.780000 148.950000   21  230 1 1 1  420  780
 30 193.910000 175.440000   21  227 1 1 1  420 1080
 31 170.830000 185.780000   21  221 1 1 1  420  540
 32 171.100000 163.700000   21  220 1 1 1  420 1080
 33 175.440000 192.910000   21  220 1 1 1  480 1080
 34 169.980000 172.330000   20  215 1 1 1  540  960
 35 171.380000 185.880000   20  214 1 1 1  480 1080
 36 193.870000 174.970000   20  208 1 1 1  420 1080
 37 198.470000 170.950000   20  207 1 1 1  570 1170
 38 162.680000 147.830000   20  207 1 1 1  420  540
 39 151.000000 157.140000   20  206 1 1 1  420 1080
 40 154.020000 151.390000   20  203 1 1 1  420 1080
 41 163.070000 143.860000   20  201 1 1 1  360  600
 42 150.900000 153.400000   19  195 1 1 1  420 1080
 43 196.110000 159.090000   19  193 1 1 1  420 1080
 44 161.040000 148.390000   19  193 1 1 1  540  900
 45 157.120000 146.150000   19  193 1 1 1  480  600
 46 187.900000 162.000000   19  190 1 1 1  420 1080
 47 152.830000 153.710000   19  189 1 1 1  600  780
 48 169.670000 173.660000   19  189 1 1 1  480 1380
 49 181.000000 157.460000   19  186 1 1 1  420  900
 50 160.540000 160.150000   19  185 1 1 1  480  720
 51 172.120000 194.570000   19  184 1 1 1  540 1200
 52 202.740000 164.400000   19  183 1 1 1  720 1320
 53 169.660000 172.740000   19  183 1 1 1  480 1080
 54 159.580000 168.800000   19  181 1 1 1  540  780
 55 152.360000 158.990000   18  178 1 1 1  360 1200
 56 194.550000 175.260000   18  177 1 1 1  420 1080
 57 160.540000 160.150000   18  177 1 1 1  480  780
 58 187.850000 162.160000   18  173 1 1 1  600  900
 59 150.620000 156.770000   18  173 1 1 1  540  720
 60 149.730000 149.400000   18  173 1 1 1  540  720
 61 158.730000 162.860000   18  173 1 1 1  240 1080
 62 159.070000 163.830000   18  172 1 1 1  420 1080
 63 197.900000 159.070000   18  170 1 1 1  600 1140
 64 151.690000 157.880000   18  167 1 1 1  240  570
 65 170.580000 174.020000   18  166 1 1 1  360 1439
 66 162.370000 147.230000   18  163 1 1 1  420 1080
 67 156.700000 145.640000   18  160 1 1 1  480 1080
 68 192.960000 174.160000   18  160 1 1 1  420  660
 69 194.180000 175.040000   17  159 1 1 1  600  720
 70 169.640000 172.750000   17  157 1 1 1  540  900
 71 149.920000 160.180000   17  154 1 1 1  480 1080
 72 154.810000 185.160000   17  154 1 1 1  300  660
 73 171.330000 164.510000   17  153 1 1 1  480  720
 74 151.390000 159.960000   17  151 1 1 1  410  630
 75 192.170000 173.780000   17  150 1 1 1  480 1080
 76 149.870000 144.140000   17  150 1 1 1  180  810
 77 151.740000 157.530000   17  149 1 1 1  420  720
 78 193.890000 175.000000   17  148 1 1 1  600  900
 79 151.530000 154.490000   17  148 1 1 1  480 1380
 80 147.870000 156.090000   17  148 1 1 1  450  840
 81 150.350000 159.740000   17  147 1 1 1  390  720
 82 154.290000 162.670000   17  147 1 1 1  570  780
 83 171.070000 184.690000   17  144 1 1 1  360  690
 84 175.270000 182.320000   17  144 1 1 1  300  630
 85 152.660000 151.310000   17  144 1 1 1  540  840
 86 150.590000 156.540000   17  143 1 1 1  240  480
 87 150.230000 160.440000   17  143 1 1 1  540  720
 88 151.370000 161.020000   17  141 1 1 1  420  570
 89 154.020000 162.730000   17  140 1 1 1  420 1080
 90 151.610000 157.360000   16  139 1 1 1  450  720
 91 170.110000 186.590000   16  139 1 1 1  600  840
 92 186.080000 168.830000   16  138 1 1 1  420  540
 93 167.850000 158.850000   16  138 1 1 1  480 1080
 94 150.160000 156.700000   16  137 1 1 1  540  720
 95 172.100000 194.570000   16  137 1 1 1  480  780
 96 159.980000 153.850000   16  136 1 1 1  540 1020
 97 158.300000 154.530000   16  136 1 1 1  540  780
 98 149.280000 160.010000   16  135 1 1 1  360  720
 99 159.530000 181.420000   16  135 1 1 1  510  870
100 194.200000 175.030000   16  134 1 1 1  840  960
101 154.650000 137.660000   16  134 1 1 1  420  870
102 156.580000 144.230000   16  133 1 1 1  360 1080
103 155.640000 167.730000   16  133 1 1 1  480  720
104 176.220000 190.990000   16  133 1 1 1  660  840
105 187.900000 162.000000   16  133 1 1 1  540 1140
106 168.650000 176.580000   16  132 1 1 1  600 1260
107 193.850000 175.600000   16  132 1 1 1  600 1020
108 194.520000 175.430000   16  131 1 1 1  600  960
109 175.300000 171.610000   16  130 1 1 1  420 1080
110 150.540000 156.850000   16  130 1 1 1  420  540
111 177.020000 171.260000   16  130 1 1 1  660 1020
112 196.190000 171.330000   16  129 1 1 1  420  743
113 169.640000 172.710000   16  129 1 1 1  480  720
114 193.720000 174.460000   16  128 1 1 1  600 1050
115 197.770000 158.950000   16  126 1 1 1  540  960
116 156.230000 188.260000   16  126 1 1 1  420 1080
117 174.080000 157.130000   16  126 1 1 1  480 1140
118 162.370000 147.230000   16  126 1 1 1  330  600
119 194.080000 174.350000   16  125 1 1 1  625  975
120 193.790000 175.300000   16  125 1 1 1  600  720
121 194.180000 175.040000   16  125 1 1 1  840 1020
122 151.560000 152.530000   16  125 1 1 1  420  720
123 158.540000 178.140000   16  124 1 1 1  420 1080
124 159.070000 169.750000   16  124 1 1 1  600  840
125 152.630000 155.020000   16  123 1 1 1  720  840
126 151.230000 138.430000   16  122 1 1 1  360  720
127 187.820000 161.960000   16  122 1 1 1  480 1320
128 148.790000 159.570000   16  121 1 1 1  360 1200
129 159.700000 147.000000   16  121 1 1 1  540 1080
130 193.480000 174.350000   16  121 1 1 1  420 1080
131 150.870000 155.890000   16  120 1 1 1  300  690
132 179.030000 167.590000   16  120 1 1 1  540 1050
133 156.970000 161.140000   15  119 1 1 1  480 1380
134 174.660000 167.600000   15  119 1 1 1  600 1020
135 197.300000 159.690000   15  118 1 1 1  750  994
136 155.080000 144.800000   15  118 1 1 1  480 1320
137 171.570000 165.550000   15  118 1 1 1  540  720
138 175.300000 171.610000   15  117 1 1 1  600  840
139 193.340000 174.400000   15  117 1 1 1  420 1080
140 145.250000 158.770000   15  117 1 1 1  540  840
141 197.770000 158.950000   15  117 1 1 1  720 1080
142 159.020000 181.550000   15  116 1 1 1  360  600
143 152.650000 152.690000   15  116 1 1 1  420 1080
144 160.540000 160.150000   15  116 1 1 1  420 1080
145 173.990000 187.310000   15  116 1 1 1  420 1320
146 161.420000 152.690000   15  116 1 1 1  480 1080
147 194.120000 186.410000   15  115 1 1 1  780  960
148 197.050000 159.560000   15  115 1 1 1  420 1080
149 151.350000 159.780000   15  115 1 1 1  255  435
150 168.590000 189.690000   15  115 1 1 1  360 1320
151 177.070000 173.460000   15  114 1 1 1  480 1140
152 167.680000 171.100000   15  113 1 1 1  420  960
153 148.570000 162.000000   15  113 1 1 1  480 1080
154 192.050000 156.270000   15  113 1 1 1  480 1380
155 149.200000 160.150000   15  113 1 1 1  480  660
156 175.300000 171.610000   15  112 1 1 1  600 1080
157 171.370000 185.800000   15  112 1 1 1  480 1080
158 178.790000 157.630000   15  111 1 1 1  360 1320
159 187.900000 162.000000   15  111 1 1 1  600 1439
160 149.630000 159.140000   15  111 1 1 1  360 1020
161 194.170000 175.750000   15  110 1 1 1  420  600
162 146.520000 154.590000   15  110 1 1 1  540  840
163 151.310000 157.390000   15  110 1 1 1  420 1080
164 162.660000 146.930000   15  110 1 1 1  480  750
165 161.560000 168.890000   15  109 1 1 1  360  930
166 161.120000 169.280000   15  109 1 1 1  540  900
167 178.790000 157.630000   15  109 1 1 1  420 1080
168 156.440000 172.150000   15  108 1 1 1  540  780
169 171.130000 185.870000   15  108 1 1 1  540  720
170 194.180000 175.040000   15  108 1 1 1  540  720
171 161.340000 172.210000   15  107 1 1 1  420 1080
172 169.230000 162.120000   15  107 1 1 1  360  600
173 180.790000 186.550000   15  107 1 1 1  420 1080
174 175.880000 189.880000   15  106 1 1 1  540  660
175 188.850000 186.710000   15  106 1 1 1  420 1080
176 148.600000 139.070000   15  105 1 1 1  360 1080
177 168.360000 165.880000   15  105 1 1 1  630  870
178 160.770000 147.250000   15  104 1 1 1  360 1439
179 169.710000 199.160000   15  104 1 1 1  600 1320
180 197.900000 159.070000   15  103 1 1 1  870 1080
181 145.250000 158.770000   15  103 1 1 1  540 1080
182 150.540000 156.850000   15  102 1 1 1  600  720
183 148.130000 158.550000   15  102 1 1 1  300  540
184 194.260000 176.060000   15  102 1 1 1  600 1020
185 158.130000 151.380000   15  102 1 1 1  420  600
186 187.810000 161.970000   15  102 1 1 1  480 1080
187 149.410000 160.090000   15  101 1 1 1  600  720
188 155.540000 151.540000   15  101 1 1 1  480 1080
189 158.220000 159.100000   15  101 1 1 1  420  720
190 163.550000 180.500000   15  100 1 1 1  360 1080
191 157.120000 146.150000   15  100 1 1 1  630  780
192 150.620000 156.770000   15  100 1 1 1  420 1080
193 160.780000 174.300000   15  100 1 1 1  420 1080
194 164.640000 152.780000   15  100 1 1 1  660  840
195 175.440000 192.910000   15  100 1 1 1  720 1080
196 162.630000 147.830000   14   99 1 1 1  540  690
197 154.210000 163.660000   14   98 1 1 1  420 1080
198 151.230000 138.430000   14   98 1 1 1  480  720
199 175.520000 164.270000   14   98 1 1 1  540  840
200 154.780000 148.950000   14   98 1 1 1  420  780
201 151.540000 147.990000   14   97 1 1 1  540  900
202 171.640000 170.330000   14   97 1 1 1  480  840
203 151.560000 152.530000   14   97 1 1 1  360  705
204 169.820000 172.600000   14   96 1 1 1  600  960
205 159.250000 154.580000   14   96 1 1 1  480  780
206 172.010000 192.920000   14   96 1 1 1  600 1380
207 157.700000 155.630000   14   96 1 1 1  600  960
208 161.740000 166.830000   14   96 1 1 1  420 1080
209 173.920000 182.030000   14   96 1 1 1  300  720
210 174.710000 169.290000   14   96 1 1 1  420  720
211 154.150000 162.450000   14   96 1 1 1  540  840
212 171.100000 163.700000   14   95 1 1 1  420 1080
213 150.580000 161.560000   14   95 1 1 1  480  600
214 193.480000 174.350000   14   95 1 1 1  660  900
215 163.300000 171.350000   14   95 1 1 1  480 1080
216 154.950000 162.400000   14   94 1 1 1  360  840
217 159.560000 165.500000   14   94 1 1 1  540  900
218 169.880000 183.530000   14   94 1 1 1  600 1080
219 149.500000 155.520000   14   92 1 1 1  360  720
220 194.260000 175.280000   14   92 1 1 1  960 1020
221 169.710000 181.690000   14   92 1 1 1    0 1080
222 144.620000 155.190000   14   92 1 1 1  540  720
223 158.100000 146.480000   14   92 1 1 1  600  720
224 147.360000 159.370000   14   92 1 1 1  420 1080
225 156.640000 170.980000   14   92 1 1 1  480  720
226 158.370000 146.580000   14   91 1 1 1  480 1080
227 170.470000 185.680000   14   91 1 1 1    1  720
228 147.300000 166.180000   14   91 1 1 1  420 1080
229 147.100000 155.430000   14   90 1 1 1  420  540
230 193.870000 174.970000   14   90 1 1 1  420 1080
231 175.200000 171.730000   14   90 1 1 1  600  840
232 160.440000 154.000000   14   90 1 1 1  420 1080
233 170.580000 174.020000   14   89 1 1 1  540 1320
234 144.660000 155.800000   14   89 1 1 1  480 1080
235 154.590000 160.170000   14   89 1 1 1  540  780
236 149.730000 161.240000   14   89 1 1 1  360  690
237 171.600000 194.230000   14   89 1 1 1  660 1320
238 151.610000 157.360000   14   89 1 1 1  420 1080
239 153.620000 174.440000   14   89 1 1 1  360 1080
240 171.290000 186.130000   14   88 1 1 1  600  660
241 154.640000 162.870000   14   88 1 1 1  360 1080
242 197.210000 159.620000   14   88 1 1 1  600 1260
243 150.550000 156.860000   14   88 1 1 1  540  900
244 194.080000 175.300000   14   87 1 1 1  720 1080
245 203.380000 160.000000   14   87 1 1 1  600 1320
246 174.590000 194.290000   14   87 1 1 1  840 1439
247 170.830000 185.780000   14   87 1 1 1  480 1080
248 188.680000 196.150000   14   86 1 1 1  420 1430
249 163.790000 185.870000   14   86 1 1 1  420  960
250 146.100000 157.320000   14   86 1 1 1  540 1080
251 162.800000 152.810000   14   86 1 1 1  420 1080
252 158.500000 158.330000   14   86 1 1 1  600  840
253 150.960000 162.770000   14   86 1 1 1  480  660
254 153.330000 161.730000   14   85 1 1 1  570 1320
255 159.020000 148.060000   14   85 1 1 1  330  480
256 149.320000 162.540000   14   85 1 1 1  360 1320
257 169.950000 171.430000   14   84 1 1 1  480 1080
258 168.970000 194.710000   14   84 1 1 1  480  840
259 154.290000 162.670000   14   84 1 1 1  600  780
260 151.910000 139.970000   14   84 1 1 1  240  360
261 171.470000 185.770000   14   84 1 1 1  420  660
262 192.170000 173.780000   14   83 1 1 1  660 1080
263 167.430000 172.250000   14   83 1 1 1  540 1380
264 151.820000 157.650000   14   82 1 1 1  480  840
265 171.550000 160.660000   14   82 1 1 1  840 1020
266 155.750000 161.740000   14   81 1 1 1  420 1080
267 170.580000 174.020000   14   81 1 1 1  600 1320
268 170.490000 173.680000   14   81 1 1 1  480 1080
269 151.770000 160.450000   14   81 1 1 1  420 1080
270 163.390000 158.360000   14   81 1 1 1  420  840
271 148.790000 159.570000   14   81 1 1 1  540 1080
272 144.880000 166.610000   14   81 1 1 1  540  960
273 194.110000 175.220000   14   81 1 1 1  480  660
274 193.870000 174.970000   14   81 1 1 1  720 1080
275 206.570000 162.390000   14   81 1 1 1  600 1320
276 169.750000 172.780000   14   81 1 1 1  420 1080
277 152.720000 148.410000   14   80 1 1 1  480  690
278 193.340000 174.400000   14   80 1 1 1  420 1080
279 171.180000 170.300000   14   80 1 1 1  420 1080
280 156.850000 144.840000   14   80 1 1 1  420 1080
281 160.250000 156.460000   14   80 1 1 1  300  840
282 157.270000 158.780000   14   80 1 1 1  420  720
283 171.180000 170.300000   14   80 1 1 1  600 1080
284 154.590000 176.050000   14   80 1 1 1  180  720
285 150.870000 155.890000   14   80 1 1 1  360  780
286 188.320000 161.990000   13   79 1 1 1  480 1080
287 194.840000 175.060000   13   79 1 1 1  840 1140
288 153.200000 163.680000   13   79 1 1 1  480  720
289 149.320000 162.540000   13   79 1 1 1    1  720
290 169.030000 174.680000   13   79 1 1 1  420 1080
291 151.690000 154.250000   13   79 1 1 1  420 1080
292 153.220000 178.780000   13   79 1 1 1  480 1080
293 151.690000 154.250000   13   78 1 1 1  480 1080
294 158.520000 146.040000   13   78 1 1 1  720  900
295 193.790000 175.300000   13   78 1 1 1  420 1080
296 161.870000 146.840000   13   77 1 1 1  360  540
297 151.780000 154.240000   13   77 1 1 1  420 1080
298 167.540000 198.850000   13   77 1 1 1  660 1320
299 176.610000 192.160000   13   77 1 1 1  480 1080
300 176.670000 153.300000   13   77 1 1 1  420 1080
301 168.160000 160.830000   13   77 1 1 1  480  840
302 160.360000 177.560000   13   76 1 1 1  180  450
303 194.060000 174.360000   13   76 1 1 1  600 1080
304 170.180000 172.920000   13   76 1 1 1  420  780
305 171.380000 185.880000   13   76 1 1 1  420 1080
306 159.090000 153.430000   13   75 1 1 1  420 1080
307 150.600000 145.550000   13   75 1 1 1  420 1080
308 157.970000 145.530000   13   75 1 1 1  600  840
309 180.910000 186.640000   13   75 1 1 1  420 1080
310 187.900000 162.000000   13   75 1 1 1  600 1320
311 150.540000 169.450000   13   75 1 1 1  480  720
312 171.150000 185.540000   13   75 1 1 1  540  720
313 150.540000 169.450000   13   75 1 1 1    1 1439
314 150.540000 156.850000   13   75 1 1 1  420 1080
315 158.540000 146.550000   13   75 1 1 1  480  780
316 160.540000 160.150000   13   74 1 1 1  480  840
317 193.860000 175.400000   13   74 1 1 1  420 1080
318 160.470000 167.500000   13   74 1 1 1  300  900
319 158.920000 146.630000   13   74 1 1 1  480  780
320 187.900000 162.000000   13   74 1 1 1  420 1080
321 149.400000 159.920000   13   74 1 1 1  420  690
322 193.850000 175.600000   13   73 1 1 1  480 1080
323 161.870000 146.840000   13   73 1 1 1  480 1080
324 162.030000 148.860000   13   73 1 1 1  480  690
325 149.500000 155.520000   13   73 1 1 1  480 1200
326 149.280000 160.010000   13   73 1 1 1  480 1080
327 160.530000 152.060000   13   73 1 1 1  420 1080
328 163.030000 165.580000   13   73 1 1 1  420 1080
329 169.640000 172.750000   13   73 1 1 1  480 1080
330 149.730000 161.240000   13   73 1 1 1  420 1080
331 163.080000 169.350000   13   73 1 1 1  480 1080
332 176.260000 173.190000   13   72 1 1 1  840 1050
333 149.340000 140.340000   13   72 1 1 1  630  930
334 171.420000 186.260000   13   72 1 1 1  780  960
335 154.870000 168.230000   13   72 1 1 1  330  720
336 161.470000 179.870000   13   72 1 1 1  330  690
337 161.740000 152.690000   13   71 1 1 1  540  900
338 151.090000 150.120000   13   71 1 1 1  570  840
339 162.560000 147.720000   13   71 1 1 1  420 1080
340 176.850000 156.700000   13   71 1 1 1  420 1080
341 192.540000 186.780000   13   71 1 1 1  420 1080
342 163.550000 180.500000   13   71 1 1 1  420  720
343 150.550000 156.860000   13   70 1 1 1  510  690
344 167.880000 172.840000   13   70 1 1 1  420  900
345 200.100000 161.670000   13   70 1 1 1  480 1200
346 154.430000 152.620000   13   70 1 1 1  330 1080
347 175.540000 173.470000   13   69 1 1 1  600 1020
348 162.610000 147.910000   13   69 1 1 1  420 1080
349 165.750000 158.570000   13   69 1 1 1  720  840
350 156.850000 144.840000   13   69 1 1 1  420 1080
351 169.730000 172.740000   13   69 1 1 1  480  900
352 180.980000 157.530000   13   69 1 1 1  540  960
353 169.230000 162.120000   13   68 1 1 1  360  660
354 198.500000 186.670000   13   68 1 1 1  420 1080
355 151.960000 153.870000   13   68 1 1 1  360  480
356 182.720000 171.000000   13   67 1 1 1  480 1080
357 198.200000 183.080000   13   67 1 1 1  540 1320
358 156.770000 151.130000   13   67 1 1 1  420 1080
359 188.050000 162.060000   13   67 1 1 1  480 1080
360 159.650000 146.170000   13   66 1 1 1  540 1140
361 160.770000 147.250000   13   66 1 1 1  600 1380
362 150.260000 138.160000   13   66 1 1 1  540  840
363 144.620000 155.190000   13   66 1 1 1  420 1080
364 172.080000 175.650000   13   66 1 1 1  360  720
365 154.590000 146.200000   13   66 1 1 1  240 1320
366 152.410000 164.210000   13   65 1 1 1  420 1320
367 162.030000 148.860000   13   65 1 1 1  450 1080
368 161.910000 170.980000   13   65 1 1 1  840 1080
369 150.530000 156.760000   13   64 1 1 1  420  630
370 155.900000 145.980000   13   64 1 1 1  540 1080
371 150.080000 146.180000   13   64 1 1 1  420  960
372 169.830000 195.260000   13   64 1 1 1  480 1200
373 150.310000 137.880000   13   63 1 1 1  480 1080
374 164.320000 180.640000   13   63 1 1 1  480 1080
375 175.930000 165.590000   13   63 1 1 1  510  840
376 168.140000 166.900000   13   63 1 1 1  600  900
377 152.330000 152.390000   13   63 1 1 1  330  510
378 159.970000 166.850000   13   63 1 1 1  420  720
379 159.720000 146.970000   13   63 1 1 1  480  960
380 171.100000 163.610000   13   62 1 1 1  420  600
381 171.110000 185.980000   13   62 1 1 1  480 1080
382 151.080000 154.410000   13   62 1 1 1  420 1080
383 167.110000 186.200000   13   62 1 1 1  480  720
384 161.960000 148.230000   13   61 1 1 1  420 1080
385 193.930000 174.780000   13   61 1 1 1  900 1020
386 151.200000 154.620000   13   61 1 1 1  420  600
387 168.360000 165.880000   13   61 1 1 1  420 1080
388 150.540000 156.850000   13   61 1 1 1  480 1080
389 194.110000 175.220000   13   61 1 1 1  420 1080
390 170.490000 173.680000   13   61 1 1 1  420 1080
391 163.680000 198.120000   13   61 1 1 1  540  660
392 174.080000 157.130000   13   60 1 1 1  450 1200
393 150.620000 156.770000   13   60 1 1 1  360  720
394 194.450000 175.290000   13   60 1 1 1  840 1020
395 160.850000 166.400000   13   60 1 1 1  420 1080
396 188.760000 173.790000   13   60 1 1 1 1080 1390
397 155.390000 158.580000   13   60 1 1 1  480 1080
398 148.150000 138.210000   13   60 1 1 1  420 1080
399 150.670000 153.640000   13   60 1 1 1    1 1439
400 146.980000 155.440000   13   60 1 1 1  360  480
401 197.900000 159.070000   12   59 1 1 1  420 1080
402 162.030000 148.860000   12   59 1 1 1  450 1080
403 165.970000 171.780000   12   59 1 1 1  540 1080
404 150.910000 156.040000   12   59 1 1 1  390  600
405 159.740000 147.020000   12   59 1 1 1  360  660
406 154.310000 163.040000   12   59 1 1 1  480 1080
407 159.690000 145.900000   12   59 1 1 1  420  870
408 171.310000 185.730000   12   58 1 1 1  480  720
409 153.620000 180.350000   12   58 1 1 1  300  720
410 179.130000 157.240000   12   58 1 1 1  510 1080
411 155.840000 183.420000   12   58 1 1 1  420 1080
412 194.840000 175.060000   12   57 1 1 1  480 1080
413 156.870000 144.820000   12   57 1 1 1  240  840
414 187.830000 161.840000   12   57 1 1 1  420 1080
415 197.770000 158.950000   12   57 1 1 1  420 1080
416 145.060000 153.890000   12   57 1 1 1  480 1080
417 163.550000 180.500000   12   57 1 1 1  360  660
418 191.460000 194.500000   12   57 1 1 1  480 1080
419 150.160000 156.700000   12   57 1 1 1  540  780
420 156.920000 145.960000   12   57 1 1 1  360 1080
421 151.690000 154.250000   12   57 1 1 1  420  600
422 198.360000 158.860000   12   57 1 1 1  600 1140
423 162.030000 148.860000   12   56 1 1 1  420 1080
424 160.250000 156.460000   12   56 1 1 1  540  780
425 157.710000 164.980000   12   56 1 1 1  420 1080
426 148.270000 161.430000   12   56 1 1 1  420 1080
427 191.260000 155.990000   12   56 1 1 1  480 1080
428 149.150000 160.270000   12   55 1 1 1  360  810
429 172.010000 192.920000   12   55 1 1 1  480 1080
430 172.170000 186.500000   12   55 1 1 1  360  600
431 193.790000 175.300000   12   55 1 1 1  480 1080
432 193.850000 175.600000   12   55 1 1 1  840 1080
433 152.830000 153.710000   12   55 1 1 1  600  720
434 193.890000 175.440000   12   55 1 1 1  420 1080
435 156.700000 145.640000   12   54 1 1 1  300  660
436 171.470000 185.770000   12   54 1 1 1  480  720
437 149.920000 160.180000   12   54 1 1 1  540  720
438 143.930000 158.550000   12   54 1 1 1  540 1080
439 144.620000 155.190000   12   54 1 1 1  480 1080
440 149.430000 160.160000   12   54 1 1 1  480  780
441 157.620000 157.400000   12   54 1 1 1  540  900
442 149.570000 138.590000   12   54 1 1 1  600  900
443 151.540000 147.990000   12   53 1 1 1  480 1290
444 161.560000 168.870000   12   53 1 1 1  360  960
445 169.670000 172.700000   12   53 1 1 1  480  720
446 181.000000 157.460000   12   53 1 1 1  600 1080
447 158.400000 166.070000   12   53 1 1 1  360 1080
448 156.850000 144.840000   12   53 1 1 1  420 1080
449 170.760000 166.500000   12   53 1 1 1  480 1080
450 147.370000 161.220000   12   53 1 1 1  540  840
451 194.210000 175.000000   12   53 1 1 1  480 1080
452 149.330000 157.660000   12   53 1 1 1  420 1080
453 172.640000 178.560000   12   52 1 1 1  420 1080
454 162.350000 169.700000   12   52 1 1 1  480 1080
455 147.460000 140.950000   12   52 1 1 1  570  840
456 163.300000 171.350000   12   52 1 1 1  600  960
457 174.180000 193.500000   12   52 1 1 1  420 1080
458 193.340000 174.400000   12   52 1 1 1  480 1080
459 166.980000 161.090000   12   52 1 1 1  390  600
460 152.650000 152.690000   12   52 1 1 1  420 1200
461 151.690000 154.250000   12   52 1 1 1  540  720
462 158.380000 172.890000   12   52 1 1 1  480 1080
463 193.830000 175.660000   12   52 1 1 1  480 1080
464 158.230000 153.250000   12   52 1 1 1  420 1080
465 150.630000 156.890000   12   52 1 1 1  540  720
466 152.050000 156.300000   12   52 1 1 1  720 1080
467 150.590000 156.540000   12   51 1 1 1  510  840
468 151.130000 162.600000   12   51 1 1 1  420 1080
469 171.380000 185.880000   12   51 1 1 1  540  660
470 163.450000 180.570000   12   51 1 1 1  300  540
471 150.780000 161.940000   12   51 1 1 1  480 1080
472 159.390000 171.380000   12   51 1 1 1  360  900
473 150.900000 153.400000   12   51 1 1 1  420 1080
474 146.760000 165.380000   12   51 1 1 1  420 1080
475 172.320000 170.660000   12   50 1 1 1  360 1080
476 152.150000 162.000000   12   50 1 1 1  660 1020
477 178.040000 193.110000   12   50 1 1 1  900 1140
478 171.170000 162.180000   12   50 1 1 1  840 1200
479 152.070000 150.350000   12   50 1 1 1  420 1080
480 171.150000 185.540000   12   49 1 1 1  480 1080
481 194.260000 175.280000   12   49 1 1 1  420 1080
482 151.330000 153.630000   12   49 1 1 1  480 1080
483 159.340000 169.870000   12   49 1 1 1    1  780
484 148.040000 163.150000   12   49 1 1 1  480 1080
485 171.360000 185.930000   12   49 1 1 1  600  840
486 151.330000 153.630000   12   49 1 1 1  300  420
487 154.780000 148.950000   12   48 1 1 1  480 1080
488 151.370000 161.020000   12   48 1 1 1  480  720
489 157.470000 164.130000   12   48 1 1 1  420 1080
490 157.850000 163.460000   12   48 1 1 1  420  960
491 174.190000 163.710000   12   48 1 1 1  480 1080
492 188.670000 156.080000   12   48 1 1 1  480 1080
493 169.750000 172.780000   12   48 1 1 1  420 1080
494 150.530000 156.760000   12   48 1 1 1  390  630
495 160.280000 168.380000   12   47 1 1 1  360  960
496 162.660000 147.800000   12   47 1 1 1  480 1080
497 162.030000 148.860000   12   47 1 1 1  480  840
498 171.470000 185.770000   12   47 1 1 1  420 1080
499 148.450000 158.890000   12   47 1 1 1  360  840
500 168.620000 159.120000   12   47 1 1 1  540  720
501 159.700000 147.060000   12   47 1 1 1  420  600
502 172.940000 162.150000   12   47 1 1 1  720 1080
503 155.480000 144.120000   12   46 1 1 1  540 1320
504 162.630000 147.830000   12   46 1 1 1  420 1080
505 157.800000 150.680000   12   46 1 1 1  480 1080
506 171.140000 169.850000   12   46 1 1 1  420  840
507 202.580000 159.920000   12   46 1 1 1  480 1320
508 152.830000 153.710000   12   46 1 1 1  480 1080
509 148.130000 158.550000   12   46 1 1 1  420  720
510 150.570000 156.900000   12   45 1 1 1  420  660
511 149.330000 157.660000   12   45 1 1 1  420 1080
512 150.900000 153.400000   12   45 1 1 1  300 1080
513 156.910000 140.840000   12   45 1 1 1  300 1080
514 198.360000 158.860000   12   45 1 1 1  860 1113
515 200.100000 161.670000   12   45 1 1 1  595 1330
516 164.080000 171.750000   12   45 1 1 1  420 1080
517 144.620000 155.190000   12   44 1 1 1  420 1080
518 193.890000 175.000000   12   44 1 1 1  540  900
519 159.650000 146.170000   12   44 1 1 1  420 1080
520 152.160000 155.360000   12   44 1 1 1  420 1080
521 149.350000 161.490000   12   44 1 1 1  480 1080
522 155.510000 155.690000   12   44 1 1 1  840 1140
523 148.150000 141.300000   12   44 1 1 1  660  900
524 193.850000 175.600000   12   44 1 1 1  420 1080
525 180.880000 186.690000   12   44 1 1 1  600 1020
526 166.450000 160.160000   12   44 1 1 1  480 1080
527 194.010000 175.790000   12   44 1 1 1  840 1080
528 152.070000 150.350000   12   44 1 1 1  660  780
529 156.100000 150.070000   12   43 1 1 1  720 1080
530 193.790000 175.300000   12   43 1 1 1  540  960
531 150.550000 156.860000   12   43 1 1 1  420 1080
532 156.970000 150.110000   12   43 1 1 1  480  780
533 159.710000 147.020000   12   43 1 1 1  480 1080
534 163.250000 170.010000   12   43 1 1 1  420  720
535 162.080000 148.220000   12   43 1 1 1  420 1080
536 161.930000 148.580000   12   43 1 1 1  420 1080
537 194.080000 175.300000   12   43 1 1 1  480 1080
538 171.380000 185.880000   12   43 1 1 1  480  720
539 157.740000 167.560000   12   42 1 1 1  420 1080
540 156.260000 147.670000   12   42 1 1 1  420 1080
541 193.710000 174.410000   12   42 1 1 1  600 1020
542 163.070000 147.730000   12   42 1 1 1  420 1080
543 150.500000 157.350000   12   42 1 1 1  480  780
544 156.910000 140.840000   12   42 1 1 1  600  990
545 160.630000 160.810000   12   42 1 1 1  260  420
546 154.930000 150.510000   12   42 1 1 1  420 1080
547 152.090000 167.880000   12   42 1 1 1  360  600
548 177.750000 193.340000   12   42 1 1 1  480 1080
549 154.810000 150.360000   12   42 1 1 1  420 1080
550 160.770000 147.250000   12   42 1 1 1  420  720
551 161.530000 160.910000   12   42 1 1 1  300 1080
552 152.630000 155.020000   12   42 1 1 1  720  840
553 151.200000 162.440000   12   42 1 1 1  420 1080
554 161.270000 148.000000   12   42 1 1 1  420 1080
555 151.810000 160.430000   12   42 1 1 1  240  840
556 175.900000 189.570000   12   42 1 1 1  480  600
557 154.300000 171.420000   12   42 1 1 1  420 1080
558 152.390000 162.770000   12   42 1 1 1  420 1080
559 157.710000 164.980000   12   42 1 1 1  420 1080
560 160.500000 157.860000   12   42 1 1 1  540 1020
561 171.900000 194.450000   12   41 1 1 1  600 1200
562 188.680000 196.150000   12   41 1 1 1  420 1080
563 154.340000 156.600000   12   41 1 1 1  420 1080
564 177.750000 193.340000   12   41 1 1 1  480 1080
565 175.820000 189.580000   12   40 1 1 1  360  660
566 163.190000 155.250000   12   40 1 1 1  480 1080
567 175.110000 174.480000   12   40 1 1 1  720 1080
568 178.220000 157.530000   12   40 1 1 1  360 1320
569 160.540000 160.150000   12   40 1 1 1  480  780
570 157.510000 146.260000   12   40 1 1 1  660  900
571 169.830000 169.910000   12   40 1 1 1  420 1080
572 148.020000 144.400000   12   40 1 1 1  375  930
573 197.300000 159.690000   12   40 1 1 1  600 1140
574 154.380000 187.000000   11   39 1 1 1  480 1080
575 150.320000 137.940000   11   39 1 1 1  540  840
576 150.540000 169.450000   11   39 1 1 1  300  720
577 146.980000 155.440000   11   39 1 1 1  300 1080
578 159.840000 154.510000   11   39 1 1 1  480  810
579 152.580000 151.770000   11   38 1 1 1  300 1080
580 165.390000 195.460000   11   38 1 1 1  480 1080
581 181.000000 157.460000   11   38 1 1 1  420 1080
582 159.650000 146.170000   11   38 1 1 1  360 1439
583 159.970000 166.850000   11   38 1 1 1  360  540
584 151.390000 156.950000   11   38 1 1 1  420 1080
585 151.820000 155.410000   11   38 1 1 1  480 1080
586 154.170000 171.520000   11   37 1 1 1  420 1080
587 162.730000 149.650000   11   37 1 1 1  480 1080
588 165.810000 160.530000   11   37 1 1 1  420 1080
589 152.070000 150.350000   11   37 1 1 1  480 1080
590 151.960000 153.870000   11   37 1 1 1  360  780
591 157.500000 152.870000   11   37 1 1 1  420 1080
592 151.510000 154.550000   11   36 1 1 1  300 1080
593 150.550000 156.860000   11   36 1 1 1  540  720
594 181.000000 157.460000   11   36 1 1 1  420 1080
595 175.430000 156.090000   11   36 1 1 1  420 1080
596 193.830000 175.550000   11   36 1 1 1  900 1080
597 149.750000 161.250000   11   36 1 1 1  420 1080
598 193.340000 174.400000   11   36 1 1 1  420 1080
599 175.930000 165.590000   11   35 1 1 1  480  900
600 170.820000 186.340000   11   35 1 1 1  420 1080
601 161.800000 147.920000   11   35 1 1 1  420 1080
602 194.740000 195.860000   11   35 1 1 1  480 1080
603 196.890000 192.760000   11   35 1 1 1  420 1439
604 151.560000 152.530000   11   35 1 1 1  480 1080
605 161.420000 152.690000   11   35 1 1 1  480  720
606 156.640000 170.980000   11   35 1 1 1  360  720
607 193.810000 174.890000   11   35 1 1 1  480 1080
608 199.220000 173.690000   11   34 1 1 1  420 1080
609 198.130000 158.860000   11   34 1 1 1  480 1080
610 175.440000 192.910000   11   34 1 1 1  480  870
611 169.730000 172.480000   11   34 1 1 1  420 1080
612 171.700000 186.070000   11   34 1 1 1  480 1080
613 162.800000 165.600000   11   34 1 1 1  420 1080
614 193.830000 175.660000   11   34 1 1 1  420 1080
615 175.880000 189.880000   11   34 1 1 1  540  720
616 175.210000 171.680000   11   34 1 1 1  600  900
617 162.550000 147.320000   11   34 1 1 1  420  780
618 151.100000 160.750000   11   34 1 1 1  360 1080
619 170.110000 186.590000   11   34 1 1 1  540  720
620 197.210000 159.620000   11   33 1 1 1  420 1080
621 166.450000 160.160000   11   33 1 1 1  480  780
622 156.920000 145.960000   11   33 1 1 1  480 1200
623 170.840000 165.210000   11   33 1 1 1  480 1080
624 163.200000 155.230000   11   33 1 1 1  480 1080
625 150.000000 143.390000   11   33 1 1 1  420 1080
626 149.410000 160.120000   11   33 1 1 1  450  720
627 194.190000 175.120000   11   32 1 1 1  600  840
628 194.050000 175.630000   11   32 1 1 1  840 1020
629 149.770000 159.540000   11   32 1 1 1  420  540
630 148.120000 164.550000   11   32 1 1 1  540 1080
631 150.900000 153.400000   11   32 1 1 1  420 1080
632 150.480000 146.260000   11   31 1 1 1  480 1080
633 157.020000 164.220000   11   31 1 1 1  360 1020
634 150.540000 156.850000   11   31 1 1 1  420  660
635 150.760000 165.040000   11   31 1 1 1  450  870
636 193.790000 175.300000   11   31 1 1 1  480 1080
637 172.030000 175.580000   11   31 1 1 1  360 1080
638 144.580000 155.210000   11   31 1 1 1  660  900
639 162.350000 147.710000   11   31 1 1 1  480 1080
640 151.740000 157.530000   11   31 1 1 1  420 1080
641 151.330000 153.630000   11   31 1 1 1  420 1080
642 157.710000 164.980000   11   31 1 1 1  480 1080
643 151.230000 138.430000   11   30 1 1 1  480 1080
644 161.470000 179.870000   11   30 1 1 1  300 1080
645 169.930000 184.750000   11   30 1 1 1  900 1140
646 150.490000 157.400000   11   30 1 1 1  480 1140
647 158.140000 143.410000   11   30 1 1 1  480 1080
648 187.900000 162.000000   11   30 1 1 1  420 1080
649 171.450000 185.720000   11   30 1 1 1  420 1080
650 162.370000 147.230000   11   30 1 1 1  360  480
651 163.460000 180.580000   11   30 1 1 1  540 1050
652 151.230000 154.810000   11   29 1 1 1  540  840
653 162.630000 147.810000   11   29 1 1 1  420 1080
654 162.630000 147.830000   11   29 1 1 1  480 1080
655 151.540000 147.990000   11   28 1 1 1  420 1080
656 159.340000 168.090000   11   28 1 1 1  360  600
657 148.790000 159.570000   11   28 1 1 1  420 1080
658 152.410000 164.210000   11   28 1 1 1  420 1080
659 155.740000 147.580000   11   28 1 1 1  480 1080
660 150.330000 163.590000   11   28 1 1 1  420 1080
661 160.540000 160.150000   11   28 1 1 1  480 1080
662 168.180000 160.840000   11   28 1 1 1  420  660
663 144.570000 155.280000   11   28 1 1 1  420 1080
664 154.170000 163.000000   11   28 1 1 1  420 1080
665 165.580000 162.460000   11   28 1 1 1  360  600
666 193.850000 175.600000   11   28 1 1 1  480 1080
667 175.750000 154.040000   11   28 1 1 1  480 1080
668 151.380000 162.670000   11   28 1 1 1  420 1080
669 170.580000 174.020000   11   28 1 1 1  420 1080
670 152.380000 162.750000   11   28 1 1 1  420 1080
671 160.100000 148.740000   11   28 1 1 1  360 1200
672 150.530000 158.860000   11   28 1 1 1  240 1080
673 171.320000 185.830000   11   28 1 1 1  360  600
674 152.130000 159.710000   11   27 1 1 1  420 1080
675 161.220000 169.000000   11   27 1 1 1  420 1080
676 171.990000 194.100000   11   27 1 1 1  360  960
677 149.730000 149.400000   11   27 1 1 1  540 1439
678 154.020000 151.390000   11   26 1 1 1  480 1080
679 150.190000 150.410000   11   26 1 1 1  480 1080
680 161.340000 172.210000   11   26 1 1 1  540  900
681 193.810000 174.890000   11   26 1 1 1  480 1080
682 175.820000 189.580000   11   26 1 1 1  480 1080
683 174.050000 152.230000   11   26 1 1 1  420 1380
684 182.720000 171.000000   11   26 1 1 1  300  420
685 167.740000 166.660000   11   26 1 1 1  600  840
686 170.760000 166.500000   11   25 1 1 1  600  780
687 146.100000 157.320000   11   25 1 1 1  480  720
688 186.260000 187.470000   11   25 1 1 1  540 1320
689 162.090000 160.650000   11   25 1 1 1  360 1080
690 163.530000 152.060000   11   25 1 1 1  600  840
691 156.920000 145.740000   11   25 1 1 1  420 1080
692 170.690000 187.780000   11   25 1 1 1  600  780
693 149.280000 160.320000   11   25 1 1 1  480 1080
694 167.470000 169.650000   11   25 1 1 1  720 1020
695 194.840000 175.060000   11   25 1 1 1  480 1080
696 193.850000 175.600000   11   25 1 1 1  480 1080
697 166.420000 168.130000   11   24 1 1 1  480 1080
698 151.800000 154.830000   11   24 1 1 1  420 1080
699 199.680000 164.340000   11   24 1 1 1  660 1140
700 151.490000 154.540000   11   24 1 1 1  480 1080
701 170.760000 166.500000   11   24 1 1 1  720 1020
702 163.600000 178.650000   11   24 1 1 1  420 1080
703 153.620000 180.350000   11   24 1 1 1  360  720
704 155.300000 168.150000   11   24 1 1 1  420  660
705 162.110000 148.870000   11   24 1 1 1  420 1080
706 150.620000 156.770000   11   24 1 1 1  480 1080
707 153.770000 149.300000   11   23 1 1 1  420 1080
708 150.160000 156.700000   11   23 1 1 1  480 1080
709 146.760000 165.380000   11   23 1 1 1  540  900
710 175.300000 171.610000   11   23 1 1 1  420 1080
711 152.650000 152.690000   11   23 1 1 1  420 1080
712 194.740000 195.860000   11   23 1 1 1  360 1439
713 154.780000 151.100000   11   23 1 1 1  390 1080
714 163.070000 148.910000   11   23 1 1 1  420  750
715 157.740000 146.310000   11   23 1 1 1  420 1080
716 196.210000 173.880000   11   22 1 1 1  480 1080
717 166.670000 168.300000   11   22 1 1 1  420 1080
718 146.980000 155.440000   11   22 1 1 1  420 1080
719 147.360000 159.370000   11   21 1 1 1  480 1080
720 199.680000 164.340000   11   21 1 1 1  420 1080
721 154.300000 171.420000   11   21 1 1 1  480  900
722 193.420000 196.100000   11   21 1 1 1  420 1080
723 150.540000 156.850000   11   21 1 1 1  360 1080
724 151.560000 152.530000   11   20 1 1 1  360  780
725 148.400000 166.110000   11   20 1 1 1  420 1380
726 194.200000 175.030000   11   20 1 1 1  420 1080
727 156.850000 144.840000   11   20 1 1 1  480 1080
728 148.600000 139.070000   11   20 1 1 1  420 1080
729 161.860000 144.120000   11   20 1 1 1  420 1080
730 151.680000 156.130000   11   20 1 1 1  480 1080
731 193.790000 175.300000   11   20 1 1 1  600 1080
732 155.330000 168.110000   11   20 1 1 1  420 1080
733 196.360000 160.380000   10   19 1 1 1  480 1213
734 151.780000 154.240000   10   19 1 1 1  420 1080
735 151.780000 154.240000   10   19 1 1 1  420 1080
736 149.560000 156.860000   10   19 1 1 1  420 1080
737 150.700000 156.860000   10   18 1 1 1  420 1080
738 197.900000 159.070000   10   18 1 1 1  420 1080
739 151.990000 153.850000   10   18 1 1 1  360 1080
740 162.320000 166.570000   10   18 1 1 1  480  720
741 181.000000 157.460000   10   18 1 1 1  420 1080
742 150.540000 156.850000   10   18 1 1 1  420  540
743 145.080000 160.160000   10   18 1 1 1  420  840
744 193.790000 175.300000   10   17 1 1 1  420 1080
745 172.120000 194.570000   10   17 1 1 1  480 1080
746 150.620000 156.770000   10   17 1 1 1  420 1080
747 151.510000 154.550000   10   17 1 1 1  360  780
748 152.050000 156.070000   10   17 1 1 1  420 1080
749 171.180000 170.300000   10   17 1 1 1  360  480
750 151.780000 154.240000   10   16 1 1 1  420 1080
751 169.750000 172.780000   10   16 1 1 1    0  720
752 145.430000 155.020000   10   16 1 1 1  480 1080
753 167.870000 186.100000   10   16 1 1 1  480 1080
754 151.640000 163.160000   10   16 1 1 1  420  660
755 152.690000 139.640000   10   15 1 1 1  300 1080
756 145.030000 154.750000   10   15 1 1 1  390  540
757 149.190000 161.210000   10   15 1 1 1  480  720
758 147.460000 140.950000   10   15 1 1 1  420 1080
759 161.540000 168.790000   10   15 1 1 1  420 1080
760 197.900000 159.070000   10   15 1 1 1  600 1020
761 151.530000 145.730000   10   15 1 1 1  540 1320
762 192.960000 174.160000   10   15 1 1 1  420 1080
763 148.790000 159.570000   10   14 1 1 1  420 1080
764 148.790000 159.570000   10   14 1 1 1  420 1080
765 153.420000 163.070000   10   14 1 1 1  420 1080
766 151.000000 163.830000   10   14 1 1 1  420 1080
767 150.300000 157.260000   10   14 1 1 1  420 1080
768 147.940000 161.310000   10   14 1 1 1  420  900
769 152.230000 163.810000   10   14 1 1 1  420 1080
770 155.460000 151.190000   10   14 1 1 1  420 1080
771 153.960000 162.780000   10   14 1 1 1  420 1080
772 194.080000 175.300000   10   14 1 1 1  480 1080
773 154.150000 163.670000   10   14 1 1 1  420 1080
774 154.170000 163.000000   10   14 1 1 1  420 1080
775 159.650000 146.170000   10   14 1 1 1  540  900
776 151.540000 164.650000   10   13 1 1 1  420 1080
777 156.430000 168.430000   10   13 1 1 1  540  660
778 152.580000 151.770000   10   13 1 1 1  420 1080
779 171.420000 186.260000   10   13 1 1 1  420 1080
780 152.930000 161.280000   10   13 1 1 1  390 1080
781 147.370000 161.220000   10   13 1 1 1  420 1080
782 160.470000 167.500000   10   13 1 1 1  420 1080
783 197.300000 159.690000   10   12 1 1 1  420 1080
784 149.890000 156.880000   10   12 1 1 1  420  600
785 197.300000 159.690000   10   12 1 1 1  420 1080
786 176.220000 190.990000   10   11 1 1 1  480 1080
787 176.220000 190.990000   10   11 1 1 1  480 1080
788 196.840000 172.500000   10   10 1 1 1  420  665
789 151.000000 157.140000   10   10 1 1 1  420 1080
790 176.220000 190.990000   10   10 1 1 1  480 1080
791 162.660000 146.930000   10    9 1 1 1  480  780
792 154.960000 149.810000   10    9 1 1 1  480 1080
793 185.540000 163.220000   10    8 1 1 1  420 1080
794 146.990000 145.840000   10    8 1 1 1  420 1080
795 194.080000 175.300000   10    7 1 1 1  480 1080
796 155.680000 140.180000   10    7 1 1 1  420 1080
797 162.390000 147.690000   10    7 1 1 1  420 1080
798 151.250000 154.590000   10    6 1 1 1  420 1080
799 147.410000 166.840000   10    6 1 1 1  420 1080
800 150.840000 155.200000   10    5 1 1 1  420 1080
801 165.750000 158.570000   10    5 1 1 1  540  900
802 162.300000 170.710000   10    5 1 1 1  420 1080
803 154.290000 162.670000   10    4 1 1 1  480 1080
804 187.520000 175.120000   10    4 1 1 1  420 1080
805 151.560000 152.530000   10    4 1 1 1  420 1080
806 169.950000 171.430000   10    4 1 1 1  420 1080
807 149.250000 150.760000   10    4 1 1 1  600  900
808 162.610000 147.910000   10    2 1 1 1  360  780
809 165.390000 195.460000   10    2 1 1 1  420 1080
810 161.420000 152.690000   10    2 1 1 1  480  720
811 171.700000 186.070000   10    2 1 1 1  420 1080
812 171.360000 185.930000   10    1 1 1 1  420 1080
813 156.850000 144.840000   10    1 1 1 1  420 1080
814 159.560000 146.180000   10    1 1 1 1  420 1080
815 150.900000 153.400000   10    0 1 1 1  420 1080
816 151.250000 154.590000   10    0 1 1 1  420 1080
817 151.480000 154.500000   10    0 1 1 1  420 1080
818 150.540000 156.850000   10    0 1 1 1  480 1080
819 150.900000 153.400000   10    0 1 1 1  420 1080
820 171.310000 185.730000   10   15 1 1 1  450  660
821 169.750000 172.780000   10   14 1 1 1  420  600
822 168.160000 160.830000   11   24 1 1 1  420 1080
823 162.550000 147.710000   15  104 1 1 1  360  600
824 150.540000 156.850000   26  326 1 1 1  420  540
825 176.160000 193.010000   16  130 1 1 1  780  960
826 155.460000 159.970000   14   84 1 1 1  420  660
827 155.230000 175.750000   12   57 1 1 1  180  660
828 158.260000 179.250000   13   60 1 1 1  540  780
829 149.810000 156.800000   11   30 1 1 1  420  660
830 151.530000 154.490000   14   92 1 1 1  420  600
831 149.330000 160.040000   14   85 1 1 1  450  540
832 149.410000 160.120000   20  209 1 1 1  435  600
833 193.900000 175.400000   45  700 1 1 1  480  600
834 150.540000 156.850000   29  386 1 1 1  420  600
835 171.990000 194.100000   14   91 1 1 1  390  870
836 172.120000 194.570000   10    9 1 1 1  480 1080
837 175.750000 189.280000   20  217 1 1 1  510  720
838 176.220000 190.990000   12   45 1 1 1  600  780
839 176.220000 190.990000   24  284 1 1 1  720  900
840 163.550000 180.500000   10    6 1 1 1    1 1439
841 163.610000 180.620000   31  434 1 1 1  360  480
842 163.450000 180.710000   16  133 1 1 1  480  900
843 163.610000 180.620000   18  173 1 1 1  420  720
844 155.600000 186.920000   10    0 1 1 1  360  480
845 171.470000 185.770000   17  143 1 1 1  510  660
846 171.380000 185.880000   14   95 1 1 1  540  720
847 171.380000 185.880000   19  181 1 1 1  480  900
848 188.220000 185.600000   13   69 1 1 1  720 1020
849 193.550000 195.610000   11   26 1 1 1  360 1350
850 169.640000 172.710000   16  130 1 1 1    0 1080
851 169.750000 172.780000   15  101 1 1 1  360  720
852 169.800000 172.800000   17  151 1 1 1  720  840
853 169.750000 172.780000   13   66 1 1 1  540  900
854 194.260000 175.280000   23  264 1 1 1  540  720
855 193.790000 175.300000   18  173 1 1 1  840 1080
856 193.870000 174.970000   44  698 1 1 1  600  840
857 153.040000 154.070000   17  146 1 1 1  420  690
858 154.180000 155.740000   15  108 1 1 1  420  840
859 161.540000 168.790000   12   53 1 1 1  480  900
860 161.120000 169.280000   13   66 1 1 1   60  840
861 162.350000 169.670000   13   72 1 1 1  630  840
862 163.080000 169.350000   11   30 1 1 1  360  720
863 168.250000 160.890000   19  191 1 1 1  480  660
864 169.030000 158.720000   23  262 1 1 1  480  720
865 172.320000 159.950000   10   17 1 1 1  600  960
866 193.870000 174.970000   31  424 1 1 1  540  780
867 162.550000 147.710000   17  158 1 1 1  420  660
868 194.410000 174.280000   16  127 1 1 1  600 1020
869 160.780000 174.300000   22  255 1 1 1  360 1380
870 153.590000 174.350000   14   88 1 1 1  390  870
871 154.300000 171.420000   12   49 1 1 1  600  840
872 151.800000 160.460000   11   22 1 1 1  360  480
873 154.000000 156.860000   15  102 1 1 1  480 1320
874 192.960000 174.160000   11   32 1 1 1  705 1130
875 149.890000 156.880000   15  112 1 1 1  360  660
876 159.660000 152.030000   21  227 1 1 1  600  780
877 159.980000 153.850000   14   88 1 1 1  720  960
878 169.330000 172.060000   16  134 1 1 1  360  720
879 169.670000 173.660000   16  122 1 1 1  480  900
880 149.280000 160.010000   14   84 1 1 1  360  480
881 169.670000 173.660000   24  282 1 1 1  360  840
882 157.740000 146.310000   20  208 1 1 1  510  660
883 145.900000 141.830000   12   48 1 1 1  540  660
884 146.030000 140.800000   16  129 1 1 1  840 1380
885 172.080000 175.650000   18  160 1 1 1  330  840
886 148.410000 139.320000   12   57 1 1 1  600  780
887 159.700000 147.060000   42  657 1 1 1  420  600
888 159.710000 147.020000   13   68 1 1 1  420  600
889 159.710000 147.020000   31  425 1 1 1  480  660
890 151.090000 141.090000   12   43 1 1 1  240 1380
891 150.170000 138.090000   12   52 1 1 1  600  780
892 149.280000 138.170000   14   88 1 1 1  480  840
893 152.070000 150.350000   14   91 1 1 1  600  780
894 155.900000 145.980000   21  223 1 1 1  420  600
895 155.900000 145.980000   13   68 1 1 1  420 1080
896 159.650000 146.170000   11   24 1 1 1  480  720
897 159.250000 154.580000   12   53 1 1 1  780  960
898 158.220000 159.100000   15  115 1 1 1  480  820
899 162.610000 147.910000   21  222 1 1 1  420  570
900 151.450000 157.420000   16  125 1 1 1  480  660
901 151.450000 157.420000   13   77 1 1 1  480  660
902 149.280000 160.320000   16  124 1 1 1  420  900
903 151.780000 154.240000   16  128 1 1 1  480  630
904 150.570000 156.900000   14   96 1 1 1  420  720
905 150.530000 156.760000   17  140 1 1 1  360  630
906 151.490000 154.540000   12   47 1 1 1  360  600
907 149.410000 160.120000   41  634 1 1 1  360  510
908 150.540000 156.850000   16  121 1 1 1  420  780
909 150.540000 156.850000   13   70 1 1 1  360  660
910 151.490000 154.540000   13   78 1 1 1  600  900
911 161.870000 146.840000   16  136 1 1 1  360  660
912 150.700000 156.860000   12   45 1 1 1  540  870
913 150.700000 156.860000   15  109 1 1 1  600  720
914 151.620000 139.280000   12   54 1 1 1  480  840
915 172.970000 157.640000   16  133 1 1 1  240  720
916 163.000000 199.780000   11   21 1 1 1  480  720
917 162.460000 157.700000   13   73 1 1 1  360  840
918 164.770000 164.880000   16  121 1 1 1  540  720
919 166.670000 168.300000   14   86 1 1 1  720 1050
920 162.610000 147.910000   13   78 1 1 1  690  810
921 160.780000 174.300000   19  190 1 1 1  360  780
922 153.310000 159.730000   12   53 1 1 1  240  420
923 151.770000 160.450000   16  131 1 1 1  360  600
924 155.530000 159.920000   14   95 1 1 1  480  840
925 154.830000 159.970000   13   79 1 1 1  540  660
926 156.970000 144.480000   12   55 1 1 1  480  780
927 150.540000 156.850000   30  401 1 1 1  360  600
928 150.570000 156.900000   12   50 1 1 1  480 1080
929 151.690000 154.250000   19  184 1 1 1  420  660
930 151.480000 154.480000   12   50 1 1 1  600  780
931 153.770000 149.300000   13   63 1 1 1  540 1380
932 153.770000 149.300000   12   43 1 1 1  600  900
933 187.610000 167.270000   11   26 1 1 1  420  720
934 187.900000 162.000000   17  146 1 1 1  600 1380
935 155.740000 147.580000   15  102 1 1 1  540  840
936 157.740000 146.310000   15  111 1 1 1  570  720
937 158.370000 146.580000   20  205 1 1 1  510  660
938 194.260000 175.280000   18  170 1 1 1  600  840
939 168.180000 172.340000   19  182 1 1 1  420 1439
940 170.180000 172.920000   12   50 1 1 1    1  840
941 163.770000 165.090000   16  129 1 1 1  390  840
942 151.560000 152.530000   22  246 1 1 1  420  540
943 151.530000 152.990000   10    5 1 1 1  420 1080
944 157.950000 146.040000   12   50 1 1 1  420 1080
945 193.890000 175.000000   15  110 1 1 1  420  600
946 193.480000 174.350000   16  125 1 1 1  600  720
947 194.290000 176.370000   15  118 1 1 1  600  720
948 172.240000 187.390000   23  270 1 1 1  600  900
949 150.530000 156.760000   12   56 1 1 1  600  720
950 154.770000 152.930000   26  321 1 1 1  360  660
951 155.680000 161.820000   11   23 1 1 1  420  540
952 162.090000 160.650000   17  149 1 1 1  300  720
953 157.700000 155.630000   13   73 1 1 1  360 1020
954 193.900000 175.400000   16  135 1 1 1  840 1020
955 193.900000 175.400000   11   23 1 1 1  600  960
956 193.850000 175.600000   14   84 1 1 1  720 1140
957 169.750000 172.780000   16  129 1 1 1  420  840
958 187.900000 162.000000   14   86 1 1 1  480  720
959 151.560000 152.530000   15  115 1 1 1  420  720
960 195.780000 160.420000   17  154 1 1 1  600 1170
961 197.900000 159.070000   15  109 1 1 1  600 1080
962 150.560000 167.360000   13   69 1 1 1  360  840
963 167.210000 199.560000   13   68 1 1 1  570  930
964 162.680000 147.830000   14   83 1 1 1  480  690
965 172.230000 187.110000   13   64 1 1 1  960 1020
966 171.370000 185.800000   10   13 1 1 1  480  690
967 193.480000 174.350000   15  103 1 1 1  600  720
968 169.600000 172.730000   20  208 1 1 1  720 1320
969 171.450000 172.750000   20  213 1 1 1  480  960
970 170.490000 173.680000   13   75 1 1 1  480 1080
971 166.360000 173.190000   11   36 1 1 1  480 1080
972 155.310000 168.200000   10    5 1 1 1  420 1080
973 154.170000 163.000000   18  176 1 1 1  540  750
974 149.410000 160.120000   14   92 1 1 1  420  660
975 148.000000 144.280000   18  174 1 1 1  420  840
976 160.490000 148.190000   15  101 1 1 1  480 1080
977 159.710000 147.020000   19  180 1 1 1  360  540
978 160.880000 200.660000   49  785 1 1 1  600 1439
979 160.880000 200.660000   12   57 1 1 1  720 1380
980 160.880000 200.660000   12   55 1 1 1  540  840
981 160.880000 200.660000   14   90 1 1 1  420 1080
982 160.530000 201.250000   15  112 1 1 1  420 1080
983 160.650000 201.370000   11   33 1 1 1  660 1350
