4 34 911 1
0 3900
  0 150.900000 153.400000    0    0 0 0      0 1440
  1 149.250000 150.760000  202 3900 1 1 1  600 1080
  2 161.960000 185.740000  111 2038 1 1 1  480 1020
  3 160.360000 177.560000   35  508 1 1 1  180  450
  4 169.800000 172.800000   31  420 1 1 1  480  720
  5 151.560000 152.530000   28  378 1 1 1  420  720
  6 149.410000 160.120000   27  355 1 1 1  420 1080
  7 176.220000 190.990000   26  337 1 1 1  660  840
  8 177.320000 167.660000   26  332 1 1 1  480 1080
  9 149.280000 160.320000   25  306 1 1 1  360  660
 10 151.910000 139.970000   25  305 1 1 1  540 1439
 11 159.650000 146.170000   25  303 1 1 1  360 1439
 12 154.210000 161.440000   25  302 1 1 1  480  780
 13 149.390000 153.770000   24  291 1 1 1  240  780
 14 163.550000 180.500000   24  291 1 1 1  420  720
 15 172.010000 192.920000   24  288 1 1 1  480  780
 16 154.290000 162.670000   24  281 1 1 1  600  780
 17 151.740000 157.530000   24  281 1 1 1  420  720
 18 177.020000 171.260000   24  281 1 1 1  660 1020
 19 171.380000 185.880000   24  280 1 1 1  480 1080
 20 169.980000 172.330000   23  270 1 1 1  540  720
 21 151.560000 152.530000   23  269 1 1 1  450  570
 22 171.310000 185.900000   23  262 1 1 1  660  900
 23 169.600000 172.730000   23  260 1 1 1  720 1320
 24 147.870000 156.090000   22  259 1 1 1  450  840
 25 171.130000 185.870000   22  256 1 1 1  540  720
 26 150.590000 156.540000   22  251 1 1 1  510  840
 27 170.830000 185.780000   22  249 1 1 1  360  660
 28 176.260000 173.190000   22  247 1 1 1  840 1050
 29 151.820000 157.650000   22  247 1 1 1  480  720
 30 186.080000 168.830000   22  241 1 1 1  420  540
 31 143.930000 158.550000   22  240 1 1 1  540 1080
 32 161.560000 168.870000   21  239 1 1 1  360  960
 33 162.550000 147.710000   21  239 1 1 1  570  705
 34 170.110000 186.590000   21  235 1 1 1  600  840
 35 175.300000 171.610000   21  233 1 1 1  600  840
 36 151.540000 147.990000   21  231 1 1 1  540  900
 37 152.830000 153.710000   21  230 1 1 1  600  780
 38 175.440000 192.910000   21  230 1 1 1  480  870
 39 149.440000 145.390000   21  225 1 1 1  360  720
 40 148.790000 159.570000   21  224 1 1 1  540 1080
 41 172.120000 186.780000   21  222 1 1 1  480 1080
 42 154.170000 163.000000   20  219 1 1 1  540  750
 43 175.270000 182.320000   20  218 1 1 1  300  630
 44 162.660000 146.930000   20  214 1 1 1  480  750
 45 194.180000 175.040000   20  212 1 1 1  540  720
 46 160.100000 148.740000   20  209 1 1 1  240  720
 47 150.620000 156.770000   20  209 1 1 1  540  720
 48 160.200000 168.850000   20  204 1 1 1  480  840
 49 152.570000 187.650000   20  204 1 1 1  360  720
 50 154.590000 176.050000   20  203 1 1 1  180  720
 51 159.690000 145.900000   20  202 1 1 1  420 1020
 52 159.020000 148.060000   20  200 1 1 1  330  480
 53 158.300000 154.530000   19  198 1 1 1  540  780
 54 150.550000 156.860000   19  198 1 1 1  510  690
 55 159.570000 146.170000   19  197 1 1 1  540  900
 56 167.880000 172.840000   19  197 1 1 1  420  900
 57 150.540000 156.850000   19  196 1 1 1  600  720
 58 150.350000 159.740000   19  195 1 1 1  390  720
 59 158.730000 162.860000   19  195 1 1 1  240 1080
 60 168.140000 166.900000   19  192 1 1 1  600  900
 61 144.620000 155.190000   19  192 1 1 1  540 1439
 62 151.090000 150.120000   19  191 1 1 1  570  840
 63 171.380000 185.880000   19  190 1 1 1  540  720
 64 151.250000 154.590000   19  190 1 1 1  480  780
 65 181.000000 157.460000   19  190 1 1 1  420  900
 66 154.650000 137.660000   19  189 1 1 1  420  870
 67 158.730000 162.860000   19  188 1 1 1  420 1080
 68 174.660000 167.600000   19  187 1 1 1  600 1020
 69 169.800000 172.800000   19  186 1 1 1  540  720
 70 160.880000 200.660000   19  186 1 1 1  600 1439
 71 164.320000 180.640000   19  185 1 1 1  480 1080
 72 172.170000 186.500000   19  185 1 1 1  360  600
 73 148.150000 141.300000   19  185 1 1 1  840 1020
 74 154.780000 148.950000   19  185 1 1 1  420  780
 75 158.320000 171.460000   19  184 1 1 1  405  660
 76 151.700000 150.860000   19  181 1 1 1  540  660
 77 151.370000 161.020000   19  181 1 1 1  420  570
 78 176.850000 156.700000   19  180 1 1 1  540 1380
 79 160.650000 201.370000   18  178 1 1 1  780 1439
 80 176.160000 193.010000   18  178 1 1 1  780  960
 81 151.350000 159.780000   18  177 1 1 1  255  435
 82 155.310000 168.200000   18  177 1 1 1  480  720
 83 169.710000 199.160000   18  176 1 1 1  600 1320
 84 172.210000 186.210000   18  176 1 1 1  480 1200
 85 187.900000 162.000000   18  175 1 1 1  420 1080
 86 149.580000 160.810000   18  174 1 1 1  480 1080
 87 151.330000 153.630000   18  174 1 1 1  300  420
 88 150.570000 156.900000   18  173 1 1 1  540  780
 89 178.790000 157.630000   18  173 1 1 1  420 1080
 90 171.470000 185.770000   18  172 1 1 1  420  660
 91 172.080000 175.650000   18  170 1 1 1  360  720
 92 171.100000 163.700000   18  169 1 1 1  420 1080
 93 168.180000 160.840000   18  169 1 1 1  420  660
 94 156.440000 172.150000   18  168 1 1 1  540  780
 95 187.820000 161.960000   18  168 1 1 1  480 1320
 96 159.560000 165.500000   18  164 1 1 1  540  900
 97 160.880000 200.660000   18  164 1 1 1  540  840
 98 149.200000 160.150000   18  163 1 1 1  540  660
 99 149.280000 160.010000   18  163 1 1 1  360  720
100 171.310000 185.730000   18  162 1 1 1  480  720
101 150.580000 161.560000   18  161 1 1 1  480  600
102 159.690000 147.040000   18  161 1 1 1  540  720
103 152.720000 148.410000   18  160 1 1 1  480  690
104 150.540000 156.850000   17  159 1 1 1  420  660
105 150.910000 156.040000   17  159 1 1 1  420  660
106 172.120000 194.570000   17  155 1 1 1  540 1200
107 156.970000 161.140000   17  155 1 1 1  480 1380
108 160.770000 147.250000   17  155 1 1 1  420  720
109 163.310000 150.170000   17  154 1 1 1  480  780
110 155.680000 140.180000   17  153 1 1 1  420 1080
111 152.830000 153.710000   17  152 1 1 1  600  780
112 194.550000 175.260000   17  152 1 1 1  420 1080
113 144.880000 166.610000   17  151 1 1 1  540  960
114 148.790000 159.570000   17  147 1 1 1  360 1200
115 155.640000 167.730000   17  147 1 1 1  480  720
116 162.910000 150.660000   17  146 1 1 1  480 1080
117 161.420000 152.690000   17  146 1 1 1  480  720
118 171.700000 186.070000   17  146 1 1 1  480 1080
119 169.880000 183.530000   17  146 1 1 1  600 1080
120 151.560000 152.530000   17  145 1 1 1  360  780
121 150.540000 156.850000   17  145 1 1 1  420  600
122 159.530000 181.420000   17  144 1 1 1  510  870
123 168.160000 160.830000   17  144 1 1 1  480  840
124 171.640000 170.330000   17  143 1 1 1  480  840
125 154.150000 162.450000   17  141 1 1 1  540  840
126 172.080000 175.650000   17  141 1 1 1  480  720
127 147.940000 161.310000   17  141 1 1 1  420 1080
128 174.710000 169.290000   16  139 1 1 1  420  720
129 163.390000 158.360000   16  139 1 1 1  420  840
130 157.970000 145.530000   16  139 1 1 1  600  840
131 194.120000 186.410000   16  139 1 1 1  480  600
132 151.610000 157.360000   16  138 1 1 1  450  720
133 154.950000 162.400000   16  138 1 1 1  360  840
134 170.760000 166.500000   16  138 1 1 1  600  780
135 175.300000 171.610000   16  137 1 1 1  600 1080
136 159.090000 153.430000   16  135 1 1 1  420 1080
137 185.810000 189.420000   16  134 1 1 1  420 1080
138 159.650000 146.170000   16  134 1 1 1  540 1260
139 173.990000 187.310000   16  131 1 1 1  420 1320
140 171.380000 185.880000   16  129 1 1 1  480 1080
141 170.490000 173.680000   16  129 1 1 1  420 1080
142 171.180000 170.300000   16  128 1 1 1  360  540
143 185.570000 163.240000   16  127 1 1 1  420 1080
144 148.450000 158.890000   16  127 1 1 1  360  840
145 162.030000 148.860000   16  127 1 1 1  480  690
146 161.860000 144.120000   16  126 1 1 1  420 1080
147 163.090000 157.500000   16  126 1 1 1  600  900
148 149.870000 144.140000   16  126 1 1 1  180  810
149 148.130000 158.550000   16  126 1 1 1  300  540
150 150.620000 156.770000   16  125 1 1 1  360  720
151 161.260000 151.190000   16  125 1 1 1  480 1080
152 156.870000 144.820000   16  125 1 1 1  420  720
153 157.660000 155.610000   16  125 1 1 1  480 1080
154 159.020000 181.550000   16  124 1 1 1  540  780
155 194.140000 176.430000   16  124 1 1 1  540 1080
156 151.150000 170.930000   16  123 1 1 1  300  720
157 158.850000 152.580000   16  123 1 1 1  480 1080
158 170.420000 160.980000   16  122 1 1 1  840 1140
159 165.570000 169.640000   16  122 1 1 1  600  870
160 158.520000 146.040000   16  121 1 1 1  720  900
161 155.540000 151.540000   16  120 1 1 1  480 1080
162 157.850000 163.460000   16  120 1 1 1  420  960
163 147.930000 160.760000   16  120 1 1 1  360 1439
164 155.480000 144.120000   16  120 1 1 1  540 1320
165 162.030000 148.860000   16  120 1 1 1  420 1080
166 195.820000 193.370000   15  119 1 1 1  540  900
167 175.540000 173.470000   15  119 1 1 1  600 1020
168 166.420000 168.130000   15  118 1 1 1  480 1080
169 160.470000 167.500000   15  117 1 1 1  300  900
170 160.880000 200.660000   15  116 1 1 1  720 1380
171 150.320000 155.680000   15  116 1 1 1  420 1080
172 150.550000 156.860000   15  116 1 1 1  540  900
173 171.450000 172.750000   15  115 1 1 1  420 1080
174 162.560000 147.720000   15  115 1 1 1  480  630
175 171.070000 184.690000   15  114 1 1 1  360  555
176 149.320000 162.540000   15  114 1 1 1    1  720
177 144.620000 155.190000   15  113 1 1 1  540  720
178 149.430000 160.160000   15  113 1 1 1  480  780
179 155.300000 168.150000   15  113 1 1 1  420  660
180 187.900000 162.000000   15  113 1 1 1  600 1320
181 170.490000 173.680000   15  113 1 1 1  480 1080
182 153.620000 180.350000   15  112 1 1 1  360  720
183 175.440000 192.910000   15  111 1 1 1  480 1080
184 161.930000 148.580000   15  111 1 1 1  420 1080
185 170.110000 186.590000   15  111 1 1 1  540  720
186 172.230000 187.110000   15  111 1 1 1  960 1080
187 158.960000 146.150000   15  111 1 1 1  570 1260
188 154.590000 160.170000   15  111 1 1 1  540  780
189 151.530000 154.490000   15  110 1 1 1  480 1380
190 159.700000 147.060000   15  110 1 1 1  420  600
191 149.770000 159.540000   15  110 1 1 1  420  540
192 171.440000 191.440000   15  109 1 1 1  360 1200
193 162.320000 166.570000   15  109 1 1 1  480  720
194 171.550000 160.660000   15  109 1 1 1  840 1020
195 168.360000 165.880000   15  108 1 1 1  630  870
196 172.200000 158.460000   15  108 1 1 1  420 1080
197 155.650000 140.200000   15  108 1 1 1  480 1080
198 157.500000 152.870000   15  108 1 1 1  420 1080
199 169.930000 184.750000   15  107 1 1 1  900 1140
200 161.870000 173.260000   15  107 1 1 1  420 1080
201 160.440000 154.000000   15  107 1 1 1  420 1080
202 168.360000 165.880000   15  107 1 1 1  420 1080
203 146.100000 157.320000   15  106 1 1 1  480  720
204 170.180000 172.920000   15  106 1 1 1  420  780
205 163.680000 198.120000   15  106 1 1 1  420  600
206 149.200000 160.150000   15  105 1 1 1  480 1080
207 170.760000 166.500000   15  105 1 1 1  720 1020
208 164.050000 171.780000   15  105 1 1 1  900 1080
209 160.540000 160.150000   15  105 1 1 1  480  780
210 154.130000 171.480000   15  104 1 1 1  540  840
211 154.640000 158.340000   15  104 1 1 1  540 1320
212 172.030000 175.580000   15  104 1 1 1  360  720
213 157.850000 163.460000   15  104 1 1 1  420 1020
214 151.310000 157.390000   15  104 1 1 1  360  660
215 171.380000 185.880000   15  104 1 1 1  540  660
216 161.240000 168.460000   15  104 1 1 1  480 1080
217 157.120000 146.150000   15  103 1 1 1  480  600
218 169.670000 172.700000   15  102 1 1 1  420 1080
219 158.400000 166.070000   15  102 1 1 1  360 1080
220 152.410000 164.210000   15  102 1 1 1  420 1320
221 175.040000 154.330000   15  101 1 1 1  360 1439
222 171.360000 185.930000   15  101 1 1 1  420 1080
223 151.810000 160.430000   15  101 1 1 1  240  840
224 148.040000 163.150000   15  101 1 1 1  480 1080
225 159.980000 153.850000   15  101 1 1 1  840 1140
226 154.290000 162.670000   15  101 1 1 1  570  780
227 150.160000 157.320000   15  100 1 1 1  240  360
228 170.830000 185.780000   15  100 1 1 1  420  600
229 149.340000 140.340000   15  100 1 1 1  630  930
230 163.790000 185.870000   15  100 1 1 1  420  960
231 147.460000 140.950000   14   99 1 1 1  570  840
232 149.410000 160.120000   14   99 1 1 1  420 1080
233 191.460000 194.500000   14   99 1 1 1  480 1080
234 155.900000 145.980000   14   98 1 1 1  540 1080
235 151.780000 154.240000   14   98 1 1 1  420 1080
236 171.620000 173.990000   14   98 1 1 1  480 1320
237 171.420000 186.260000   14   98 1 1 1  780  960
238 147.370000 161.220000   14   98 1 1 1  540  840
239 149.500000 155.520000   14   97 1 1 1  360  720
240 149.500000 155.520000   14   97 1 1 1  480 1200
241 158.330000 171.450000   14   97 1 1 1  300  660
242 150.500000 142.610000   14   97 1 1 1  480 1080
243 151.970000 138.530000   14   96 1 1 1  480 1080
244 176.710000 172.620000   14   96 1 1 1  420 1080
245 152.050000 156.300000   14   96 1 1 1  720 1080
246 167.470000 169.650000   14   96 1 1 1  720 1020
247 144.530000 156.580000   14   96 1 1 1  540  840
248 177.420000 194.010000   14   96 1 1 1  420 1080
249 154.310000 163.040000   14   96 1 1 1  480 1080
250 163.560000 166.030000   14   96 1 1 1  480  660
251 151.390000 159.960000   14   96 1 1 1  410  630
252 154.590000 146.200000   14   95 1 1 1  240 1320
253 149.330000 139.070000   14   95 1 1 1  480 1080
254 161.040000 148.390000   14   94 1 1 1  540  900
255 159.070000 163.830000   14   94 1 1 1  420 1080
256 152.680000 186.720000   14   94 1 1 1  570  870
257 161.420000 152.690000   14   94 1 1 1  480 1080
258 156.850000 144.840000   14   94 1 1 1  420 1080
259 160.650000 201.370000   14   94 1 1 1  660 1350
260 166.980000 161.090000   14   94 1 1 1  390  600
261 176.670000 153.300000   14   94 1 1 1  420 1080
262 175.390000 167.430000   14   94 1 1 1  480 1080
263 153.900000 168.300000   14   93 1 1 1  420  600
264 150.620000 156.770000   14   93 1 1 1  420 1080
265 145.250000 158.770000   14   93 1 1 1  540 1080
266 192.050000 156.270000   14   93 1 1 1  480 1380
267 182.720000 171.000000   14   93 1 1 1  300  420
268 150.870000 155.890000   14   93 1 1 1  300  690
269 160.880000 200.660000   14   92 1 1 1  660 1080
270 187.900000 162.000000   14   92 1 1 1  540 1140
271 168.590000 189.690000   14   91 1 1 1  360 1320
272 162.550000 147.710000   14   91 1 1 1  600  720
273 175.900000 189.570000   14   91 1 1 1  480  600
274 157.270000 158.780000   14   91 1 1 1  420  720
275 150.590000 156.540000   14   91 1 1 1  240  480
276 188.320000 161.990000   14   91 1 1 1  480 1080
277 156.430000 168.430000   14   90 1 1 1  540  660
278 148.120000 164.550000   14   90 1 1 1  540 1080
279 146.100000 157.320000   14   90 1 1 1  540 1080
280 161.420000 152.690000   14   90 1 1 1  540  720
281 149.570000 138.590000   14   90 1 1 1  600  900
282 145.080000 160.160000   14   90 1 1 1  420  840
283 163.720000 180.190000   14   90 1 1 1  420 1080
284 161.120000 169.280000   14   90 1 1 1  540  900
285 162.350000 169.700000   14   89 1 1 1  600  780
286 187.900000 162.000000   14   89 1 1 1  420 1080
287 156.640000 170.980000   14   89 1 1 1  480  720
288 158.850000 152.580000   14   89 1 1 1  420  780
289 155.750000 161.740000   14   89 1 1 1  420 1080
290 171.330000 164.510000   14   89 1 1 1  480  720
291 160.880000 200.660000   14   89 1 1 1  540  720
292 149.400000 159.920000   14   89 1 1 1  420  690
293 155.740000 147.580000   14   89 1 1 1  480 1080
294 148.410000 139.320000   14   88 1 1 1  600  780
295 160.770000 147.250000   14   88 1 1 1  600 1380
296 167.850000 158.850000   14   88 1 1 1  480 1080
297 150.310000 137.880000   14   88 1 1 1  480 1080
298 175.880000 189.880000   14   87 1 1 1  540  660
299 159.250000 154.580000   14   87 1 1 1  480  780
300 151.200000 154.620000   14   87 1 1 1  420  600
301 160.540000 160.150000   14   87 1 1 1  480 1080
302 150.550000 156.860000   14   87 1 1 1  420 1080
303 180.880000 186.690000   14   87 1 1 1  600 1020
304 172.120000 194.570000   14   87 1 1 1  480  780
305 149.820000 159.770000   14   87 1 1 1  420  540
306 148.400000 166.110000   14   86 1 1 1  480 1380
307 154.300000 171.420000   14   86 1 1 1  480  900
308 193.830000 175.660000   14   86 1 1 1  600  900
309 153.620000 174.440000   14   86 1 1 1  360 1080
310 179.030000 167.590000   14   85 1 1 1  540 1050
311 160.300000 164.740000   14   85 1 1 1  480 1080
312 194.500000 175.210000   14   85 1 1 1  840 1080
313 151.590000 157.370000   14   84 1 1 1  480 1080
314 168.620000 159.120000   14   84 1 1 1  540  720
315 162.370000 147.230000   14   84 1 1 1  330  600
316 159.070000 169.750000   14   84 1 1 1  600  840
317 150.160000 156.700000   14   83 1 1 1  540  780
318 159.970000 166.850000   14   83 1 1 1  420  720
319 169.750000 172.780000   14   83 1 1 1  420 1080
320 175.900000 189.570000   14   83 1 1 1  480 1080
321 160.630000 160.810000   14   83 1 1 1  300 1080
322 149.150000 160.270000   14   82 1 1 1  480 1080
323 162.550000 147.320000   14   82 1 1 1  480 1080
324 171.180000 170.300000   14   82 1 1 1  420 1080
325 161.930000 148.580000   14   82 1 1 1  450  720
326 150.230000 160.440000   14   82 1 1 1  420  720
327 162.730000 149.650000   14   82 1 1 1  480 1080
328 167.870000 186.100000   14   82 1 1 1  480 1080
329 194.140000 176.430000   14   82 1 1 1  480 1080
330 148.600000 139.070000   14   81 1 1 1  540 1080
331 171.290000 186.130000   14   81 1 1 1  600  660
332 172.100000 194.570000   14   80 1 1 1  480  780
333 151.230000 138.430000   14   80 1 1 1  600 1080
334 159.700000 147.000000   14   80 1 1 1  540 1080
335 168.970000 194.710000   14   80 1 1 1  480 1080
336 188.050000 162.060000   14   80 1 1 1  480 1080
337 174.590000 194.290000   14   80 1 1 1  840 1439
338 176.710000 172.620000   14   80 1 1 1  480 1080
339 160.280000 168.380000   13   79 1 1 1  360  960
340 162.630000 147.810000   13   78 1 1 1  480 1080
341 150.620000 156.770000   13   78 1 1 1  480 1080
342 169.230000 162.120000   13   77 1 1 1  360  600
343 150.260000 138.160000   13   77 1 1 1  540  840
344 149.920000 160.180000   13   77 1 1 1  480 1080
345 163.550000 180.500000   13   77 1 1 1  360 1080
346 154.810000 185.160000   13   77 1 1 1  300  660
347 150.570000 156.900000   13   77 1 1 1  420  780
348 171.180000 170.300000   13   76 1 1 1  480  870
349 159.740000 147.020000   13   76 1 1 1  360  660
350 192.170000 173.780000   13   76 1 1 1  480 1080
351 149.150000 160.270000   13   76 1 1 1  360  810
352 169.640000 172.750000   13   76 1 1 1  540  900
353 169.750000 172.780000   13   76 1 1 1    0  720
354 151.530000 154.490000   13   76 1 1 1  600  720
355 193.890000 175.000000   13   75 1 1 1  540  900
356 171.050000 185.560000   13   75 1 1 1  600  720
357 145.030000 154.750000   13   75 1 1 1  420  540
358 169.130000 187.330000   13   75 1 1 1  420  930
359 151.560000 152.530000   13   75 1 1 1  480  840
360 159.340000 168.090000   13   75 1 1 1  360  600
361 154.380000 187.000000   13   75 1 1 1  480 1080
362 171.230000 186.290000   13   74 1 1 1  840  960
363 167.430000 172.250000   13   74 1 1 1  540 1380
364 156.920000 145.960000   13   74 1 1 1  480 1200
365 155.750000 161.740000   13   74 1 1 1  360 1080
366 145.250000 158.770000   13   74 1 1 1  540  960
367 154.170000 163.000000   13   74 1 1 1  540  750
368 169.560000 173.410000   13   74 1 1 1  480 1080
369 150.670000 153.640000   13   73 1 1 1    1 1439
370 159.340000 169.870000   13   73 1 1 1    1  780
371 160.880000 200.660000   13   73 1 1 1  570  840
372 171.360000 185.930000   13   73 1 1 1  540  870
373 150.320000 137.940000   13   73 1 1 1  540  840
374 153.620000 180.350000   13   72 1 1 1  300  720
375 148.600000 139.070000   13   72 1 1 1  360 1080
376 153.200000 163.680000   13   72 1 1 1  480  720
377 144.580000 155.210000   13   72 1 1 1  660  900
378 170.580000 174.020000   13   72 1 1 1  540 1320
379 171.170000 162.180000   13   72 1 1 1  840 1200
380 182.720000 171.000000   13   72 1 1 1  480 1080
381 159.220000 151.820000   13   71 1 1 1  420 1080
382 150.550000 156.860000   13   71 1 1 1  540  720
383 151.960000 143.340000   13   70 1 1 1  480 1080
384 177.070000 173.460000   13   70 1 1 1  480 1140
385 165.750000 158.570000   13   70 1 1 1  540  900
386 162.790000 152.900000   13   70 1 1 1  480 1080
387 151.960000 153.870000   13   69 1 1 1  360  780
388 149.890000 156.880000   13   69 1 1 1  420  600
389 157.620000 157.400000   13   69 1 1 1  540  900
390 162.030000 148.860000   13   69 1 1 1  480  840
391 177.070000 173.460000   13   69 1 1 1  480 1080
392 156.640000 170.980000   13   69 1 1 1  360  720
393 161.740000 152.690000   13   69 1 1 1  540  900
394 161.760000 181.750000   13   69 1 1 1  480 1080
395 163.460000 180.580000   13   69 1 1 1  540 1050
396 150.190000 150.410000   13   69 1 1 1  480 1080
397 163.070000 148.910000   13   69 1 1 1  480  840
398 192.270000 173.840000   13   68 1 1 1  720 1020
399 156.910000 140.840000   13   68 1 1 1  600  990
400 159.710000 147.020000   13   68 1 1 1  360  540
401 153.880000 149.850000   13   68 1 1 1  360 1380
402 171.050000 185.560000   13   68 1 1 1  540  660
403 161.340000 172.210000   13   68 1 1 1  420 1080
404 158.870000 164.740000   13   67 1 1 1  390  960
405 148.420000 138.960000   13   67 1 1 1  540 1320
406 144.660000 155.800000   13   67 1 1 1  480 1080
407 155.390000 158.580000   13   67 1 1 1  480 1080
408 151.510000 154.550000   13   66 1 1 1  480 1080
409 163.250000 170.010000   13   66 1 1 1  420  720
410 167.540000 198.850000   13   66 1 1 1  660 1320
411 148.020000 144.400000   13   66 1 1 1  375  930
412 169.640000 172.750000   13   66 1 1 1  540 1320
413 164.410000 155.100000   13   66 1 1 1  540 1080
414 161.910000 170.980000   13   66 1 1 1  900 1200
415 151.690000 154.250000   13   65 1 1 1  480 1080
416 160.530000 201.250000   13   65 1 1 1  600  840
417 160.100000 148.740000   13   65 1 1 1  360 1200
418 149.780000 144.980000   13   65 1 1 1  480 1380
419 149.730000 149.400000   13   65 1 1 1  540  720
420 170.690000 187.780000   13   65 1 1 1  840 1200
421 158.810000 185.510000   13   65 1 1 1  480 1080
422 153.490000 172.060000   13   65 1 1 1  420  900
423 158.220000 159.100000   13   65 1 1 1  420  720
424 185.540000 156.830000   13   65 1 1 1  420 1080
425 151.690000 154.250000   13   64 1 1 1  600  840
426 163.000000 199.780000   13   64 1 1 1  420 1080
427 150.620000 156.770000   13   64 1 1 1  420 1080
428 161.870000 146.840000   13   64 1 1 1  360  540
429 160.250000 156.460000   13   64 1 1 1  540  780
430 186.260000 187.470000   13   64 1 1 1  540 1320
431 149.410000 160.120000   13   64 1 1 1  420 1080
432 152.300000 160.450000   13   64 1 1 1  360 1080
433 187.810000 161.970000   13   63 1 1 1  480 1080
434 156.400000 151.690000   13   63 1 1 1  420 1080
435 150.540000 156.850000   13   63 1 1 1  420  540
436 171.140000 169.850000   13   63 1 1 1  420  840
437 161.540000 168.790000   13   63 1 1 1  360  720
438 162.090000 160.650000   13   62 1 1 1  405 1080
439 159.970000 166.850000   13   62 1 1 1  360  540
440 151.560000 152.530000   13   62 1 1 1  300 1080
441 156.850000 144.840000   13   62 1 1 1  420 1080
442 169.670000 172.700000   13   62 1 1 1  480  720
443 171.710000 186.830000   13   61 1 1 1  540  900
444 159.710000 147.020000   13   61 1 1 1  480 1080
445 154.340000 156.600000   13   61 1 1 1  420 1080
446 161.560000 168.890000   13   61 1 1 1  360  930
447 160.880000 200.660000   13   61 1 1 1  480 1080
448 156.970000 150.110000   13   61 1 1 1  480  780
449 154.870000 157.630000   13   60 1 1 1  660  990
450 161.870000 146.840000   13   60 1 1 1  480 1080
451 161.760000 166.240000   13   60 1 1 1  480 1080
452 149.630000 159.140000   13   60 1 1 1  360 1020
453 147.100000 155.430000   13   60 1 1 1  420  540
454 162.760000 147.840000   12   59 1 1 1  420 1080
455 157.700000 155.630000   12   59 1 1 1  600  960
456 150.530000 156.760000   12   59 1 1 1  420  690
457 146.070000 158.670000   12   59 1 1 1  420 1080
458 158.230000 153.250000   12   59 1 1 1  420 1080
459 180.910000 186.640000   12   59 1 1 1  420 1080
460 160.540000 160.150000   12   58 1 1 1  540  900
461 151.370000 161.020000   12   58 1 1 1  480  720
462 151.230000 138.430000   12   58 1 1 1  480  720
463 162.350000 147.710000   12   58 1 1 1  480 1080
464 165.520000 173.790000   12   58 1 1 1  540 1080
465 170.580000 174.020000   12   57 1 1 1  600 1320
466 187.850000 162.160000   12   57 1 1 1  600  900
467 158.100000 146.480000   12   57 1 1 1  600  720
468 149.810000 156.800000   12   57 1 1 1  360 1080
469 162.610000 147.910000   12   57 1 1 1  420 1080
470 160.880000 200.660000   12   57 1 1 1  480 1080
471 171.470000 185.770000   12   57 1 1 1  420 1080
472 151.560000 152.530000   12   57 1 1 1  360  705
473 171.150000 185.540000   12   56 1 1 1  540  720
474 162.720000 165.010000   12   56 1 1 1  420 1080
475 187.900000 162.000000   12   56 1 1 1  600 1439
476 149.320000 162.540000   12   56 1 1 1  360 1320
477 150.530000 156.760000   12   56 1 1 1  390  630
478 150.490000 157.400000   12   56 1 1 1  480 1080
479 146.760000 165.380000   12   56 1 1 1  540  900
480 152.330000 152.390000   12   55 1 1 1  330  510
481 146.760000 152.090000   12   55 1 1 1  420 1080
482 174.080000 157.130000   12   55 1 1 1  480 1140
483 153.770000 149.300000   12   55 1 1 1  420 1080
484 162.660000 147.800000   12   55 1 1 1  480 1080
485 161.120000 169.280000   12   55 1 1 1  360 1080
486 151.390000 156.950000   12   55 1 1 1  420 1080
487 162.630000 147.810000   12   55 1 1 1  480 1080
488 150.080000 146.180000   12   55 1 1 1  420  960
489 169.830000 195.260000   12   55 1 1 1  480 1200
490 151.480000 139.220000   12   55 1 1 1  420 1080
491 161.470000 179.870000   12   55 1 1 1  330  690
492 152.650000 152.690000   12   54 1 1 1  420 1200
493 149.400000 159.920000   12   54 1 1 1  420 1080
494 149.150000 160.270000   12   54 1 1 1  420 1080
495 162.630000 147.830000   12   54 1 1 1  480 1080
496 171.150000 185.540000   12   54 1 1 1  420 1080
497 175.110000 174.480000   12   54 1 1 1  840 1080
498 165.580000 162.460000   12   54 1 1 1  360  600
499 172.940000 162.150000   12   54 1 1 1  720 1080
500 148.410000 139.320000   12   53 1 1 1  480 1080
501 162.350000 169.700000   12   53 1 1 1  480 1080
502 162.350000 169.700000   12   53 1 1 1  480 1080
503 158.130000 151.380000   12   53 1 1 1  480  660
504 193.890000 175.000000   12   53 1 1 1  600  900
505 171.100000 163.700000   12   53 1 1 1  480  600
506 154.780000 148.950000   12   52 1 1 1  480 1080
507 170.470000 185.680000   12   52 1 1 1    1 1439
508 155.330000 168.110000   12   52 1 1 1  240  720
509 169.980000 172.330000   12   52 1 1 1  540  960
510 150.160000 156.700000   12   51 1 1 1  540  720
511 169.950000 171.430000   12   51 1 1 1  480 1080
512 151.310000 163.690000   12   51 1 1 1  420  780
513 151.610000 157.360000   12   51 1 1 1  480  720
514 147.300000 166.180000   12   51 1 1 1  420 1080
515 152.830000 153.710000   12   51 1 1 1  480  780
516 192.360000 196.150000   12   50 1 1 1  600 1320
517 191.260000 155.990000   12   50 1 1 1  480 1080
518 171.470000 185.770000   12   50 1 1 1  480  720
519 154.220000 150.690000   12   50 1 1 1  480 1080
520 151.690000 154.250000   12   49 1 1 1  420  600
521 156.330000 148.510000   12   49 1 1 1  480 1080
522 147.370000 161.220000   12   49 1 1 1  420 1080
523 183.400000 170.650000   12   49 1 1 1  420 1080
524 147.020000 155.410000   12   49 1 1 1  300  540
525 156.130000 161.860000   12   49 1 1 1  440  570
526 162.810000 170.680000   12   48 1 1 1  480 1080
527 157.700000 155.630000   12   48 1 1 1  480 1080
528 149.000000 161.510000   12   48 1 1 1  420  870
529 150.900000 153.400000   12   48 1 1 1  300 1080
530 175.110000 174.480000   12   48 1 1 1  600 1020
531 147.360000 159.370000   12   48 1 1 1  420 1080
532 151.560000 152.530000   12   48 1 1 1  480 1080
533 150.480000 146.260000   12   48 1 1 1  480 1080
534 170.830000 185.780000   12   48 1 1 1  480 1080
535 156.970000 150.110000   12   47 1 1 1  480 1080
536 158.370000 146.580000   12   47 1 1 1  480 1080
537 159.840000 154.510000   12   47 1 1 1  480  810
538 178.220000 157.530000   12   47 1 1 1  360 1320
539 150.300000 162.290000   12   47 1 1 1  420 1080
540 150.540000 169.450000   12   47 1 1 1  300  720
541 187.900000 162.000000   12   47 1 1 1  420 1080
542 181.000000 157.460000   12   47 1 1 1  420 1080
543 160.500000 157.860000   12   47 1 1 1  540 1020
544 152.380000 162.750000   12   47 1 1 1  420 1080
545 160.770000 147.250000   12   47 1 1 1  360 1439
546 156.910000 140.840000   12   47 1 1 1  360 1080
547 155.510000 155.690000   12   47 1 1 1  840 1140
548 146.760000 165.380000   12   46 1 1 1  600 1320
549 152.090000 167.880000   12   46 1 1 1  360  600
550 154.270000 161.440000   12   46 1 1 1  480 1080
551 163.190000 155.250000   12   46 1 1 1  480 1080
552 158.500000 158.330000   12   46 1 1 1  600  840
553 160.630000 160.810000   12   45 1 1 1  260  420
554 167.680000 171.100000   12   45 1 1 1  420  960
555 150.760000 165.040000   12   45 1 1 1  450  870
556 187.830000 161.840000   12   45 1 1 1  420 1080
557 150.160000 156.700000   12   44 1 1 1  480 1080
558 154.870000 150.290000   12   44 1 1 1  420 1080
559 157.800000 150.680000   12   44 1 1 1  480 1080
560 161.420000 152.690000   12   44 1 1 1  540  780
561 162.090000 160.650000   12   44 1 1 1  360 1080
562 152.630000 155.020000   12   44 1 1 1  720  840
563 171.180000 170.300000   12   44 1 1 1  420 1080
564 175.820000 189.580000   12   44 1 1 1  480 1080
565 171.370000 185.800000   12   43 1 1 1  480  690
566 153.240000 161.000000   12   43 1 1 1  420 1080
567 148.290000 161.430000   12   43 1 1 1  420 1080
568 166.670000 168.300000   12   43 1 1 1  480 1080
569 169.830000 169.910000   12   43 1 1 1  420 1080
570 157.740000 146.310000   12   43 1 1 1  480  750
571 150.440000 156.500000   12   43 1 1 1  540  720
572 159.580000 168.800000   12   43 1 1 1  540  780
573 152.830000 153.710000   12   42 1 1 1  480 1080
574 171.600000 194.230000   12   42 1 1 1  660 1320
575 150.990000 149.450000   12   41 1 1 1  510 1080
576 162.320000 166.570000   12   41 1 1 1  480  660
577 167.110000 186.200000   12   41 1 1 1  480  720
578 151.390000 156.950000   12   41 1 1 1  420 1080
579 188.680000 196.150000   12   41 1 1 1  420 1430
580 150.500000 157.350000   12   41 1 1 1  480  780
581 177.790000 151.970000   12   41 1 1 1  360 1380
582 165.970000 171.780000   12   40 1 1 1  540 1080
583 166.450000 160.160000   12   40 1 1 1  480 1080
584 150.630000 156.890000   12   40 1 1 1  540  720
585 194.180000 175.040000   12   40 1 1 1  840 1020
586 175.820000 189.580000   11   39 1 1 1  360  660
587 175.210000 171.680000   11   39 1 1 1  600  900
588 160.710000 169.340000   11   39 1 1 1  480 1080
589 174.050000 152.230000   11   39 1 1 1  420 1380
590 159.650000 146.170000   11   39 1 1 1  420 1080
591 172.420000 183.200000   11   39 1 1 1  480 1080
592 151.080000 154.410000   11   39 1 1 1  420 1080
593 160.490000 148.190000   11   39 1 1 1  480 1080
594 159.980000 153.850000   11   38 1 1 1  720 1020
595 171.320000 185.830000   11   38 1 1 1  360  600
596 159.720000 146.970000   11   38 1 1 1  480  960
597 160.880000 200.660000   11   38 1 1 1  600 1380
598 162.030000 148.860000   11   38 1 1 1  450 1080
599 162.630000 147.810000   11   37 1 1 1  480 1080
600 169.750000 172.780000   11   37 1 1 1  420 1080
601 152.630000 155.020000   11   37 1 1 1  720  840
602 154.430000 152.620000   11   37 1 1 1  330 1080
603 157.020000 164.220000   11   37 1 1 1  360 1020
604 157.700000 155.630000   11   37 1 1 1  480 1080
605 174.080000 157.130000   11   36 1 1 1  450 1200
606 178.970000 157.100000   11   36 1 1 1  360 1080
607 170.760000 166.500000   11   36 1 1 1  480 1080
608 154.960000 149.810000   11   36 1 1 1  480 1080
609 161.400000 148.330000   11   36 1 1 1  540 1200
610 188.670000 156.080000   11   36 1 1 1  480 1080
611 149.280000 160.010000   11   35 1 1 1  510 1080
612 151.330000 153.630000   11   34 1 1 1  480 1080
613 187.140000 161.840000   11   34 1 1 1  420 1080
614 163.560000 166.030000   11   34 1 1 1  480 1080
615 162.790000 152.290000   11   34 1 1 1  600  840
616 171.320000 186.380000   11   34 1 1 1  420  900
617 169.730000 172.740000   11   34 1 1 1  480  900
618 162.550000 147.320000   11   34 1 1 1  480  780
619 175.930000 165.590000   11   34 1 1 1  480  900
620 165.810000 160.530000   11   34 1 1 1  420 1080
621 148.000000 144.280000   11   34 1 1 1  780 1320
622 169.820000 172.600000   11   33 1 1 1  600  960
623 161.340000 172.210000   11   33 1 1 1  540  900
624 168.650000 176.580000   11   33 1 1 1  600 1260
625 175.880000 189.880000   11   33 1 1 1  600  720
626 154.870000 168.230000   11   33 1 1 1  330  720
627 187.810000 161.970000   11   33 1 1 1  480 1080
628 152.070000 150.350000   11   33 1 1 1  480 1080
629 163.550000 180.500000   11   32 1 1 1  360  660
630 162.680000 147.830000   11   32 1 1 1  420  540
631 151.230000 138.430000   11   32 1 1 1  480 1080
632 152.690000 139.640000   11   31 1 1 1  360 1080
633 170.850000 185.710000   11   31 1 1 1  600  720
634 175.750000 154.040000   11   31 1 1 1  480 1080
635 198.200000 183.080000   11   31 1 1 1  540 1320
636 161.470000 179.870000   11   31 1 1 1  300 1080
637 194.180000 175.040000   11   31 1 1 1  600  720
638 146.980000 155.440000   11   30 1 1 1  360  480
639 149.380000 148.790000   11   30 1 1 1  540 1320
640 155.510000 149.760000   11   30 1 1 1  480 1080
641 148.130000 158.550000   11   30 1 1 1  420  720
642 158.920000 146.630000   11   30 1 1 1  480  780
643 171.990000 194.100000   11   30 1 1 1  360  960
644 160.850000 166.400000   11   30 1 1 1  600  840
645 168.360000 165.880000   11   30 1 1 1  420 1080
646 171.460000 186.870000   11   29 1 1 1  300  780
647 167.740000 166.660000   11   29 1 1 1  480 1080
648 180.670000 186.670000   11   29 1 1 1  420 1080
649 152.130000 159.710000   11   29 1 1 1  420 1080
650 194.840000 175.060000   11   29 1 1 1  480 1080
651 152.280000 160.510000   11   29 1 1 1  420 1080
652 150.570000 156.900000   11   28 1 1 1  420 1080
653 185.540000 163.220000   11   28 1 1 1  420 1080
654 146.760000 165.380000   11   28 1 1 1  420 1080
655 148.600000 139.070000   11   28 1 1 1  480  780
656 150.540000 156.850000   11   27 1 1 1  480 1080
657 152.630000 155.020000   11   27 1 1 1  480 1080
658 150.620000 156.770000   11   27 1 1 1  240 1080
659 149.770000 154.010000   11   27 1 1 1  420 1080
660 151.530000 154.490000   11   27 1 1 1  420 1080
661 162.550000 147.710000   11   27 1 1 1  600  720
662 160.650000 201.370000   11   27 1 1 1  480 1439
663 145.060000 153.890000   11   27 1 1 1  480 1080
664 164.880000 151.440000   11   26 1 1 1  600  780
665 162.370000 147.230000   11   26 1 1 1  360  480
666 149.330000 157.660000   11   26 1 1 1  420 1080
667 149.410000 160.120000   11   26 1 1 1  420 1080
668 150.490000 157.400000   11   26 1 1 1  480 1140
669 156.920000 145.960000   11   26 1 1 1  480 1080
670 154.780000 151.100000   11   26 1 1 1  390 1080
671 156.870000 144.820000   11   25 1 1 1  240  840
672 156.700000 145.640000   11   25 1 1 1  300  660
673 178.790000 157.630000   11   25 1 1 1  420 1080
674 181.000000 157.460000   11   25 1 1 1  600 1080
675 166.450000 160.160000   11   25 1 1 1  420  660
676 170.420000 160.980000   11   25 1 1 1  480 1080
677 162.370000 147.230000   11   24 1 1 1  360  480
678 154.290000 162.670000   11   24 1 1 1  480 1080
679 159.390000 171.380000   11   24 1 1 1  360  900
680 152.930000 161.280000   11   24 1 1 1  390 1080
681 150.900000 156.510000   11   24 1 1 1  420 1080
682 150.600000 160.460000   11   23 1 1 1  420 1080
683 146.520000 154.590000   11   23 1 1 1  540  840
684 149.770000 154.010000   11   23 1 1 1  420 1080
685 145.030000 154.750000   11   23 1 1 1  480 1080
686 151.230000 154.810000   11   22 1 1 1  540  840
687 152.050000 156.070000   11   22 1 1 1  420 1080
688 193.550000 195.610000   11   22 1 1 1  420 1080
689 192.340000 156.230000   11   22 1 1 1  420 1080
690 151.990000 153.850000   11   22 1 1 1  360 1080
691 152.930000 160.690000   11   21 1 1 1  420 1080
692 191.320000 184.230000   11   21 1 1 1  420 1080
693 150.540000 156.850000   11   21 1 1 1  480 1080
694 154.810000 150.360000   11   21 1 1 1  720  900
695 161.370000 152.500000   11   20 1 1 1  480 1080
696 150.670000 153.640000   11   20 1 1 1  420 1080
697 148.150000 138.210000   10   19 1 1 1  420 1080
698 151.000000 157.140000   10   19 1 1 1  420 1080
699 151.780000 154.240000   10   19 1 1 1  420 1080
700 149.810000 156.800000   10   19 1 1 1  420 1080
701 157.510000 146.260000   10   19 1 1 1  480 1080
702 151.480000 154.500000   10   19 1 1 1  420 1080
703 150.540000 156.850000   10   18 1 1 1  360 1080
704 156.920000 145.960000   10   18 1 1 1  420 1080
705 163.450000 180.570000   10   18 1 1 1  300  540
706 151.310000 159.210000   10   18 1 1 1  330 1080
707 167.750000 199.520000   10   18 1 1 1  420 1080
708 151.510000 154.550000   10   18 1 1 1  360  780
709 171.310000 185.730000   10   17 1 1 1  480 1080
710 154.270000 161.440000   10   17 1 1 1  420  780
711 194.330000 196.600000   10   16 1 1 1  420 1080
712 151.330000 153.630000   10   16 1 1 1  420 1080
713 144.620000 155.190000   10   16 1 1 1  540  780
714 150.320000 138.010000   10   16 1 1 1  480 1080
715 155.080000 144.800000   10   15 1 1 1  480 1320
716 162.580000 147.230000   10   14 1 1 1  480 1080
717 194.840000 175.060000   10   14 1 1 1  840 1080
718 150.900000 153.400000   10   14 1 1 1  420 1080
719 169.640000 172.750000   10   14 1 1 1  480 1080
720 157.120000 146.150000   10   14 1 1 1  630  780
721 150.570000 156.900000   10   13 1 1 1  600  780
722 152.930000 161.280000   10   13 1 1 1  420 1080
723 171.390000 185.920000   10   13 1 1 1  420 1080
724 146.980000 155.440000   10   12 1 1 1  420 1080
725 166.090000 171.870000   10   12 1 1 1  420 1080
726 161.540000 168.790000   10   12 1 1 1  420 1080
727 151.540000 147.990000   10   12 1 1 1  480 1290
728 162.030000 148.860000   10   12 1 1 1  450 1080
729 175.930000 165.590000   10   11 1 1 1  510  840
730 149.560000 156.860000   10   11 1 1 1  420 1080
731 171.570000 165.550000   10   10 1 1 1  540  720
732 194.740000 195.860000   10   10 1 1 1  360 1439
733 147.410000 166.840000   10   10 1 1 1  420 1080
734 149.330000 157.660000   10    9 1 1 1  420 1080
735 177.790000 151.970000   10    9 1 1 1  420 1080
736 149.410000 160.120000   10    8 1 1 1  420 1080
737 148.540000 156.090000   10    7 1 1 1  420 1080
738 150.890000 154.700000   10    7 1 1 1  420 1080
739 151.480000 154.480000   10    7 1 1 1  420 1080
740 193.910000 175.440000   10    7 1 1 1  420 1080
741 151.530000 154.490000   10    7 1 1 1  420 1080
742 162.630000 147.810000   10    7 1 1 1  420 1080
743 194.810000 175.130000   10    7 1 1 1  420 1080
744 168.360000 165.880000   10    5 1 1 1  420 1080
745 151.780000 154.240000   10    5 1 1 1  420 1080
746 151.250000 154.590000   10    5 1 1 1  420 1080
747 150.890000 154.700000   10    4 1 1 1  420 1080
748 152.650000 152.690000   10    2 1 1 1  420 1080
749 152.320000 154.730000   10    2 1 1 1  420 1080
750 192.540000 186.780000   11   22 1 1 1  420  900
751 171.870000 186.420000   26  322 1 1 1  420  480
752 171.310000 185.730000   33  479 1 1 1  450  960
753 169.750000 172.780000   42  655 1 1 1  420  900
754 168.160000 160.830000   22  251 1 1 1  405  780
755 144.620000 155.190000   27  351 1 1 1  420  900
756 146.890000 159.880000   20  204 1 1 1  480  960
757 160.880000 200.660000   11   23 1 1 1  600  840
758 163.030000 165.580000   22  249 1 1 1  390  750
759 162.550000 147.710000   44  681 1 1 1  360  900
760 150.540000 156.850000   46  731 1 1 1  420  540
761 155.460000 159.970000   23  265 1 1 1  420  780
762 175.820000 189.580000   12   59 1 1 1  600  720
763 155.230000 175.750000   15  103 1 1 1  180  660
764 158.260000 179.250000   12   53 1 1 1  540  780
765 149.810000 156.800000   21  236 1 1 1  360  960
766 151.530000 154.490000   31  424 1 1 1  420  720
767 149.330000 160.040000   41  620 1 1 1  450  900
768 149.410000 160.120000   35  506 1 1 1  435  840
769 150.320000 137.940000   31  422 1 1 1  420  900
770 150.540000 156.850000   76 1328 1 1 1  420  960
771 171.990000 194.100000   14   91 1 1 1  390  870
772 175.750000 189.280000   21  235 1 1 1  510  720
773 176.220000 190.990000   13   77 1 1 1  600  780
774 176.220000 190.990000   24  297 1 1 1  720  900
775 163.550000 180.500000   11   39 1 1 1    1 1439
776 163.610000 180.620000   46  737 1 1 1  420  540
777 163.450000 180.710000   18  179 1 1 1  480  900
778 163.610000 180.620000   23  264 1 1 1  420  720
779 155.600000 186.920000   16  135 1 1 1  360  480
780 171.470000 185.770000   23  269 1 1 1  510  660
781 171.380000 185.880000   18  177 1 1 1  480  900
782 188.220000 185.600000   14   95 1 1 1  720 1020
783 169.640000 172.710000   12   46 1 1 1    0 1080
784 169.750000 172.780000   12   53 1 1 1  360  720
785 169.800000 172.800000   20  207 1 1 1  720  840
786 169.750000 172.780000   13   74 1 1 1  540  900
787 169.640000 172.710000   19  199 1 1 1  480  720
788 171.100000 163.610000   12   43 1 1 1  420  600
789 177.090000 173.210000   16  124 1 1 1  840 1020
790 193.870000 174.970000   48  773 1 1 1  600  840
791 169.670000 173.660000   17  141 1 1 1  480 1380
792 153.040000 154.070000   29  393 1 1 1  420  690
793 154.180000 155.740000   15  107 1 1 1  420  840
794 161.540000 168.790000   13   61 1 1 1  480  900
795 161.120000 169.280000   13   71 1 1 1   60  840
796 162.350000 169.670000   15  107 1 1 1  630  840
797 163.080000 169.350000   21  221 1 1 1  360  720
798 168.250000 160.890000   19  190 1 1 1  480  660
799 169.030000 158.720000   15  109 1 1 1  420  660
800 172.320000 159.950000   23  264 1 1 1  600  960
801 161.210000 159.210000   14   93 1 1 1  420  720
802 160.250000 156.460000   12   51 1 1 1  300  840
803 162.570000 147.820000   21  235 1 1 1  360  540
804 162.550000 147.710000   19  185 1 1 1  420  660
805 159.070000 163.830000   13   67 1 1 1  600  990
806 160.780000 174.300000   14   89 1 1 1  360 1380
807 153.590000 174.350000   16  134 1 1 1  390  870
808 154.300000 171.420000   12   58 1 1 1  600  840
809 151.800000 160.460000   11   38 1 1 1  360  480
810 154.000000 156.860000   15  109 1 1 1  480 1320
811 149.890000 156.880000   23  262 1 1 1  360  660
812 159.660000 152.030000   17  154 1 1 1  600  780
813 159.980000 153.850000   13   61 1 1 1  720  960
814 169.330000 172.060000   17  151 1 1 1  360  720
815 169.790000 172.930000   14   82 1 1 1  420  930
816 169.670000 173.660000   14   86 1 1 1  480  900
817 149.280000 160.010000   22  255 1 1 1  360  600
818 169.670000 173.660000   13   62 1 1 1  360  840
819 157.740000 146.310000   21  226 1 1 1  510  660
820 145.900000 141.830000   12   49 1 1 1  540  660
821 146.030000 140.800000   20  215 1 1 1  840 1380
822 172.080000 175.650000   22  258 1 1 1  330  840
823 148.600000 139.070000   12   53 1 1 1  540 1080
824 148.410000 139.320000   16  121 1 1 1  660  900
825 159.700000 147.060000   21  234 1 1 1  420  600
826 159.710000 147.020000   10   16 1 1 1  480  660
827 159.710000 147.020000   45  703 1 1 1  480  660
828 151.090000 141.090000   12   49 1 1 1  240 1380
829 150.170000 138.090000   13   74 1 1 1  600  780
830 149.280000 138.170000   12   49 1 1 1  480  840
831 162.730000 147.840000   12   52 1 1 1  420  690
832 150.590000 156.540000   16  126 1 1 1   90  540
833 150.850000 152.280000   13   72 1 1 1  360  840
834 152.070000 150.350000   18  175 1 1 1  600  780
835 155.900000 145.980000   24  292 1 1 1  420  600
836 155.900000 145.980000   13   64 1 1 1  420 1080
837 159.650000 146.170000   24  286 1 1 1  480  720
838 159.650000 146.170000   25  306 1 1 1  540 1140
839 159.250000 154.580000   22  254 1 1 1  780  960
840 151.690000 157.880000   21  231 1 1 1  240  570
841 158.220000 159.100000   11   33 1 1 1  480  820
842 162.610000 147.910000   14   80 1 1 1  420  570
843 151.450000 157.420000   22  250 1 1 1  480  660
844 151.450000 157.420000   17  144 1 1 1  480  660
845 149.280000 160.320000   22  240 1 1 1  420  900
846 149.430000 160.160000   15  102 1 1 1  480 1439
847 151.780000 154.240000   18  175 1 1 1  480  630
848 150.570000 156.900000   26  326 1 1 1  420  720
849 150.530000 156.760000   13   63 1 1 1  360  630
850 151.490000 154.540000   14   95 1 1 1  360  600
851 149.410000 160.120000   55  916 1 1 1  360  510
852 150.540000 156.850000   14   90 1 1 1  420  780
853 150.540000 156.850000   14   99 1 1 1  360  660
854 151.490000 154.540000   15  112 1 1 1  600  900
855 161.870000 146.840000   13   70 1 1 1  360  660
856 150.700000 156.860000   14   92 1 1 1  540  870
857 150.700000 156.860000   16  130 1 1 1  420  540
858 151.620000 139.280000   14   96 1 1 1  480  840
859 172.970000 157.640000   17  143 1 1 1  240  720
860 157.800000 160.050000   13   77 1 1 1  390  660
861 176.670000 153.300000   15  108 1 1 1  360  960
862 163.000000 199.780000   19  189 1 1 1  540 1320
863 144.610000 155.270000   10   17 1 1 1  420  690
864 164.770000 164.880000   22  243 1 1 1  540  720
865 166.670000 168.300000   42  641 1 1 1  720 1050
866 162.610000 147.910000   11   31 1 1 1  690  810
867 160.780000 174.300000   11   25 1 1 1  360  780
868 153.310000 159.730000   11   33 1 1 1  240  420
869 151.770000 160.450000   17  154 1 1 1  360  600
870 155.530000 159.920000   16  127 1 1 1  480  840
871 154.830000 159.970000   15  101 1 1 1  540  660
872 156.970000 144.480000   15  110 1 1 1  480  780
873 150.540000 156.850000   27  350 1 1 1  360  600
874 150.570000 156.900000   12   41 1 1 1  480 1080
875 151.690000 154.250000   11   36 1 1 1  600  780
876 151.480000 154.480000   16  128 1 1 1  600  780
877 153.770000 149.300000   13   76 1 1 1  540 1380
878 153.770000 149.300000   10   17 1 1 1  600  900
879 187.900000 162.000000   15  117 1 1 1  600 1380
880 155.740000 147.580000   14   84 1 1 1  540  840
881 157.740000 146.310000   12   59 1 1 1  570  720
882 158.370000 146.580000   19  188 1 1 1  510  660
883 158.330000 146.780000   15  113 1 1 1  420 1320
884 168.180000 172.340000   13   68 1 1 1  420 1439
885 170.180000 172.920000   12   40 1 1 1    1  840
886 163.770000 165.090000   19  194 1 1 1  390 1110
887 151.560000 152.530000   13   68 1 1 1  420  540
888 152.650000 152.690000   13   62 1 1 1  840 1020
889 186.380000 156.700000   13   72 1 1 1    1 1439
890 157.950000 146.040000   22  255 1 1 1  420  720
891 160.530000 201.250000   15  110 1 1 1  540  960
892 194.290000 176.370000   12   57 1 1 1  600  720
893 172.240000 187.390000   22  252 1 1 1  600 1080
894 150.530000 156.760000   13   66 1 1 1  600  720
895 154.770000 152.930000   14   93 1 1 1  360  660
896 154.220000 150.690000   13   62 1 1 1  420  600
897 155.680000 161.820000   17  148 1 1 1  420  540
898 162.090000 160.650000   14   97 1 1 1  300  720
899 157.700000 155.630000   12   52 1 1 1  360 1020
900 193.850000 175.600000   16  129 1 1 1  720 1140
901 187.810000 161.970000   17  156 1 1 1  420 1320
902 169.750000 172.780000   18  179 1 1 1  420  840
903 187.900000 162.000000   14   85 1 1 1  480  720
904 151.560000 152.530000   11   21 1 1 1  540  780
905 151.560000 152.530000   14   89 1 1 1  420  720
906 160.450000 167.430000   18  176 1 1 1  360  540
907 150.560000 167.360000   12   44 1 1 1  360  840
908 167.210000 199.560000   14   87 1 1 1  570  930
909 162.680000 147.830000   12   46 1 1 1  480  690
910 161.870000 146.840000   11   28 1 1 1  450  690
911 149.250000 150.760000   60 1157 1 1 1  600 1080
