4 31 848 1
0 3900
  0 150.900000 153.400000    0    0 0 0      0 1440
  1 150.900000 153.400000  146 2737 1 1 1  420 1080
  2 165.750000 158.570000   49  781 1 1 1  540  900
  3 172.170000 186.500000   44  688 1 1 1  360  600
  4 149.890000 156.880000   39  584 1 1 1  420  600
  5 150.490000 157.400000   36  525 1 1 1  480 1140
  6 160.540000 160.150000   34  496 1 1 1  480  780
  7 151.560000 152.530000   33  477 1 1 1  450  570
  8 164.320000 180.640000   32  446 1 1 1  480 1080
  9 159.650000 146.170000   29  390 1 1 1  360 1439
 10 150.590000 156.540000   29  383 1 1 1  510  840
 11 150.350000 159.740000   27  359 1 1 1  390  720
 12 158.300000 154.530000   27  340 1 1 1  540  780
 13 149.200000 160.150000   26  338 1 1 1  480  660
 14 147.870000 156.090000   24  295 1 1 1  450  840
 15 162.680000 147.830000   24  295 1 1 1  420  540
 16 177.020000 171.260000   24  291 1 1 1  660 1020
 17 160.360000 177.560000   24  287 1 1 1  180  450
 18 162.370000 147.230000   24  286 1 1 1  420 1080
 19 159.650000 146.170000   24  280 1 1 1  480 1080
 20 171.180000 170.300000   24  280 1 1 1  480  870
 21 150.570000 156.900000   23  274 1 1 1  540  780
 22 169.980000 172.330000   22  259 1 1 1  540  720
 23 181.000000 157.460000   22  256 1 1 1  420  900
 24 149.250000 150.760000   22  250 1 1 1  600  900
 25 159.530000 181.420000   22  248 1 1 1  510  870
 26 187.850000 162.160000   22  243 1 1 1  600  900
 27 151.540000 147.990000   21  237 1 1 1  540  900
 28 162.610000 147.910000   21  234 1 1 1  420 1080
 29 151.820000 157.650000   21  232 1 1 1  480  840
 30 163.560000 166.030000   21  232 1 1 1  480  660
 31 185.570000 163.240000   21  229 1 1 1  420 1080
 32 159.020000 148.060000   21  228 1 1 1  330  480
 33 160.200000 168.850000   21  227 1 1 1  480  840
 34 172.010000 192.920000   21  227 1 1 1  600 1380
 35 163.550000 180.500000   21  224 1 1 1  420  720
 36 154.290000 162.670000   21  223 1 1 1  570  780
 37 151.330000 153.630000   20  216 1 1 1  300  420
 38 172.120000 194.570000   20  215 1 1 1  540 1200
 39 151.370000 161.020000   20  213 1 1 1  420  570
 40 194.180000 175.040000   20  210 1 1 1  840 1020
 41 149.280000 160.320000   20  205 1 1 1  420  660
 42 159.700000 147.060000   20  205 1 1 1  420  600
 43 158.730000 162.860000   20  204 1 1 1  240 1080
 44 162.550000 147.710000   20  204 1 1 1  540  705
 45 168.630000 164.510000   20  202 1 1 1  360  870
 46 149.410000 160.120000   20  201 1 1 1  420 1080
 47 148.790000 159.570000   19  199 1 1 1  540 1080
 48 158.500000 158.330000   19  199 1 1 1  600  840
 49 159.020000 181.550000   19  198 1 1 1  360  600
 50 165.350000 167.030000   19  197 1 1 1  540  780
 51 155.310000 168.200000   19  197 1 1 1  480  720
 52 150.540000 156.850000   19  196 1 1 1  600  720
 53 175.300000 171.610000   19  191 1 1 1  600  840
 54 154.170000 163.000000   19  189 1 1 1  540  750
 55 149.410000 160.120000   19  187 1 1 1  420 1080
 56 169.800000 172.800000   19  186 1 1 1  480  720
 57 159.710000 147.020000   19  185 1 1 1  360  540
 58 152.720000 148.410000   19  185 1 1 1  480  690
 59 148.790000 159.570000   19  184 1 1 1  360 1200
 60 194.550000 175.260000   19  184 1 1 1  420 1080
 61 161.930000 148.580000   19  181 1 1 1  420 1080
 62 143.930000 158.550000   18  179 1 1 1  540 1080
 63 194.180000 175.040000   18  177 1 1 1  540  720
 64 154.170000 163.000000   18  176 1 1 1  540  750
 65 171.450000 172.750000   18  176 1 1 1  420 1080
 66 149.870000 144.140000   18  174 1 1 1  180  810
 67 182.720000 171.000000   18  173 1 1 1  300  420
 68 176.850000 156.700000   18  172 1 1 1  540 1380
 69 151.560000 152.530000   18  170 1 1 1  420  720
 70 148.130000 158.550000   18  170 1 1 1  300  540
 71 154.590000 160.170000   18  169 1 1 1  540  780
 72 170.760000 166.500000   18  165 1 1 1  600  780
 73 187.820000 161.960000   18  164 1 1 1  480 1320
 74 154.290000 162.670000   18  164 1 1 1  600  780
 75 171.380000 185.880000   18  163 1 1 1  420 1080
 76 172.230000 187.110000   18  162 1 1 1  960 1020
 77 151.610000 157.360000   18  162 1 1 1  450  720
 78 152.830000 153.710000   18  160 1 1 1  600  720
 79 177.320000 167.660000   18  160 1 1 1  480 1080
 80 147.460000 140.950000   18  160 1 1 1  570  840
 81 156.640000 170.980000   17  158 1 1 1  480  720
 82 150.910000 156.040000   17  157 1 1 1  390  600
 83 160.490000 148.190000   17  156 1 1 1  480 1080
 84 160.470000 167.500000   17  156 1 1 1  300  900
 85 163.790000 185.870000   17  156 1 1 1  420  960
 86 149.440000 145.390000   17  155 1 1 1  360  720
 87 174.660000 167.600000   17  154 1 1 1  600 1020
 88 171.050000 185.560000   17  153 1 1 1  540  660
 89 171.050000 185.560000   17  151 1 1 1  600  720
 90 150.780000 162.390000   17  149 1 1 1  480 1080
 91 187.900000 162.000000   17  149 1 1 1  420 1080
 92 172.030000 175.580000   17  149 1 1 1  360  720
 93 156.440000 172.150000   17  148 1 1 1  540  780
 94 159.090000 153.430000   17  148 1 1 1  420 1080
 95 150.630000 156.890000   17  148 1 1 1  540  720
 96 151.740000 157.530000   17  147 1 1 1  420  720
 97 194.180000 175.040000   17  147 1 1 1  600  720
 98 173.990000 187.310000   17  146 1 1 1  420 1320
 99 150.620000 156.770000   17  146 1 1 1  540  720
100 159.700000 147.000000   17  146 1 1 1  540 1080
101 159.570000 146.170000   17  145 1 1 1  540  900
102 169.750000 172.780000   17  145 1 1 1  420 1080
103 145.840000 164.170000   17  143 1 1 1  480 1080
104 168.360000 165.880000   17  142 1 1 1  630  870
105 144.620000 155.190000   17  142 1 1 1  540 1439
106 170.830000 185.780000   17  141 1 1 1  420  540
107 150.540000 156.850000   17  141 1 1 1  540  840
108 170.490000 173.680000   17  141 1 1 1  420 1080
109 168.160000 160.830000   16  139 1 1 1  480  840
110 155.640000 167.730000   16  138 1 1 1  480  720
111 187.900000 162.000000   16  138 1 1 1  420 1080
112 175.540000 173.470000   16  137 1 1 1  600 1020
113 171.470000 185.770000   16  136 1 1 1  420  660
114 175.520000 164.270000   16  135 1 1 1  540  840
115 187.900000 162.000000   16  134 1 1 1  600 1439
116 188.320000 161.990000   16  134 1 1 1  480 1080
117 169.880000 183.530000   16  133 1 1 1  600 1080
118 150.620000 156.770000   16  129 1 1 1  360  720
119 153.620000 180.350000   16  129 1 1 1  360  720
120 171.550000 160.660000   16  128 1 1 1  840 1020
121 150.530000 156.760000   16  128 1 1 1  390  630
122 171.380000 185.880000   16  128 1 1 1  540  720
123 161.040000 148.390000   16  126 1 1 1  540  900
124 160.100000 148.740000   16  126 1 1 1  360 1200
125 158.220000 159.100000   16  125 1 1 1  420  720
126 151.910000 139.970000   16  125 1 1 1  240  360
127 176.610000 192.160000   16  125 1 1 1  480 1080
128 147.100000 155.430000   16  125 1 1 1  420  540
129 150.540000 156.850000   16  124 1 1 1  420  540
130 195.820000 193.370000   16  124 1 1 1  540  900
131 149.280000 160.010000   16  123 1 1 1  360  720
132 186.080000 168.830000   16  122 1 1 1  420  540
133 169.980000 172.330000   16  121 1 1 1  540  960
134 169.230000 162.120000   16  120 1 1 1  360  600
135 151.350000 159.780000   16  120 1 1 1  255  435
136 154.590000 176.050000   15  118 1 1 1  180  720
137 192.050000 156.270000   15  117 1 1 1  480 1380
138 151.390000 159.960000   15  115 1 1 1  410  630
139 159.740000 147.020000   15  115 1 1 1  360  660
140 172.080000 175.650000   15  115 1 1 1  480  720
141 174.710000 169.290000   15  115 1 1 1  420  720
142 178.790000 157.630000   15  115 1 1 1  420 1080
143 154.780000 148.950000   15  113 1 1 1  420  780
144 187.900000 162.000000   15  113 1 1 1  540 1140
145 152.090000 167.880000   15  113 1 1 1  360  600
146 149.500000 155.520000   15  113 1 1 1  480 1200
147 175.440000 192.910000   15  112 1 1 1  480 1080
148 161.560000 168.870000   15  112 1 1 1  360  960
149 174.080000 157.130000   15  111 1 1 1  480 1140
150 183.400000 170.650000   15  111 1 1 1  420 1080
151 165.970000 171.780000   15  109 1 1 1  540 1080
152 149.340000 140.340000   15  109 1 1 1  630  930
153 149.320000 162.540000   15  109 1 1 1    1  720
154 154.950000 162.400000   15  108 1 1 1  360  840
155 171.570000 165.550000   15  108 1 1 1  540  720
156 168.140000 166.900000   15  108 1 1 1  600  900
157 154.650000 137.660000   15  108 1 1 1  420  870
158 171.070000 184.690000   15  108 1 1 1  360  690
159 170.190000 159.670000   15  108 1 1 1  480 1080
160 151.560000 152.530000   15  108 1 1 1  360  780
161 156.100000 150.070000   15  107 1 1 1  720 1080
162 148.410000 139.320000   15  107 1 1 1  480 1080
163 148.150000 141.300000   15  107 1 1 1  660  900
164 153.330000 161.730000   15  106 1 1 1  570 1320
165 161.530000 160.910000   15  106 1 1 1  480 1080
166 150.900000 153.400000   15  106 1 1 1  300 1080
167 151.130000 162.600000   15  105 1 1 1  420 1080
168 151.480000 139.220000   15  105 1 1 1  420 1080
169 169.600000 172.730000   15  105 1 1 1  720 1320
170 191.460000 194.500000   15  105 1 1 1  480 1080
171 154.300000 171.420000   15  105 1 1 1  480  900
172 151.230000 138.430000   15  104 1 1 1  480  720
173 150.960000 162.770000   15  104 1 1 1  480  660
174 159.980000 153.850000   15  104 1 1 1  540 1020
175 150.580000 161.560000   15  104 1 1 1  480  600
176 155.330000 168.110000   15  104 1 1 1  240  720
177 151.230000 138.430000   15  104 1 1 1  360  720
178 154.780000 148.950000   15  104 1 1 1  480 1080
179 151.560000 152.530000   15  103 1 1 1  420 1080
180 151.640000 163.160000   15  103 1 1 1  420  660
181 152.830000 153.710000   15  103 1 1 1  600  780
182 174.590000 194.290000   15  103 1 1 1  840 1439
183 154.310000 163.040000   15  102 1 1 1  480 1080
184 159.070000 169.750000   15  102 1 1 1  600  840
185 179.610000 165.120000   15  102 1 1 1  420 1080
186 150.550000 156.860000   15  101 1 1 1  510  690
187 151.690000 154.250000   15  101 1 1 1  540  720
188 171.130000 185.870000   15  101 1 1 1  540  720
189 161.960000 185.740000   15  100 1 1 1  480  840
190 160.630000 160.810000   15  100 1 1 1  260  420
191 160.770000 147.250000   15  100 1 1 1  600 1380
192 179.130000 157.240000   14   99 1 1 1  510 1080
193 167.740000 166.660000   14   99 1 1 1  600  840
194 158.130000 151.380000   14   98 1 1 1  420  600
195 158.570000 155.510000   14   98 1 1 1  420 1080
196 169.710000 199.160000   14   98 1 1 1  600 1320
197 159.070000 163.830000   14   98 1 1 1  420 1080
198 165.520000 173.790000   14   97 1 1 1  480 1080
199 153.620000 180.350000   14   96 1 1 1  300  720
200 175.270000 182.320000   14   96 1 1 1  300  630
201 192.030000 156.250000   14   96 1 1 1  420 1080
202 153.200000 163.680000   14   96 1 1 1  480  720
203 150.540000 169.450000   14   96 1 1 1    1 1439
204 175.930000 165.590000   14   95 1 1 1  510  840
205 171.640000 170.330000   14   95 1 1 1  480  840
206 162.030000 148.860000   14   95 1 1 1  480  690
207 151.960000 153.870000   14   95 1 1 1  360  780
208 169.980000 172.330000   14   95 1 1 1  480 1200
209 159.340000 169.870000   14   95 1 1 1    1  780
210 144.880000 166.610000   14   94 1 1 1  540  960
211 171.460000 186.870000   14   94 1 1 1  300  780
212 146.760000 165.380000   14   94 1 1 1  420 1080
213 188.050000 162.060000   14   93 1 1 1  480 1080
214 154.590000 146.200000   14   93 1 1 1  240 1320
215 162.610000 147.910000   14   92 1 1 1  360  780
216 169.820000 172.600000   14   91 1 1 1  600  960
217 171.380000 185.880000   14   91 1 1 1  540  660
218 155.150000 167.810000   14   91 1 1 1  480 1080
219 156.970000 150.110000   14   91 1 1 1  480  780
220 148.020000 144.400000   14   90 1 1 1  375  930
221 161.120000 169.280000   14   90 1 1 1  540  900
222 169.640000 172.750000   14   90 1 1 1  540  900
223 159.560000 165.500000   14   90 1 1 1  540  900
224 159.580000 168.800000   14   90 1 1 1  540  780
225 169.750000 172.780000   14   89 1 1 1    0  720
226 175.440000 192.910000   14   89 1 1 1  480  870
227 191.400000 152.580000   14   89 1 1 1  420 1080
228 163.080000 169.350000   14   88 1 1 1  480 1080
229 150.040000 154.120000   14   88 1 1 1  420 1080
230 151.530000 154.490000   14   87 1 1 1  480 1380
231 170.760000 166.500000   14   87 1 1 1  720 1020
232 157.270000 158.780000   14   87 1 1 1  420  720
233 170.490000 173.680000   14   87 1 1 1  420 1080
234 176.260000 173.190000   14   87 1 1 1  840 1050
235 144.530000 156.580000   14   86 1 1 1  540  840
236 157.500000 152.870000   14   86 1 1 1  420 1080
237 150.670000 153.640000   14   86 1 1 1    1 1439
238 184.180000 158.460000   14   86 1 1 1  540 1320
239 172.640000 178.560000   14   86 1 1 1  420 1080
240 163.450000 180.570000   14   86 1 1 1  300  540
241 151.370000 161.020000   14   85 1 1 1  480  720
242 151.230000 154.810000   14   85 1 1 1  540  840
243 150.870000 155.890000   14   85 1 1 1  300  690
244 159.650000 146.170000   14   85 1 1 1  420 1080
245 164.410000 155.100000   14   84 1 1 1  540 1080
246 156.730000 141.350000   14   84 1 1 1  480 1080
247 149.150000 160.270000   14   83 1 1 1  360  810
248 150.620000 156.770000   14   83 1 1 1  420 1080
249 167.470000 169.650000   14   82 1 1 1  720 1020
250 149.500000 155.520000   14   82 1 1 1  360  720
251 154.150000 162.450000   14   81 1 1 1  540  840
252 151.530000 154.490000   14   80 1 1 1  600  720
253 176.670000 153.300000   14   80 1 1 1  420 1080
254 149.190000 161.210000   14   80 1 1 1  480  720
255 163.550000 180.500000   14   80 1 1 1  480 1080
256 162.350000 147.710000   14   80 1 1 1  480 1080
257 165.580000 162.460000   14   80 1 1 1  360  600
258 162.760000 147.840000   13   79 1 1 1  420 1080
259 168.970000 194.710000   13   79 1 1 1  480 1080
260 147.360000 159.370000   13   78 1 1 1  420 1080
261 150.110000 173.870000   13   78 1 1 1  480 1080
262 154.170000 171.520000   13   78 1 1 1  420 1080
263 194.500000 175.210000   13   78 1 1 1  840 1080
264 170.580000 174.020000   13   78 1 1 1  600 1320
265 175.200000 171.730000   13   78 1 1 1  600  840
266 150.590000 156.540000   13   77 1 1 1  240  480
267 180.000000 167.000000   13   76 1 1 1  480 1080
268 161.870000 146.840000   13   76 1 1 1  360  540
269 171.440000 191.440000   13   76 1 1 1  360 1200
270 176.710000 172.620000   13   75 1 1 1  420 1080
271 152.070000 150.350000   13   75 1 1 1  480 1080
272 175.900000 189.570000   13   75 1 1 1  480  600
273 169.800000 172.800000   13   75 1 1 1  540  720
274 151.960000 153.870000   13   75 1 1 1  360  480
275 156.640000 170.980000   13   75 1 1 1  360  720
276 172.200000 158.460000   13   75 1 1 1  420 1080
277 168.180000 160.840000   13   74 1 1 1  420  660
278 170.110000 186.590000   13   74 1 1 1  540  720
279 163.680000 198.120000   13   74 1 1 1  540  660
280 194.120000 186.410000   13   74 1 1 1  780  960
281 157.120000 146.150000   13   74 1 1 1  480  600
282 148.570000 162.000000   13   74 1 1 1  480 1080
283 166.980000 161.090000   13   74 1 1 1  390  600
284 144.620000 155.190000   13   74 1 1 1  570  630
285 155.680000 140.180000   13   74 1 1 1  420 1080
286 150.550000 156.860000   13   73 1 1 1  420 1080
287 154.430000 152.620000   13   73 1 1 1  330 1080
288 172.080000 175.650000   13   73 1 1 1  360  720
289 150.540000 169.450000   13   73 1 1 1  300  720
290 171.180000 170.300000   13   73 1 1 1  600 1080
291 162.090000 160.650000   13   73 1 1 1  360 1080
292 161.870000 146.840000   13   72 1 1 1  480 1080
293 167.540000 198.850000   13   72 1 1 1  660 1320
294 151.510000 154.550000   13   72 1 1 1  480 1080
295 175.210000 171.680000   13   72 1 1 1  600  900
296 149.920000 160.180000   13   72 1 1 1  480 1080
297 163.460000 180.580000   13   72 1 1 1  540 1050
298 151.230000 138.430000   13   71 1 1 1  480 1080
299 156.430000 168.430000   13   71 1 1 1  540  660
300 159.650000 146.170000   13   71 1 1 1  480 1080
301 154.810000 185.160000   13   71 1 1 1  300  660
302 172.010000 192.920000   13   70 1 1 1  480 1080
303 151.590000 157.370000   13   70 1 1 1  420  720
304 150.530000 156.760000   13   69 1 1 1  420  630
305 150.260000 138.160000   13   69 1 1 1  540  840
306 153.880000 149.850000   13   69 1 1 1  360 1380
307 150.320000 137.940000   13   69 1 1 1  540  840
308 175.110000 174.480000   13   69 1 1 1  720 1080
309 150.490000 157.400000   13   69 1 1 1  480 1080
310 156.850000 144.840000   13   69 1 1 1  420 1080
311 164.320000 180.640000   13   68 1 1 1  480 1080
312 163.090000 157.500000   13   68 1 1 1  600  900
313 146.520000 154.590000   13   68 1 1 1  540  840
314 151.230000 138.430000   13   68 1 1 1  600 1080
315 151.200000 154.620000   13   68 1 1 1  420  600
316 151.810000 160.430000   13   68 1 1 1  240  840
317 162.560000 147.720000   13   68 1 1 1  420 1080
318 171.150000 185.540000   13   68 1 1 1  540  720
319 160.780000 174.300000   13   67 1 1 1  420 1080
320 151.560000 152.530000   13   67 1 1 1  480 1080
321 160.770000 147.250000   13   67 1 1 1  360 1439
322 163.080000 169.350000   13   67 1 1 1  480 1080
323 151.150000 170.930000   13   66 1 1 1  300  720
324 160.500000 157.860000   13   66 1 1 1  540 1020
325 158.520000 146.040000   13   66 1 1 1  720  900
326 150.540000 156.850000   13   66 1 1 1  420 1080
327 165.750000 158.570000   13   66 1 1 1  480 1080
328 170.580000 174.020000   13   66 1 1 1  360 1439
329 156.910000 140.840000   13   66 1 1 1  600  990
330 155.080000 144.800000   13   66 1 1 1  480 1320
331 163.390000 158.360000   13   65 1 1 1  420  840
332 161.340000 172.210000   13   65 1 1 1  420 1080
333 156.870000 144.820000   13   65 1 1 1  240  840
334 171.600000 194.230000   13   65 1 1 1  960 1320
335 148.020000 160.980000   13   64 1 1 1  420 1080
336 155.900000 145.980000   13   64 1 1 1  540 1080
337 159.650000 146.170000   13   64 1 1 1  540  900
338 180.880000 186.690000   13   64 1 1 1  600 1020
339 180.910000 186.640000   13   64 1 1 1  420 1080
340 168.620000 159.120000   13   64 1 1 1  540  720
341 149.730000 149.400000   13   64 1 1 1  540 1380
342 148.410000 139.320000   13   63 1 1 1  600  780
343 161.420000 152.690000   13   63 1 1 1  480 1080
344 194.840000 175.060000   13   63 1 1 1  840 1140
345 154.130000 171.480000   13   63 1 1 1  540  840
346 151.090000 150.120000   13   63 1 1 1  570  840
347 160.770000 147.250000   13   62 1 1 1  420  720
348 158.540000 146.550000   13   62 1 1 1  480  780
349 194.840000 175.060000   13   62 1 1 1  480 1080
350 193.890000 175.000000   13   62 1 1 1  600  900
351 150.620000 156.770000   13   62 1 1 1  420 1080
352 156.130000 161.860000   13   62 1 1 1  440  570
353 162.370000 147.230000   13   62 1 1 1  330  600
354 146.100000 157.320000   13   61 1 1 1  480  720
355 150.780000 161.940000   13   61 1 1 1  480 1080
356 167.680000 171.100000   13   61 1 1 1  420  960
357 147.370000 161.220000   13   61 1 1 1  540  840
358 151.690000 154.250000   13   61 1 1 1  420 1080
359 151.690000 154.250000   13   61 1 1 1  420  600
360 151.780000 154.240000   13   61 1 1 1  420 1080
361 168.650000 176.580000   13   61 1 1 1  600 1260
362 148.040000 163.150000   13   60 1 1 1  480 1080
363 149.630000 159.140000   13   60 1 1 1  360 1020
364 171.180000 170.300000   13   60 1 1 1  360  480
365 149.570000 138.590000   13   60 1 1 1  600  900
366 157.970000 145.530000   12   59 1 1 1  600  840
367 163.080000 169.350000   12   59 1 1 1  480 1080
368 161.560000 168.890000   12   59 1 1 1  360  930
369 159.970000 166.850000   12   59 1 1 1  420  720
370 192.360000 196.150000   12   59 1 1 1  600 1320
371 171.990000 194.100000   12   59 1 1 1  360  960
372 176.610000 192.160000   12   58 1 1 1  720  900
373 170.690000 187.780000   12   58 1 1 1  600  780
374 171.470000 185.770000   12   58 1 1 1  480  720
375 169.950000 171.430000   12   58 1 1 1  480 1080
376 151.560000 152.530000   12   58 1 1 1  360  705
377 175.900000 189.570000   12   58 1 1 1  480 1080
378 174.590000 194.290000   12   57 1 1 1  420 1080
379 151.390000 156.950000   12   57 1 1 1  420 1080
380 158.230000 153.250000   12   57 1 1 1  420 1080
381 176.220000 190.990000   12   57 1 1 1  660  840
382 148.600000 139.070000   12   57 1 1 1  360 1080
383 150.570000 156.900000   12   57 1 1 1  420 1080
384 171.310000 185.730000   12   56 1 1 1  480  720
385 171.380000 185.880000   12   56 1 1 1  480  720
386 147.370000 161.220000   12   56 1 1 1  420 1080
387 168.590000 189.690000   12   56 1 1 1  360 1320
388 154.640000 158.340000   12   56 1 1 1  540 1320
389 147.300000 166.180000   12   56 1 1 1  420 1080
390 174.080000 157.130000   12   56 1 1 1  450 1200
391 171.360000 185.930000   12   55 1 1 1  960 1080
392 172.120000 186.780000   12   55 1 1 1  480 1080
393 170.180000 172.920000   12   55 1 1 1  420  780
394 157.850000 163.460000   12   55 1 1 1  420 1020
395 150.440000 156.500000   12   55 1 1 1  540  720
396 169.730000 172.740000   12   55 1 1 1  480  900
397 157.120000 146.150000   12   55 1 1 1  630  780
398 169.710000 181.690000   12   55 1 1 1    0 1080
399 174.590000 194.290000   12   55 1 1 1  480 1200
400 157.800000 150.680000   12   54 1 1 1  480 1080
401 154.210000 163.660000   12   54 1 1 1  360 1080
402 171.330000 164.510000   12   54 1 1 1  480  720
403 155.300000 168.150000   12   54 1 1 1  420  660
404 167.430000 172.250000   12   53 1 1 1  540 1380
405 157.710000 164.980000   12   53 1 1 1  480 1080
406 187.830000 161.840000   12   53 1 1 1  420 1080
407 146.980000 155.440000   12   53 1 1 1  300 1080
408 172.320000 170.660000   12   53 1 1 1  360 1080
409 170.490000 173.680000   12   52 1 1 1  480 1080
410 158.100000 146.480000   12   52 1 1 1  600  720
411 162.630000 147.810000   12   52 1 1 1  480 1080
412 162.630000 147.830000   12   52 1 1 1  480 1080
413 151.540000 147.990000   12   52 1 1 1  480 1290
414 171.290000 186.130000   12   52 1 1 1  600  660
415 178.220000 157.530000   12   52 1 1 1  360 1320
416 148.130000 158.550000   12   52 1 1 1  420  720
417 170.470000 185.680000   12   52 1 1 1    1  720
418 149.150000 160.270000   12   51 1 1 1  480 1080
419 151.200000 154.620000   12   51 1 1 1  420 1080
420 152.410000 164.210000   12   51 1 1 1  420 1320
421 158.400000 166.070000   12   51 1 1 1  360 1080
422 147.020000 155.410000   12   51 1 1 1  300  540
423 156.850000 144.840000   12   51 1 1 1  420 1080
424 150.230000 160.440000   12   51 1 1 1  540  720
425 150.080000 146.180000   12   51 1 1 1  420  960
426 150.600000 160.460000   12   51 1 1 1  420 1080
427 185.810000 189.420000   12   51 1 1 1  420 1080
428 150.540000 156.850000   12   51 1 1 1  420  540
429 162.350000 169.700000   12   51 1 1 1  480 1080
430 157.700000 155.630000   12   51 1 1 1  600  960
431 156.910000 140.840000   12   50 1 1 1  300 1080
432 157.800000 160.050000   12   50 1 1 1  420 1020
433 144.620000 155.190000   12   50 1 1 1  480 1080
434 152.050000 156.300000   12   50 1 1 1  720 1080
435 155.650000 140.200000   12   50 1 1 1  480 1080
436 163.310000 150.170000   12   50 1 1 1  480  780
437 171.320000 185.830000   12   50 1 1 1  360  600
438 171.370000 185.800000   12   50 1 1 1  480  690
439 148.420000 138.960000   12   50 1 1 1  540  840
440 161.420000 152.690000   12   49 1 1 1  480  720
441 154.190000 171.630000   12   49 1 1 1  480 1080
442 157.740000 146.310000   12   49 1 1 1  420 1080
443 169.830000 195.260000   12   49 1 1 1  480 1200
444 162.090000 160.650000   12   49 1 1 1  360 1080
445 165.810000 160.530000   12   49 1 1 1  420 1080
446 170.580000 174.020000   12   49 1 1 1  540 1320
447 162.660000 146.930000   12   48 1 1 1  480  750
448 152.650000 152.690000   12   48 1 1 1  420 1200
449 169.750000 172.780000   12   48 1 1 1  420 1080
450 158.960000 146.150000   12   48 1 1 1  570 1260
451 166.670000 168.300000   12   48 1 1 1  480 1080
452 193.830000 175.660000   12   48 1 1 1  600  900
453 156.970000 150.110000   12   48 1 1 1  480 1080
454 163.550000 180.500000   12   48 1 1 1  360  660
455 149.320000 162.540000   12   48 1 1 1  360 1320
456 188.680000 196.150000   12   47 1 1 1  420 1430
457 149.200000 160.150000   12   47 1 1 1  480 1080
458 150.160000 156.700000   12   47 1 1 1  540  720
459 158.920000 146.630000   12   47 1 1 1  480  780
460 191.320000 184.230000   12   47 1 1 1  420 1080
461 160.850000 166.400000   12   46 1 1 1  600  840
462 188.670000 156.080000   12   46 1 1 1  480 1080
463 149.150000 160.270000   12   46 1 1 1  420 1080
464 162.030000 148.860000   12   46 1 1 1  450 1080
465 151.780000 154.240000   12   46 1 1 1  420 1080
466 152.130000 159.710000   12   46 1 1 1  420 1080
467 145.250000 158.770000   12   45 1 1 1  540  840
468 148.000000 144.280000   12   45 1 1 1  780 1320
469 169.640000 172.750000   12   45 1 1 1  420 1080
470 162.560000 147.720000   12   45 1 1 1  300 1080
471 180.670000 186.670000   12   45 1 1 1  420 1080
472 156.920000 145.960000   12   45 1 1 1  480 1200
473 166.090000 171.870000   12   45 1 1 1  420 1080
474 154.150000 162.450000   12   45 1 1 1  480 1080
475 150.160000 156.700000   12   45 1 1 1  540  780
476 162.090000 160.650000   12   44 1 1 1  360 1080
477 151.710000 174.970000   12   44 1 1 1  360  780
478 160.250000 156.460000   12   44 1 1 1  540  780
479 157.700000 155.630000   12   44 1 1 1  480 1080
480 174.050000 152.230000   12   44 1 1 1  420 1380
481 161.910000 170.980000   12   44 1 1 1  840 1080
482 150.840000 155.200000   12   44 1 1 1  420 1080
483 149.730000 149.400000   12   44 1 1 1  540 1439
484 158.380000 172.890000   12   43 1 1 1  480 1080
485 193.550000 195.610000   12   43 1 1 1  420 1080
486 149.400000 159.920000   12   43 1 1 1  420  690
487 152.830000 153.710000   12   43 1 1 1  480  780
488 160.540000 160.150000   12   43 1 1 1  540  900
489 149.920000 160.180000   12   43 1 1 1  540  720
490 161.420000 152.690000   12   43 1 1 1  480  720
491 176.220000 190.990000   12   42 1 1 1  480 1080
492 161.340000 172.210000   12   42 1 1 1  540  900
493 151.250000 154.590000   12   42 1 1 1  480  780
494 156.920000 145.960000   12   42 1 1 1  360 1080
495 159.970000 166.850000   12   41 1 1 1  360  540
496 154.340000 156.600000   12   41 1 1 1  420 1080
497 193.850000 175.600000   12   41 1 1 1  840 1080
498 163.190000 155.250000   12   41 1 1 1  480 1080
499 177.070000 173.460000   12   41 1 1 1  480 1080
500 149.190000 161.210000   12   41 1 1 1  420 1080
501 152.830000 153.710000   12   40 1 1 1  480 1080
502 163.250000 170.010000   12   40 1 1 1  420  720
503 150.000000 143.390000   12   40 1 1 1  420 1080
504 185.540000 156.830000   12   40 1 1 1  420 1080
505 150.540000 156.850000   12   40 1 1 1  420 1080
506 159.720000 146.970000   12   40 1 1 1  480  960
507 151.330000 153.630000   12   40 1 1 1  420 1080
508 194.840000 175.060000   12   40 1 1 1  840 1080
509 150.900000 153.400000   12   40 1 1 1  420 1080
510 171.150000 185.540000   12   40 1 1 1  420 1080
511 187.900000 162.000000   12   40 1 1 1  600 1320
512 164.640000 152.780000   11   39 1 1 1  660  840
513 169.730000 172.480000   11   39 1 1 1  420 1080
514 153.490000 172.060000   11   39 1 1 1  420  900
515 158.850000 152.580000   11   39 1 1 1  480 1080
516 170.420000 160.980000   11   39 1 1 1  840 1140
517 171.900000 194.450000   11   39 1 1 1  600 1200
518 145.080000 160.160000   11   39 1 1 1  420  840
519 169.670000 172.700000   11   39 1 1 1  480  720
520 170.830000 185.780000   11   38 1 1 1  480 1080
521 162.370000 147.230000   11   38 1 1 1  360  480
522 161.960000 148.230000   11   38 1 1 1  420 1080
523 169.640000 172.750000   11   38 1 1 1  540 1320
524 152.330000 152.390000   11   38 1 1 1  330  510
525 193.890000 175.000000   11   38 1 1 1  540  900
526 186.260000 187.470000   11   38 1 1 1  540 1320
527 162.030000 148.860000   11   38 1 1 1  450  690
528 158.730000 162.860000   11   38 1 1 1  420 1080
529 145.430000 155.020000   11   38 1 1 1  480 1080
530 175.880000 189.880000   11   37 1 1 1  540  660
531 182.190000 154.770000   11   37 1 1 1  720 1080
532 155.300000 168.150000   11   37 1 1 1  450  900
533 162.030000 148.860000   11   37 1 1 1  450 1080
534 162.320000 166.570000   11   37 1 1 1  480  660
535 175.820000 189.580000   11   37 1 1 1  360  660
536 168.510000 164.110000   11   36 1 1 1  480 1080
537 159.340000 168.090000   11   36 1 1 1  360  600
538 152.050000 156.070000   11   36 1 1 1  420 1080
539 152.630000 155.020000   11   36 1 1 1  720  840
540 171.140000 169.850000   11   36 1 1 1  420  840
541 151.820000 155.410000   11   36 1 1 1  480 1080
542 162.550000 147.320000   11   36 1 1 1  420 1080
543 152.830000 153.710000   11   36 1 1 1  480 1080
544 187.810000 161.970000   11   35 1 1 1  480 1080
545 151.560000 152.530000   11   35 1 1 1  480  840
546 144.580000 155.210000   11   35 1 1 1  660  900
547 170.610000 192.610000   11   35 1 1 1  420 1080
548 167.880000 172.840000   11   35 1 1 1  420  900
549 151.780000 154.240000   11   35 1 1 1  420 1080
550 150.540000 156.850000   11   35 1 1 1  480 1080
551 152.650000 152.690000   11   35 1 1 1  420 1080
552 145.030000 154.750000   11   34 1 1 1  390  540
553 169.930000 184.750000   11   34 1 1 1  900 1140
554 144.660000 155.800000   11   33 1 1 1  480 1080
555 151.310000 157.390000   11   33 1 1 1  420 1080
556 155.390000 158.580000   11   33 1 1 1  480 1080
557 149.920000 156.060000   11   33 1 1 1  390  630
558 164.050000 171.780000   11   33 1 1 1  900 1080
559 171.570000 165.550000   11   33 1 1 1  480 1080
560 151.700000 150.860000   11   33 1 1 1  540  660
561 151.310000 159.210000   11   33 1 1 1  330 1080
562 171.420000 186.260000   11   32 1 1 1  780  960
563 152.070000 150.350000   11   32 1 1 1  660  780
564 149.380000 148.790000   11   32 1 1 1  540 1320
565 149.430000 160.160000   11   32 1 1 1  480  780
566 161.740000 152.690000   11   32 1 1 1  540  900
567 161.400000 148.330000   11   32 1 1 1  540 1200
568 151.480000 154.500000   11   31 1 1 1  480 1080
569 165.520000 173.790000   11   31 1 1 1  540 1080
570 161.120000 169.280000   11   31 1 1 1  360 1080
571 150.320000 138.010000   11   31 1 1 1  480 1080
572 145.250000 158.770000   11   31 1 1 1  540 1080
573 175.040000 154.330000   11   31 1 1 1  360 1439
574 154.870000 168.230000   11   31 1 1 1  330  720
575 152.690000 139.640000   11   31 1 1 1  300 1080
576 176.160000 193.010000   11   31 1 1 1  780  960
577 179.030000 167.590000   11   31 1 1 1  540 1050
578 175.300000 171.610000   11   30 1 1 1  600 1080
579 147.050000 152.520000   11   30 1 1 1  420 1080
580 151.510000 154.550000   11   30 1 1 1  360  780
581 152.070000 150.350000   11   30 1 1 1  420 1080
582 160.280000 168.380000   11   29 1 1 1  360  960
583 161.930000 148.580000   11   29 1 1 1  450  720
584 155.480000 144.120000   11   29 1 1 1  540 1320
585 170.850000 185.710000   11   29 1 1 1  600  660
586 152.580000 151.770000   11   29 1 1 1  300 1080
587 147.940000 161.310000   11   28 1 1 1  420  900
588 157.500000 152.870000   11   28 1 1 1  420 1080
589 152.160000 155.360000   11   28 1 1 1  420 1080
590 198.150000 190.790000   11   28 1 1 1  480 1080
591 159.650000 146.170000   11   28 1 1 1  480 1080
592 150.490000 140.760000   11   27 1 1 1  300 1320
593 192.340000 156.230000   11   27 1 1 1  420 1080
594 154.960000 149.810000   11   27 1 1 1  480 1080
595 162.320000 166.570000   11   27 1 1 1  480  720
596 150.570000 156.900000   11   27 1 1 1  540  780
597 170.830000 185.780000   11   27 1 1 1  360  600
598 171.170000 162.180000   11   27 1 1 1  840 1200
599 159.390000 171.380000   11   27 1 1 1  360  900
600 162.540000 194.170000   11   27 1 1 1  480 1260
601 154.380000 187.000000   11   27 1 1 1  480 1080
602 150.550000 156.860000   11   27 1 1 1  540  720
603 155.540000 151.540000   11   27 1 1 1  480 1080
604 150.310000 137.880000   11   26 1 1 1  480 1080
605 151.820000 155.410000   11   26 1 1 1  480 1080
606 188.680000 196.150000   11   26 1 1 1  420 1080
607 146.980000 155.440000   11   26 1 1 1  360  480
608 155.510000 155.690000   11   25 1 1 1  840 1140
609 181.000000 157.460000   11   25 1 1 1  420 1080
610 151.530000 154.490000   11   25 1 1 1  420 1080
611 185.540000 163.220000   11   25 1 1 1  420 1080
612 151.000000 157.140000   11   25 1 1 1  420 1080
613 150.550000 156.860000   11   25 1 1 1  540  900
614 162.790000 152.290000   11   25 1 1 1  600  840
615 149.410000 160.120000   11   25 1 1 1  420 1080
616 148.120000 164.550000   11   25 1 1 1  540 1080
617 157.470000 164.130000   11   24 1 1 1  420 1080
618 146.640000 153.960000   11   24 1 1 1  540 1080
619 159.970000 166.850000   11   24 1 1 1  480 1080
620 152.620000 156.820000   11   24 1 1 1  420 1080
621 157.620000 157.400000   11   24 1 1 1  540  900
622 150.760000 165.040000   11   24 1 1 1  450  870
623 175.300000 171.610000   11   23 1 1 1  420 1080
624 144.620000 155.190000   11   23 1 1 1  540  720
625 185.540000 163.220000   11   23 1 1 1  420 1080
626 150.540000 156.850000   11   22 1 1 1  360 1080
627 151.390000 156.950000   11   22 1 1 1  420 1080
628 151.490000 154.540000   11   22 1 1 1  420 1080
629 166.450000 160.160000   11   22 1 1 1  480 1080
630 147.940000 161.310000   11   22 1 1 1  480 1080
631 150.570000 156.900000   11   22 1 1 1  420  660
632 153.620000 174.440000   11   22 1 1 1  360 1080
633 151.100000 160.750000   11   21 1 1 1  360 1080
634 158.730000 162.860000   11   21 1 1 1  240 1080
635 156.700000 145.640000   11   21 1 1 1  300  660
636 148.150000 138.210000   11   21 1 1 1  420 1080
637 151.330000 154.190000   11   20 1 1 1  420 1080
638 167.110000 186.200000   11   20 1 1 1  480  720
639 148.440000 153.580000   10   19 1 1 1  420 1080
640 152.650000 152.690000   10   19 1 1 1  420 1080
641 149.770000 154.010000   10   19 1 1 1  420 1080
642 151.510000 154.550000   10   19 1 1 1  420 1080
643 175.430000 156.090000   10   19 1 1 1  420 1320
644 164.880000 151.440000   10   19 1 1 1  600  780
645 158.370000 146.580000   10   19 1 1 1  480 1080
646 167.740000 166.660000   10   19 1 1 1  480 1080
647 174.190000 163.710000   10   18 1 1 1  480 1080
648 158.140000 143.410000   10   18 1 1 1  480 1080
649 155.480000 144.120000   10   18 1 1 1  480 1080
650 152.930000 161.280000   10   17 1 1 1  420 1080
651 166.450000 160.160000   10   17 1 1 1  480  780
652 170.580000 174.020000   10   17 1 1 1  420 1080
653 150.990000 149.450000   10   16 1 1 1  510 1080
654 151.330000 153.630000   10   16 1 1 1  420 1080
655 162.630000 147.830000   10   16 1 1 1  540  690
656 153.770000 149.300000   10   16 1 1 1  420 1080
657 193.890000 175.000000   10   15 1 1 1  420 1080
658 154.020000 151.390000   10   15 1 1 1  480 1080
659 151.690000 154.250000   10   15 1 1 1  420 1080
660 149.320000 162.540000   10   14 1 1 1  420 1080
661 194.330000 196.600000   10   13 1 1 1  420 1080
662 150.900000 156.510000   10   13 1 1 1  420 1080
663 198.200000 183.080000   10   13 1 1 1  540 1320
664 150.590000 156.540000   10   13 1 1 1  480 1080
665 169.800000 172.800000   10   12 1 1 1  480  660
666 150.900000 153.400000   10   12 1 1 1  420 1080
667 187.140000 161.840000   10   12 1 1 1  420 1080
668 146.760000 165.380000   10   11 1 1 1  540  900
669 148.540000 156.090000   10   11 1 1 1  420 1080
670 150.540000 156.850000   10   11 1 1 1  420  660
671 159.690000 145.900000   10   11 1 1 1  420  870
672 149.000000 161.510000   10   11 1 1 1  420  870
673 162.660000 147.800000   10   10 1 1 1  480 1080
674 150.600000 137.180000   10   10 1 1 1  420  660
675 171.100000 186.020000   10   10 1 1 1  420 1080
676 152.930000 161.280000   10    8 1 1 1  390 1080
677 151.480000 154.480000   10    7 1 1 1  420 1080
678 198.530000 191.430000   10    6 1 1 1  480 1080
679 152.630000 155.020000   10    6 1 1 1  480 1080
680 176.710000 172.620000   10    6 1 1 1  480 1080
681 170.130000 152.180000   10    5 1 1 1  420 1080
682 152.650000 152.690000   10    5 1 1 1  420 1080
683 156.820000 164.570000   10    5 1 1 1  420 1080
684 150.840000 155.200000   10    5 1 1 1  420 1080
685 151.560000 152.530000   10    5 1 1 1  420 1080
686 150.670000 153.640000   10    4 1 1 1  420 1080
687 161.240000 168.460000   10    4 1 1 1  480 1080
688 154.290000 162.670000   10    4 1 1 1  480 1080
689 150.670000 153.640000   10    4 1 1 1  420 1080
690 168.360000 165.880000   10    3 1 1 1  420 1080
691 151.490000 154.540000   10    3 1 1 1  480 1080
692 152.680000 156.210000   10    3 1 1 1  420 1080
693 170.840000 165.210000   10    3 1 1 1  480 1080
694 152.580000 151.770000   10    2 1 1 1  420 1080
695 151.080000 154.410000   10    2 1 1 1  420 1080
696 150.890000 154.700000   10    2 1 1 1  420 1080
697 159.700000 147.000000   10    2 1 1 1  480 1080
698 162.660000 146.930000   10    1 1 1 1  480  780
699 176.160000 193.010000   10    1 1 1 1  720  840
700 149.410000 160.120000   10    1 1 1 1  420 1080
701 152.330000 152.390000   10    1 1 1 1  420 1080
702 149.770000 154.010000   10    1 1 1 1  420 1080
703 156.330000 148.510000   10    0 1 1 1  480 1080
704 160.540000 160.150000   10    0 1 1 1  480 1080
705 171.870000 186.420000   14   89 1 1 1  420  480
706 169.750000 172.780000   22  253 1 1 1  420  600
707 168.160000 160.830000   14   98 1 1 1  405  780
708 144.620000 155.190000   11   35 1 1 1  420  720
709 146.890000 159.880000   12   48 1 1 1  480  600
710 162.550000 147.710000   24  287 1 1 1  360  600
711 150.540000 156.850000   85 1505 1 1 1  420 1080
712 155.460000 159.970000   22  252 1 1 1  420  780
713 175.820000 189.580000   12   47 1 1 1  600  660
714 155.230000 175.750000   11   21 1 1 1  180  660
715 158.260000 179.250000   12   59 1 1 1  540  780
716 149.810000 156.800000   15  105 1 1 1  360  960
717 151.530000 154.490000   25  318 1 1 1  420  600
718 149.330000 160.040000   22  257 1 1 1  450  540
719 149.410000 160.120000   33  462 1 1 1  435  600
720 150.320000 137.940000   11   23 1 1 1  420  780
721 150.540000 156.850000   66 1134 1 1 1  420  600
722 171.990000 194.100000   15  101 1 1 1  390  870
723 175.750000 189.280000   16  128 1 1 1  510  720
724 176.220000 190.990000   14   93 1 1 1  600  780
725 176.220000 190.990000   51  827 1 1 1  720  900
726 163.550000 180.500000   11   28 1 1 1    1 1439
727 163.610000 180.620000   44  696 1 1 1  360  480
728 163.450000 180.710000   20  203 1 1 1  480  900
729 163.610000 180.620000   17  158 1 1 1  420  720
730 171.470000 185.770000   23  267 1 1 1  510  660
731 171.380000 185.880000   11   31 1 1 1  540  720
732 171.380000 185.880000   24  298 1 1 1  480  900
733 188.220000 185.600000   15  108 1 1 1  720 1020
734 193.550000 195.610000   12   40 1 1 1  360 1350
735 169.640000 172.710000   15  104 1 1 1    0 1080
736 169.750000 172.780000   14   88 1 1 1  360  720
737 169.800000 172.800000   22  247 1 1 1  720  840
738 169.750000 172.780000   16  122 1 1 1  540  900
739 169.640000 172.710000   16  126 1 1 1  480  720
740 171.100000 163.610000   16  137 1 1 1  420  600
741 177.090000 173.210000   12   48 1 1 1  840 1020
742 193.870000 174.970000   26  322 1 1 1  600  840
743 169.670000 173.660000   17  157 1 1 1  480 1380
744 153.040000 154.070000   24  291 1 1 1  420  690
745 154.180000 155.740000   13   70 1 1 1  420  840
746 161.540000 168.790000   12   48 1 1 1  480  900
747 161.120000 169.280000   11   31 1 1 1   60  840
748 162.350000 169.700000   15  100 1 1 1  630  840
749 163.080000 169.350000   15  110 1 1 1  360  720
750 168.250000 160.890000   18  168 1 1 1  480  660
751 169.030000 158.720000   10    4 1 1 1  420  660
752 172.320000 159.950000   17  147 1 1 1  660  960
753 161.210000 159.210000   14   94 1 1 1  420  720
754 160.250000 156.460000   17  145 1 1 1  300  840
755 162.570000 147.820000   20  213 1 1 1  360  540
756 162.550000 147.710000   18  177 1 1 1  420  660
757 159.070000 163.830000   13   67 1 1 1  600  990
758 160.780000 174.300000   15  108 1 1 1  360 1380
759 153.590000 174.350000   12   46 1 1 1  390  870
760 151.800000 160.460000   11   37 1 1 1  360  480
761 154.000000 156.860000   15  113 1 1 1  480 1320
762 149.890000 156.880000   22  252 1 1 1  360  660
763 159.660000 152.030000   17  142 1 1 1  600  780
764 159.980000 153.850000   15  115 1 1 1  720  960
765 169.330000 172.060000   19  181 1 1 1  360  720
766 169.670000 173.660000   15  100 1 1 1  480  900
767 149.280000 160.010000   15  104 1 1 1  360  480
768 169.670000 173.660000   15  118 1 1 1  360  840
769 157.740000 146.310000   17  151 1 1 1  510  660
770 145.900000 141.830000   12   59 1 1 1  540  660
771 146.030000 140.800000   21  226 1 1 1  840 1380
772 172.080000 175.650000   16  127 1 1 1  330  840
773 148.410000 139.320000   12   51 1 1 1  600  780
774 159.700000 147.060000   20  201 1 1 1  420  600
775 159.710000 147.020000   13   61 1 1 1  420  600
776 159.710000 147.020000   55  917 1 1 1  480  660
777 151.090000 141.090000   14   80 1 1 1  240 1380
778 150.170000 138.090000   11   37 1 1 1  600  780
779 149.280000 138.170000   17  149 1 1 1  480  840
780 150.590000 156.540000   26  334 1 1 1   90  573
781 152.070000 150.350000   12   41 1 1 1  600  780
782 155.900000 145.980000   31  439 1 1 1  420  600
783 155.900000 145.980000   17  143 1 1 1  420 1080
784 159.650000 146.170000   12   50 1 1 1  480  720
785 159.650000 146.170000   24  293 1 1 1  540 1140
786 151.690000 157.880000   16  136 1 1 1  240  570
787 158.220000 159.100000   12   46 1 1 1  480  820
788 162.610000 147.910000   16  138 1 1 1  420  570
789 151.450000 157.420000   20  217 1 1 1  480  660
790 151.450000 157.420000   14   93 1 1 1  480  660
791 149.280000 160.320000   14   82 1 1 1  420  900
792 151.780000 154.240000   12   45 1 1 1  480  630
793 150.570000 156.900000   16  137 1 1 1  420  720
794 150.530000 156.760000   21  239 1 1 1  360  630
795 151.490000 154.540000   14   90 1 1 1  360  600
796 149.410000 160.120000   39  591 1 1 1  360  510
797 162.030000 148.860000   13   69 1 1 1  420  660
798 150.540000 156.850000   16  137 1 1 1  420  780
799 150.540000 156.850000   16  129 1 1 1  360  660
800 151.490000 154.540000   18  174 1 1 1  600  900
801 161.870000 146.840000   14   90 1 1 1  360  660
802 150.700000 156.860000   14   80 1 1 1  540  870
803 150.700000 156.860000   16  130 1 1 1  600  720
804 151.620000 139.280000   15  107 1 1 1  480  840
805 172.970000 157.640000   21  231 1 1 1  240  720
806 163.000000 199.780000   12   47 1 1 1  450  495
807 144.610000 155.270000   14   93 1 1 1  420  690
808 164.770000 164.880000   12   51 1 1 1  540  720
809 166.670000 168.300000   10   12 1 1 1  720 1050
810 162.610000 147.910000   12   50 1 1 1  690  810
811 153.310000 159.730000   14   93 1 1 1  240  420
812 151.770000 160.450000   18  165 1 1 1  360  600
813 155.530000 159.920000   15  109 1 1 1  480  840
814 154.830000 159.970000   14   93 1 1 1  540  660
815 156.970000 144.480000   13   75 1 1 1  480  780
816 150.540000 156.850000   14   85 1 1 1  360  600
817 150.570000 156.900000   13   62 1 1 1  480 1080
818 151.480000 154.480000   13   74 1 1 1  600  780
819 153.770000 149.300000   15  105 1 1 1  540 1380
820 187.610000 167.270000   17  159 1 1 1  420  720
821 187.900000 162.000000   14   81 1 1 1  600 1380
822 155.740000 147.580000   13   69 1 1 1  540  840
823 157.740000 146.310000   12   52 1 1 1  570  720
824 158.370000 146.580000   15  117 1 1 1  510  660
825 158.330000 146.780000   16  126 1 1 1  420 1200
826 168.180000 172.340000   15  116 1 1 1  420 1439
827 170.180000 172.920000   13   66 1 1 1    1  840
828 163.770000 165.090000   23  274 1 1 1  390  840
829 151.560000 152.530000   24  290 1 1 1  420  540
830 178.790000 157.630000   12   41 1 1 1  480 1080
831 186.380000 156.700000   13   69 1 1 1    1 1439
832 157.950000 146.040000   29  383 1 1 1  480  660
833 194.290000 176.370000   11   29 1 1 1  600  720
834 172.240000 187.390000   16  137 1 1 1  600  900
835 171.470000 185.770000   11   23 1 1 1  420  690
836 150.530000 156.760000   14   81 1 1 1  600  720
837 154.770000 152.930000   25  305 1 1 1  360  660
838 155.680000 161.820000   12   41 1 1 1  420  540
839 162.090000 160.650000   15  108 1 1 1  300  720
840 157.700000 155.630000   13   73 1 1 1  420  780
841 193.850000 175.600000   14   81 1 1 1  720 1140
842 187.810000 161.970000   14   96 1 1 1  420 1320
843 169.750000 172.780000   17  151 1 1 1  420  840
844 187.900000 162.000000   15  111 1 1 1  480  720
845 151.560000 152.530000   10    6 1 1 1  420  720
846 150.560000 167.360000   13   78 1 1 1  360  840
847 167.210000 199.560000   13   76 1 1 1  570  930
848 162.680000 147.830000   12   55 1 1 1  480  690
