4 36 1034 1
0 3900
  0 150.900000 153.400000    0    0 0 0      0 1440
  1 149.250000 150.760000  119 2187 1 1 1  600 1080
  2 161.960000 185.740000   46  735 1 1 1  480 1020
  3 149.410000 160.120000   39  585 1 1 1  420 1080
  4 150.900000 153.400000   37  556 1 1 1  420 1080
  5 194.200000 175.030000   31  427 1 1 1  840  960
  6 193.320000 175.430000   30  417 1 1 1  360  750
  7 151.800000 154.830000   30  403 1 1 1  420  780
  8 169.600000 172.730000   29  396 1 1 1  720 1320
  9 156.870000 144.820000   29  380 1 1 1  420  720
 10 159.020000 148.060000   27  354 1 1 1  330  480
 11 148.540000 156.090000   27  354 1 1 1  420 1080
 12 193.870000 174.970000   27  349 1 1 1  600  840
 13 186.080000 168.830000   27  344 1 1 1  420  540
 14 197.900000 159.070000   26  336 1 1 1  600 1020
 15 185.570000 163.240000   25  309 1 1 1  420 1080
 16 171.380000 185.880000   25  308 1 1 1  480 1080
 17 160.360000 177.560000   25  307 1 1 1  180  450
 18 150.350000 159.740000   25  306 1 1 1  390  720
 19 159.650000 146.170000   24  292 1 1 1  360 1439
 20 177.320000 167.660000   24  288 1 1 1  480 1080
 21 197.900000 159.070000   23  279 1 1 1  480 1020
 22 148.150000 141.300000   23  273 1 1 1  840 1020
 23 151.560000 152.530000   22  254 1 1 1  420  720
 24 175.270000 182.320000   22  249 1 1 1  300  630
 25 160.100000 148.740000   22  249 1 1 1  240  720
 26 192.960000 174.160000   22  248 1 1 1  420  660
 27 159.650000 146.170000   22  245 1 1 1  540 1260
 28 161.930000 148.580000   22  244 1 1 1  420 1080
 29 155.310000 168.200000   22  242 1 1 1  480  720
 30 171.130000 185.870000   21  239 1 1 1  540  720
 31 149.440000 145.390000   21  239 1 1 1  360  720
 32 152.410000 164.210000   21  237 1 1 1  420 1320
 33 147.870000 156.090000   21  236 1 1 1  450  840
 34 171.360000 185.930000   21  233 1 1 1  420 1080
 35 151.910000 139.970000   21  233 1 1 1  540 1439
 36 156.970000 161.140000   21  232 1 1 1  480 1380
 37 148.130000 158.550000   21  230 1 1 1  300  540
 38 193.870000 174.970000   21  228 1 1 1  720 1080
 39 181.000000 157.460000   21  225 1 1 1  420  900
 40 174.710000 169.290000   21  224 1 1 1  420  720
 41 149.390000 153.770000   21  222 1 1 1  240  780
 42 149.200000 160.150000   21  221 1 1 1  540  660
 43 151.560000 152.530000   20  219 1 1 1  450  570
 44 158.730000 162.860000   20  215 1 1 1  240 1080
 45 193.340000 174.400000   20  211 1 1 1  600  960
 46 150.550000 156.860000   20  210 1 1 1  540  900
 47 149.280000 160.320000   20  209 1 1 1  360  660
 48 151.350000 159.780000   20  207 1 1 1  255  435
 49 173.990000 187.310000   20  207 1 1 1  420 1320
 50 156.440000 172.150000   20  205 1 1 1  540  780
 51 149.410000 160.120000   20  203 1 1 1  420 1080
 52 158.300000 154.530000   20  202 1 1 1  540  780
 53 202.580000 159.920000   20  201 1 1 1  480 1320
 54 198.470000 170.950000   20  201 1 1 1  570 1170
 55 197.050000 159.560000   20  200 1 1 1  420 1080
 56 148.790000 159.570000   20  200 1 1 1  540 1080
 57 193.340000 174.400000   20  200 1 1 1  635 1220
 58 150.620000 156.770000   20  200 1 1 1  540  720
 59 169.980000 172.330000   19  199 1 1 1  540  720
 60 192.360000 196.150000   19  199 1 1 1  600 1320
 61 151.740000 157.530000   19  192 1 1 1  420  720
 62 193.790000 175.300000   19  191 1 1 1  600  720
 63 154.210000 161.440000   19  188 1 1 1  480  780
 64 198.370000 167.520000   19  187 1 1 1  480 1320
 65 172.120000 186.780000   19  186 1 1 1  480 1080
 66 193.890000 175.000000   19  185 1 1 1  600  900
 67 172.010000 192.920000   19  182 1 1 1  480  780
 68 193.480000 174.350000   19  182 1 1 1  420 1080
 69 151.330000 153.630000   19  180 1 1 1  300  420
 70 150.570000 156.900000   19  180 1 1 1  540  780
 71 143.930000 158.550000   18  175 1 1 1  540 1080
 72 154.170000 163.000000   18  174 1 1 1  540  750
 73 194.010000 175.790000   18  174 1 1 1  840 1080
 74 150.540000 156.850000   18  173 1 1 1  420  600
 75 197.210000 159.620000   18  171 1 1 1  480  900
 76 202.740000 164.400000   18  170 1 1 1  720 1320
 77 162.550000 147.710000   18  169 1 1 1  570  705
 78 150.590000 156.540000   18  168 1 1 1  510  840
 79 172.120000 194.570000   18  166 1 1 1  540 1200
 80 195.290000 174.190000   18  165 1 1 1  420  715
 81 152.630000 155.020000   18  165 1 1 1  720  840
 82 158.400000 166.070000   18  164 1 1 1  360 1080
 83 160.470000 167.500000   18  164 1 1 1  300  900
 84 176.710000 172.620000   18  163 1 1 1  420 1080
 85 159.020000 181.550000   18  163 1 1 1  540  780
 86 175.240000 171.730000   18  163 1 1 1  540  750
 87 147.940000 161.310000   18  161 1 1 1  420 1080
 88 194.120000 186.410000   18  161 1 1 1  480  600
 89 169.930000 184.750000   18  160 1 1 1  900 1140
 90 171.380000 185.880000   18  160 1 1 1  540  720
 91 149.920000 160.180000   18  160 1 1 1  480 1080
 92 149.410000 160.120000   18  160 1 1 1  420 1080
 93 193.850000 175.600000   17  158 1 1 1  600 1020
 94 162.560000 147.720000   17  157 1 1 1  480  630
 95 171.050000 185.560000   17  155 1 1 1  600  720
 96 154.780000 148.950000   17  155 1 1 1  420  780
 97 193.870000 174.970000   17  155 1 1 1   13  805
 98 160.770000 147.250000   17  154 1 1 1  600 1380
 99 171.310000 185.900000   17  153 1 1 1  660  900
100 149.770000 159.540000   17  153 1 1 1  420  540
101 160.880000 200.660000   17  151 1 1 1  540  720
102 154.650000 137.660000   17  150 1 1 1  420  870
103 193.910000 175.440000   17  150 1 1 1  420 1080
104 183.400000 170.650000   17  150 1 1 1  420 1080
105 148.600000 139.070000   17  150 1 1 1  360 1080
106 176.260000 173.190000   17  149 1 1 1  840 1050
107 194.140000 176.430000   17  149 1 1 1  540 1080
108 194.190000 175.120000   17  149 1 1 1  600  930
109 151.540000 147.990000   17  149 1 1 1  540  900
110 169.880000 183.530000   17  149 1 1 1  600 1080
111 170.710000 197.210000   17  148 1 1 1  540 1380
112 159.700000 147.060000   17  147 1 1 1  420  600
113 151.610000 157.360000   17  146 1 1 1  450  720
114 174.590000 194.290000   17  145 1 1 1  840 1439
115 178.790000 157.630000   17  145 1 1 1  420 1080
116 194.740000 195.860000   17  144 1 1 1  360 1439
117 197.770000 158.950000   17  144 1 1 1  540  960
118 171.070000 184.690000   17  144 1 1 1  360  555
119 172.170000 186.500000   17  144 1 1 1  360  600
120 163.680000 198.120000   17  144 1 1 1  420  600
121 160.880000 200.660000   17  144 1 1 1  570  840
122 176.220000 190.990000   17  142 1 1 1  660  840
123 170.110000 186.590000   17  142 1 1 1  600  840
124 152.830000 153.710000   17  141 1 1 1  600  780
125 171.470000 185.770000   17  141 1 1 1  420  660
126 193.890000 175.440000   17  141 1 1 1  420 1080
127 180.980000 157.530000   17  140 1 1 1  540  930
128 146.760000 165.380000   17  140 1 1 1  540  900
129 151.590000 157.370000   17  140 1 1 1  480 1080
130 193.270000 175.430000   16  139 1 1 1  540 1080
131 168.140000 166.900000   16  139 1 1 1  600  900
132 194.550000 175.260000   16  136 1 1 1  420 1080
133 151.960000 153.870000   16  133 1 1 1  360  780
134 187.820000 161.960000   16  133 1 1 1  480 1320
135 162.370000 147.230000   16  133 1 1 1  330  600
136 194.180000 175.040000   16  132 1 1 1  600  720
137 171.640000 170.330000   16  132 1 1 1  480  840
138 153.620000 174.440000   16  131 1 1 1  360 1080
139 145.250000 158.770000   16  131 1 1 1  540  960
140 172.230000 187.110000   16  130 1 1 1  960 1080
141 170.760000 166.500000   16  130 1 1 1  720 1020
142 192.910000 174.580000   16  129 1 1 1  390 1170
143 171.440000 191.440000   16  129 1 1 1  360 1200
144 175.300000 171.610000   16  129 1 1 1  600  840
145 155.640000 167.730000   16  128 1 1 1  480  720
146 148.790000 159.570000   16  128 1 1 1  360 1200
147 170.420000 160.980000   16  127 1 1 1  840 1140
148 171.330000 164.510000   16  127 1 1 1  480  720
149 151.090000 150.120000   16  127 1 1 1  570  840
150 171.100000 163.700000   16  126 1 1 1  420 1080
151 149.150000 160.270000   16  126 1 1 1  480 1080
152 194.520000 175.430000   16  126 1 1 1  600  960
153 154.130000 171.480000   16  125 1 1 1  540  840
154 163.550000 180.500000   16  125 1 1 1  420  720
155 196.210000 173.880000   16  125 1 1 1  480 1080
156 194.110000 175.220000   16  125 1 1 1  480  660
157 154.290000 162.670000   16  125 1 1 1  570  780
158 159.530000 181.420000   16  124 1 1 1  510  870
159 150.540000 156.850000   16  123 1 1 1  540  840
160 168.590000 189.690000   16  122 1 1 1  360 1320
161 160.100000 148.740000   16  122 1 1 1  360 1200
162 157.270000 158.780000   16  121 1 1 1  420  720
163 154.170000 163.000000   16  121 1 1 1  540  750
164 151.810000 160.430000   16  120 1 1 1  240  840
165 169.710000 199.160000   16  120 1 1 1  600 1320
166 178.220000 157.530000   16  120 1 1 1  360 1320
167 150.910000 156.040000   16  120 1 1 1  420  660
168 153.490000 172.060000   15  119 1 1 1  420  900
169 194.260000 175.280000   15  119 1 1 1  600  840
170 193.720000 174.460000   15  119 1 1 1  600 1050
171 172.080000 175.650000   15  119 1 1 1  480  720
172 165.570000 169.640000   15  119 1 1 1  600  870
173 175.440000 192.910000   15  118 1 1 1  480  870
174 167.540000 198.850000   15  118 1 1 1  660 1320
175 158.960000 146.150000   15  118 1 1 1  570 1260
176 197.770000 158.950000   15  118 1 1 1  720 1080
177 159.740000 147.020000   15  117 1 1 1  360  660
178 192.050000 156.270000   15  117 1 1 1  480 1380
179 159.570000 146.170000   15  117 1 1 1  540  900
180 172.080000 175.650000   15  116 1 1 1  360  720
181 194.450000 175.290000   15  116 1 1 1  840 1020
182 152.830000 153.710000   15  116 1 1 1  600  780
183 171.700000 186.070000   15  114 1 1 1  480 1080
184 171.150000 185.540000   15  114 1 1 1  420 1080
185 154.590000 160.170000   15  114 1 1 1  540  780
186 149.280000 160.010000   15  113 1 1 1  360  720
187 174.660000 167.600000   15  113 1 1 1  600 1020
188 165.750000 158.570000   15  113 1 1 1  540  900
189 193.340000 174.400000   15  113 1 1 1  600  840
190 175.820000 189.580000   15  113 1 1 1  360  660
191 158.920000 146.630000   15  112 1 1 1  480  780
192 150.230000 160.440000   15  112 1 1 1  420  720
193 176.160000 193.010000   15  111 1 1 1  780  960
194 174.080000 157.130000   15  110 1 1 1  480 1140
195 193.480000 174.350000   15  110 1 1 1  600  720
196 176.610000 192.160000   15  110 1 1 1  720  900
197 192.270000 173.840000   15  110 1 1 1  720 1020
198 194.080000 174.350000   15  109 1 1 1  625  975
199 149.730000 149.400000   15  109 1 1 1  540  720
200 151.150000 170.930000   15  109 1 1 1  300  720
201 154.310000 163.040000   15  108 1 1 1  480 1080
202 151.700000 150.860000   15  108 1 1 1  540  660
203 156.640000 170.980000   15  108 1 1 1  360  720
204 151.530000 154.490000   15  108 1 1 1  480 1380
205 175.300000 171.610000   15  108 1 1 1  600 1080
206 150.160000 156.700000   15  107 1 1 1  540  720
207 171.170000 162.180000   15  107 1 1 1  840 1200
208 198.500000 186.670000   15  107 1 1 1  420 1080
209 152.280000 160.510000   15  107 1 1 1  420 1080
210 149.500000 155.520000   15  107 1 1 1  480 1200
211 163.550000 180.500000   15  106 1 1 1  360  660
212 185.810000 189.420000   15  106 1 1 1  420 1080
213 144.620000 155.190000   15  106 1 1 1  540  780
214 154.290000 162.670000   15  106 1 1 1  600  780
215 148.570000 162.000000   15  106 1 1 1  480 1080
216 150.960000 162.770000   15  106 1 1 1  480  660
217 186.260000 187.470000   15  106 1 1 1  540 1320
218 162.370000 147.230000   15  105 1 1 1  420 1080
219 150.620000 156.770000   15  105 1 1 1  420 1080
220 171.550000 160.660000   15  105 1 1 1  840 1020
221 146.520000 154.590000   15  104 1 1 1  540  840
222 162.760000 147.840000   15  104 1 1 1  420 1080
223 149.870000 144.140000   15  104 1 1 1  180  810
224 153.200000 163.680000   15  104 1 1 1  480  720
225 144.880000 166.610000   15  104 1 1 1  540  960
226 192.170000 173.780000   15  104 1 1 1  480 1080
227 149.150000 160.270000   15  104 1 1 1  360  810
228 170.830000 185.780000   15  104 1 1 1  420  600
229 194.190000 175.120000   15  103 1 1 1  840 1080
230 159.980000 153.850000   15  103 1 1 1  840 1140
231 170.830000 185.780000   15  102 1 1 1  360  660
232 171.310000 185.730000   15  102 1 1 1  480  720
233 157.850000 163.460000   15  102 1 1 1  420  960
234 158.500000 158.330000   15  102 1 1 1  600  840
235 148.600000 139.070000   15  102 1 1 1  540 1080
236 171.370000 185.800000   15  102 1 1 1  480  690
237 154.950000 162.400000   15  101 1 1 1  360  840
238 150.260000 138.160000   15  101 1 1 1  540  840
239 150.320000 155.680000   15  101 1 1 1  420 1080
240 168.360000 165.880000   15  101 1 1 1  630  870
241 150.620000 156.770000   15  101 1 1 1  360  720
242 162.630000 147.810000   15  100 1 1 1  480 1080
243 151.370000 161.020000   15  100 1 1 1  420  570
244 155.300000 168.150000   15  100 1 1 1  420  660
245 179.030000 167.590000   15  100 1 1 1  540 1050
246 160.200000 168.850000   15  100 1 1 1  480  840
247 151.690000 154.250000   15  100 1 1 1  420 1080
248 203.380000 160.000000   15  100 1 1 1  600 1320
249 160.880000 200.660000   14   99 1 1 1  540  840
250 193.830000 175.660000   14   99 1 1 1  420 1080
251 150.500000 157.350000   14   99 1 1 1  480  780
252 176.850000 156.700000   14   99 1 1 1  540 1380
253 164.320000 180.640000   14   99 1 1 1  480 1080
254 194.060000 174.360000   14   99 1 1 1  600 1080
255 167.430000 172.250000   14   98 1 1 1  540 1380
256 155.740000 147.580000   14   98 1 1 1  480 1080
257 150.350000 138.070000   14   97 1 1 1  480 1080
258 153.620000 180.350000   14   97 1 1 1  360  720
259 169.230000 162.120000   14   97 1 1 1  360  600
260 154.150000 162.450000   14   97 1 1 1  540  840
261 163.460000 180.580000   14   97 1 1 1  540 1050
262 157.120000 146.150000   14   96 1 1 1  630  780
263 171.420000 186.260000   14   96 1 1 1  780  960
264 167.470000 169.650000   14   96 1 1 1  720 1020
265 171.230000 186.290000   14   96 1 1 1  840  960
266 163.090000 157.500000   14   95 1 1 1  600  900
267 155.900000 145.980000   14   95 1 1 1  540 1080
268 177.020000 171.260000   14   95 1 1 1  660 1020
269 144.620000 155.190000   14   95 1 1 1  480 1080
270 191.400000 152.580000   14   95 1 1 1  420 1080
271 148.450000 158.890000   14   94 1 1 1  360  840
272 147.020000 155.410000   14   94 1 1 1  300  540
273 154.590000 176.050000   14   94 1 1 1  180  720
274 162.350000 147.710000   14   94 1 1 1  480 1080
275 180.660000 165.590000   14   94 1 1 1  420 1080
276 171.050000 185.560000   14   94 1 1 1  540  660
277 160.650000 201.370000   14   93 1 1 1  660 1350
278 151.820000 157.650000   14   93 1 1 1  480  720
279 149.340000 140.340000   14   93 1 1 1  630  930
280 150.540000 156.850000   14   93 1 1 1  600  720
281 194.840000 175.060000   14   93 1 1 1  480 1080
282 187.900000 162.000000   14   92 1 1 1  600 1320
283 162.550000 147.710000   14   92 1 1 1  600  720
284 168.180000 160.840000   14   92 1 1 1  420  660
285 197.900000 159.070000   14   92 1 1 1  870 1080
286 149.500000 155.520000   14   92 1 1 1  360  720
287 195.820000 193.370000   14   92 1 1 1  540  900
288 160.770000 147.250000   14   92 1 1 1  420  720
289 149.320000 162.540000   14   91 1 1 1    1  720
290 169.130000 187.330000   14   91 1 1 1  420  930
291 150.620000 156.770000   14   91 1 1 1  420 1080
292 198.310000 166.010000   14   91 1 1 1  420 1080
293 163.310000 150.170000   14   90 1 1 1  480  780
294 167.680000 171.100000   14   90 1 1 1  420  960
295 148.410000 139.320000   14   90 1 1 1  600  780
296 194.170000 175.750000   14   90 1 1 1  420  960
297 158.320000 171.460000   14   90 1 1 1  405  660
298 154.270000 161.440000   14   89 1 1 1  480 1080
299 175.540000 173.470000   14   89 1 1 1  600 1020
300 161.120000 169.280000   14   89 1 1 1  540  900
301 168.160000 160.830000   14   89 1 1 1  480  840
302 145.080000 160.160000   14   89 1 1 1  420  840
303 175.440000 192.910000   14   88 1 1 1  480 1080
304 158.330000 171.450000   14   88 1 1 1  300  660
305 175.110000 174.480000   14   88 1 1 1  840 1080
306 157.850000 163.460000   14   88 1 1 1  420 1020
307 148.410000 139.320000   14   87 1 1 1  480 1080
308 159.560000 165.500000   14   87 1 1 1  540  900
309 193.340000 174.400000   14   87 1 1 1  480 1080
310 188.050000 162.060000   14   86 1 1 1  480 1080
311 156.430000 168.430000   14   86 1 1 1  540  660
312 151.230000 138.430000   14   86 1 1 1  600 1080
313 162.030000 148.860000   14   86 1 1 1  420 1080
314 171.600000 194.230000   14   85 1 1 1  660 1320
315 149.630000 159.140000   14   85 1 1 1  360 1020
316 159.340000 169.870000   14   85 1 1 1    1  780
317 170.580000 174.020000   14   84 1 1 1  540 1320
318 171.380000 185.880000   14   84 1 1 1  480  720
319 200.100000 161.670000   14   84 1 1 1  480 1200
320 196.190000 171.330000   14   83 1 1 1  420  743
321 152.360000 158.990000   14   82 1 1 1  360 1200
322 168.970000 194.710000   14   82 1 1 1  480 1080
323 168.620000 159.120000   14   81 1 1 1  540  720
324 169.640000 172.750000   14   81 1 1 1  540  900
325 147.370000 161.220000   14   81 1 1 1  540  840
326 180.670000 186.670000   14   80 1 1 1  420 1080
327 175.900000 189.570000   14   80 1 1 1  480 1080
328 162.660000 146.930000   14   80 1 1 1  480  750
329 150.870000 155.890000   14   80 1 1 1  300  690
330 161.870000 173.260000   14   80 1 1 1  420 1080
331 159.710000 147.020000   14   80 1 1 1  480 1080
332 144.530000 156.580000   14   80 1 1 1  540  840
333 198.200000 183.080000   13   79 1 1 1  540 1320
334 146.720000 160.480000   13   79 1 1 1  420 1080
335 175.040000 154.330000   13   79 1 1 1  360 1439
336 150.550000 156.860000   13   79 1 1 1  510  690
337 150.500000 142.610000   13   79 1 1 1  480 1080
338 154.870000 150.290000   13   78 1 1 1  420 1080
339 151.230000 138.430000   13   78 1 1 1  360  720
340 150.230000 160.440000   13   78 1 1 1  480 1080
341 177.070000 173.460000   13   78 1 1 1  480 1140
342 193.790000 175.300000   13   78 1 1 1  600  960
343 175.430000 156.090000   13   78 1 1 1  420 1320
344 149.400000 159.920000   13   78 1 1 1  420  690
345 163.450000 180.570000   13   78 1 1 1  300  540
346 197.770000 158.950000   13   77 1 1 1  420 1080
347 165.350000 167.030000   13   77 1 1 1  540  780
348 170.690000 187.780000   13   77 1 1 1  840 1200
349 168.360000 165.880000   13   77 1 1 1  420 1080
350 193.890000 175.000000   13   77 1 1 1  540  900
351 193.830000 175.550000   13   76 1 1 1  900 1080
352 171.380000 185.880000   13   76 1 1 1  540  660
353 193.810000 174.890000   13   76 1 1 1  480 1080
354 151.390000 159.960000   13   76 1 1 1  410  630
355 158.810000 185.510000   13   76 1 1 1  480 1080
356 193.480000 174.350000   13   76 1 1 1  420 1080
357 159.390000 171.380000   13   75 1 1 1  360  900
358 191.460000 194.500000   13   75 1 1 1  480 1080
359 171.470000 185.770000   13   75 1 1 1  420 1080
360 194.110000 175.220000   13   75 1 1 1  420 1080
361 153.620000 180.350000   13   75 1 1 1  300  720
362 154.780000 151.100000   13   75 1 1 1  390 1080
363 147.930000 160.760000   13   75 1 1 1  360 1439
364 200.550000 160.420000   13   75 1 1 1  720 1320
365 148.020000 144.400000   13   74 1 1 1  375  930
366 171.150000 185.540000   13   74 1 1 1  540  720
367 169.600000 173.110000   13   74 1 1 1  420 1080
368 152.650000 152.690000   13   74 1 1 1  420 1080
369 176.260000 173.190000   13   74 1 1 1  780  960
370 163.720000 180.190000   13   73 1 1 1  420 1080
371 149.570000 138.590000   13   73 1 1 1  600  900
372 196.650000 175.160000   13   73 1 1 1  960 1380
373 193.850000 175.600000   13   72 1 1 1  480 1080
374 150.910000 156.040000   13   72 1 1 1  420 1080
375 157.800000 150.680000   13   72 1 1 1  480 1080
376 151.960000 143.340000   13   72 1 1 1  480 1080
377 171.460000 186.870000   13   72 1 1 1  300  780
378 152.090000 167.880000   13   72 1 1 1  360  600
379 158.380000 172.890000   13   71 1 1 1  480 1080
380 169.800000 172.800000   13   71 1 1 1  540  720
381 156.100000 150.070000   13   71 1 1 1  720 1080
382 165.970000 171.780000   13   71 1 1 1  540 1080
383 152.070000 150.350000   13   71 1 1 1  420 1080
384 158.380000 172.890000   13   71 1 1 1  360 1080
385 188.320000 161.990000   13   71 1 1 1  480 1080
386 158.230000 153.250000   13   70 1 1 1  420 1080
387 161.560000 168.890000   13   70 1 1 1  360  930
388 162.350000 169.700000   13   70 1 1 1  480 1080
389 193.850000 175.600000   13   70 1 1 1  840 1080
390 159.970000 166.850000   13   70 1 1 1  420  720
391 155.480000 144.120000   13   70 1 1 1  540 1320
392 155.650000 140.200000   13   70 1 1 1  480 1080
393 155.330000 168.110000   13   70 1 1 1  240  720
394 194.180000 175.040000   13   70 1 1 1  840 1020
395 164.410000 155.100000   13   70 1 1 1  540 1080
396 172.030000 175.580000   13   69 1 1 1  360  720
397 150.320000 137.940000   13   69 1 1 1  540  840
398 156.970000 150.110000   13   69 1 1 1  480  780
399 159.650000 146.170000   13   69 1 1 1  420 1080
400 184.180000 158.460000   13   69 1 1 1  540 1320
401 161.040000 148.390000   13   69 1 1 1  540  900
402 182.720000 171.000000   13   69 1 1 1  480 1080
403 193.860000 175.220000   13   69 1 1 1  540  720
404 161.530000 160.910000   13   69 1 1 1  300 1080
405 193.480000 174.350000   13   68 1 1 1  660  900
406 147.100000 155.430000   13   68 1 1 1  420  540
407 179.610000 165.120000   13   68 1 1 1  420 1080
408 152.320000 154.730000   13   68 1 1 1  480 1080
409 148.040000 163.150000   13   67 1 1 1  480 1080
410 187.250000 172.520000   13   67 1 1 1  420 1080
411 170.760000 166.500000   13   67 1 1 1  600  780
412 151.310000 157.390000   13   67 1 1 1  360  660
413 171.140000 169.850000   13   67 1 1 1  420  840
414 150.600000 160.460000   13   67 1 1 1  420 1080
415 198.360000 158.860000   13   67 1 1 1  860 1113
416 156.850000 144.840000   13   67 1 1 1  420 1080
417 152.380000 162.750000   13   66 1 1 1  420 1080
418 158.870000 164.740000   13   66 1 1 1  390  960
419 158.120000 148.150000   13   66 1 1 1  510 1140
420 163.390000 158.360000   13   66 1 1 1  420  840
421 154.340000 156.600000   13   66 1 1 1  420 1080
422 154.210000 163.660000   13   66 1 1 1  360 1080
423 151.250000 154.590000   13   66 1 1 1  480  780
424 154.780000 148.950000   13   66 1 1 1  420  780
425 169.800000 172.800000   13   66 1 1 1  480  720
426 161.930000 148.580000   13   65 1 1 1  450  720
427 175.900000 189.570000   13   64 1 1 1  480  600
428 150.670000 153.640000   13   64 1 1 1    1 1439
429 170.470000 185.680000   13   64 1 1 1    1 1439
430 151.530000 154.490000   13   64 1 1 1  600  720
431 161.560000 168.870000   13   63 1 1 1  360  960
432 159.980000 153.850000   13   63 1 1 1  720 1020
433 164.770000 164.880000   13   63 1 1 1  480 1080
434 171.290000 186.130000   13   63 1 1 1  600  660
435 170.110000 186.590000   13   63 1 1 1  540  720
436 191.460000 156.870000   13   63 1 1 1  780 1080
437 158.130000 151.380000   13   63 1 1 1  480  660
438 171.180000 170.300000   13   62 1 1 1  420 1080
439 150.080000 146.180000   13   62 1 1 1  420  960
440 194.180000 175.040000   13   62 1 1 1  540  720
441 193.820000 174.900000   13   62 1 1 1  840 1080
442 157.700000 155.630000   13   62 1 1 1  600  960
443 168.650000 176.580000   13   62 1 1 1  600 1260
444 169.560000 173.410000   13   62 1 1 1  480 1080
445 159.690000 147.040000   13   62 1 1 1  540  720
446 162.320000 166.570000   13   62 1 1 1  480  720
447 144.620000 155.190000   13   62 1 1 1  540  720
448 196.890000 192.760000   13   62 1 1 1  480 1080
449 151.230000 138.430000   13   61 1 1 1  480 1080
450 151.510000 154.550000   13   61 1 1 1  480 1080
451 199.680000 164.340000   13   61 1 1 1  420 1080
452 162.910000 150.660000   13   61 1 1 1  480 1080
453 151.690000 154.250000   13   61 1 1 1  420  600
454 171.380000 185.880000   13   60 1 1 1  420 1080
455 158.520000 146.040000   13   60 1 1 1  720  900
456 160.880000 200.660000   13   60 1 1 1  540 1080
457 159.710000 147.020000   13   60 1 1 1  360  540
458 146.760000 152.090000   13   60 1 1 1  420 1080
459 163.250000 170.010000   13   60 1 1 1  420  720
460 150.620000 156.770000   13   60 1 1 1  480 1080
461 194.550000 175.260000   13   60 1 1 1  480 1080
462 162.540000 194.170000   13   60 1 1 1  480 1260
463 152.300000 160.450000   12   59 1 1 1  360 1080
464 150.590000 156.540000   12   59 1 1 1  240  480
465 170.180000 172.920000   12   59 1 1 1  420  780
466 180.910000 186.640000   12   59 1 1 1  420 1080
467 175.750000 154.040000   12   59 1 1 1  480 1080
468 160.880000 200.660000   12   59 1 1 1  720 1380
469 198.360000 158.860000   12   58 1 1 1  420 1080
470 158.220000 159.100000   12   58 1 1 1  420  720
471 149.430000 160.160000   12   58 1 1 1  480  780
472 196.840000 172.500000   12   58 1 1 1  420  665
473 149.410000 160.120000   12   58 1 1 1  450  720
474 154.590000 146.200000   12   58 1 1 1  240 1320
475 191.320000 184.230000   12   57 1 1 1  420 1080
476 162.790000 152.900000   12   57 1 1 1  480 1080
477 150.550000 156.860000   12   57 1 1 1  540  720
478 150.570000 156.900000   12   57 1 1 1  420 1080
479 150.160000 156.700000   12   57 1 1 1  540  780
480 147.370000 161.220000   12   57 1 1 1  420 1080
481 194.130000 174.980000   12   57 1 1 1  420 1080
482 157.620000 157.400000   12   57 1 1 1  540  900
483 160.300000 164.740000   12   57 1 1 1  480 1080
484 157.970000 145.530000   12   57 1 1 1  600  840
485 194.420000 175.730000   12   57 1 1 1  480 1080
486 206.570000 162.390000   12   56 1 1 1  600 1320
487 148.420000 138.960000   12   56 1 1 1  540 1320
488 150.490000 157.400000   12   56 1 1 1  480 1140
489 161.760000 181.750000   12   56 1 1 1  480 1080
490 151.330000 153.630000   12   56 1 1 1  480 1080
491 151.080000 154.410000   12   56 1 1 1  420 1080
492 169.750000 172.780000   12   56 1 1 1  420 1080
493 160.770000 147.250000   12   55 1 1 1  360 1439
494 162.550000 147.320000   12   55 1 1 1  420 1080
495 159.220000 151.820000   12   55 1 1 1  420 1080
496 193.830000 175.660000   12   55 1 1 1  600  900
497 179.130000 157.240000   12   55 1 1 1  510 1080
498 162.630000 147.830000   12   55 1 1 1  480 1080
499 197.300000 159.690000   12   54 1 1 1  750  994
500 174.010000 167.890000   12   54 1 1 1  480 1080
501 159.720000 146.970000   12   54 1 1 1  480  960
502 171.470000 185.770000   12   54 1 1 1  480  720
503 175.880000 189.880000   12   54 1 1 1  540  660
504 152.330000 152.390000   12   54 1 1 1  330  510
505 194.080000 175.740000   12   54 1 1 1  480 1080
506 161.870000 146.840000   12   54 1 1 1  360  540
507 155.080000 144.800000   12   54 1 1 1  480 1320
508 151.230000 154.810000   12   54 1 1 1  540  840
509 197.210000 159.620000   12   54 1 1 1  600 1260
510 158.540000 146.550000   12   53 1 1 1  480  780
511 172.200000 158.460000   12   53 1 1 1  420 1080
512 150.190000 150.410000   12   53 1 1 1  480 1080
513 150.550000 156.860000   12   53 1 1 1  420 1080
514 160.530000 201.250000   12   53 1 1 1  600  840
515 193.480000 174.350000   12   53 1 1 1  420 1080
516 146.070000 158.670000   12   53 1 1 1  420 1080
517 155.510000 155.690000   12   53 1 1 1  840 1140
518 161.760000 166.240000   12   52 1 1 1  480 1080
519 153.880000 149.850000   12   52 1 1 1  360 1380
520 161.420000 152.690000   12   52 1 1 1  540  780
521 187.810000 161.970000   12   52 1 1 1  480 1080
522 150.540000 156.850000   12   52 1 1 1  420  540
523 162.320000 166.570000   12   52 1 1 1  480  660
524 151.230000 138.430000   12   52 1 1 1  480  720
525 150.540000 169.450000   12   51 1 1 1  300  720
526 159.070000 169.750000   12   51 1 1 1  600  840
527 148.120000 164.550000   12   51 1 1 1  540 1080
528 171.450000 172.750000   12   51 1 1 1  420 1080
529 152.680000 186.720000   12   51 1 1 1  570  870
530 148.400000 166.110000   12   51 1 1 1  480 1380
531 188.680000 196.150000   12   51 1 1 1  420 1080
532 168.360000 165.880000   12   51 1 1 1  420 1080
533 151.560000 152.530000   12   51 1 1 1  480  840
534 146.100000 157.320000   12   50 1 1 1  480  720
535 160.250000 156.460000   12   50 1 1 1  540  780
536 162.030000 148.860000   12   50 1 1 1  450  690
537 149.400000 159.920000   12   50 1 1 1  420 1080
538 154.340000 156.600000   12   50 1 1 1  540  930
539 163.790000 185.870000   12   49 1 1 1  420  960
540 171.180000 170.300000   12   49 1 1 1  480  870
541 154.870000 157.630000   12   49 1 1 1  660  990
542 151.370000 161.020000   12   49 1 1 1  480  720
543 172.120000 194.570000   12   49 1 1 1  480  780
544 154.690000 137.660000   12   49 1 1 1  720  900
545 171.100000 163.700000   12   49 1 1 1  420 1080
546 176.670000 153.300000   12   48 1 1 1  420 1080
547 156.640000 170.980000   12   48 1 1 1  480  720
548 169.750000 172.780000   12   48 1 1 1    0  720
549 151.560000 152.530000   12   48 1 1 1  480 1080
550 169.830000 195.260000   12   48 1 1 1  480 1200
551 150.580000 161.560000   12   48 1 1 1  480  600
552 157.120000 146.150000   12   48 1 1 1  480  600
553 178.790000 157.630000   12   48 1 1 1  360 1320
554 151.490000 154.540000   12   48 1 1 1  480 1080
555 159.250000 154.580000   12   48 1 1 1  480  780
556 159.840000 154.510000   12   47 1 1 1  480  810
557 150.570000 156.900000   12   47 1 1 1  420  780
558 194.840000 175.060000   12   47 1 1 1  840 1080
559 166.420000 168.130000   12   47 1 1 1  480 1080
560 157.020000 164.220000   12   47 1 1 1  360 1020
561 151.690000 154.250000   12   47 1 1 1  600  840
562 167.740000 166.660000   12   47 1 1 1  480 1080
563 155.680000 140.180000   12   47 1 1 1  420 1080
564 156.700000 145.640000   12   46 1 1 1  300  660
565 198.360000 158.860000   12   46 1 1 1  600 1140
566 150.540000 156.850000   12   46 1 1 1  420 1080
567 162.630000 147.810000   12   46 1 1 1  480 1080
568 174.050000 152.230000   12   46 1 1 1  420 1380
569 151.780000 154.240000   12   46 1 1 1  420 1080
570 180.880000 186.690000   12   46 1 1 1  600 1020
571 187.900000 162.000000   12   46 1 1 1  600 1439
572 185.540000 156.830000   12   46 1 1 1  420 1080
573 150.600000 160.460000   12   45 1 1 1  480 1080
574 175.110000 174.480000   12   45 1 1 1  600 1020
575 152.650000 152.690000   12   45 1 1 1  420 1080
576 161.400000 148.330000   12   45 1 1 1  540 1200
577 156.850000 144.840000   12   45 1 1 1  480 1080
578 148.000000 144.280000   12   45 1 1 1  780 1320
579 193.680000 175.630000   12   45 1 1 1  480 1080
580 169.640000 172.750000   12   44 1 1 1  540 1320
581 160.280000 168.380000   12   44 1 1 1  360  960
582 160.880000 200.660000   12   44 1 1 1  780 1439
583 162.350000 169.700000   12   44 1 1 1  600  780
584 150.870000 155.890000   12   44 1 1 1  360  780
585 161.540000 168.790000   12   44 1 1 1  360  720
586 145.030000 154.750000   12   43 1 1 1  420  540
587 164.770000 164.880000   12   43 1 1 1  480 1080
588 171.380000 185.880000   12   43 1 1 1  480 1080
589 146.100000 157.320000   12   43 1 1 1  540 1080
590 151.540000 147.990000   12   43 1 1 1  480 1290
591 159.970000 166.850000   12   43 1 1 1  480 1080
592 164.640000 152.780000   12   43 1 1 1  660  840
593 185.540000 163.220000   12   43 1 1 1  480 1080
594 160.490000 148.190000   12   43 1 1 1  480 1080
595 170.490000 173.680000   12   43 1 1 1  480 1080
596 161.370000 152.500000   12   43 1 1 1  480 1080
597 167.870000 186.100000   12   42 1 1 1  480 1080
598 162.030000 148.860000   12   42 1 1 1  480  690
599 169.820000 172.600000   12   42 1 1 1  600  960
600 193.710000 174.410000   12   42 1 1 1  600 1020
601 152.930000 160.690000   12   42 1 1 1  420 1080
602 171.360000 185.930000   12   42 1 1 1  540  870
603 160.440000 154.000000   12   42 1 1 1  420 1080
604 157.700000 155.630000   12   42 1 1 1  480 1080
605 159.340000 168.090000   12   42 1 1 1  360  600
606 170.490000 173.680000   12   41 1 1 1  420 1080
607 170.580000 174.020000   12   41 1 1 1  480 1080
608 170.580000 174.020000   12   41 1 1 1  600 1320
609 156.130000 161.860000   12   41 1 1 1  440  570
610 161.340000 172.210000   12   41 1 1 1  540  900
611 158.100000 146.480000   12   41 1 1 1  600  720
612 187.850000 162.160000   12   41 1 1 1  600  900
613 144.580000 155.210000   12   41 1 1 1  660  900
614 164.880000 151.440000   12   41 1 1 1  600  780
615 170.490000 173.680000   12   41 1 1 1  420 1080
616 146.980000 155.440000   12   40 1 1 1  360  480
617 162.030000 148.860000   12   40 1 1 1  450 1080
618 151.780000 154.240000   12   40 1 1 1  420 1080
619 161.120000 169.280000   12   40 1 1 1  360 1080
620 194.210000 175.000000   12   40 1 1 1  480 1080
621 174.080000 157.130000   12   40 1 1 1  480 1080
622 150.760000 165.040000   12   40 1 1 1  450  870
623 162.030000 148.860000   12   40 1 1 1  480  840
624 156.870000 144.820000   12   40 1 1 1  240  840
625 149.810000 156.800000   12   40 1 1 1  360 1080
626 157.800000 160.050000   11   39 1 1 1  420 1020
627 195.450000 176.480000   11   39 1 1 1  420 1080
628 170.850000 185.710000   11   39 1 1 1  600  720
629 161.420000 152.690000   11   39 1 1 1  480  720
630 161.860000 144.120000   11   39 1 1 1  420 1080
631 170.190000 159.670000   11   38 1 1 1  480 1080
632 152.070000 150.350000   11   38 1 1 1  480 1080
633 150.900000 153.400000   11   38 1 1 1  300 1080
634 150.540000 156.850000   11   38 1 1 1  480 1080
635 193.790000 175.300000   11   38 1 1 1  600 1080
636 156.910000 140.840000   11   38 1 1 1  360 1080
637 162.370000 147.230000   11   38 1 1 1  360  480
638 172.940000 162.150000   11   38 1 1 1  720 1080
639 171.360000 185.930000   11   38 1 1 1  630  960
640 160.850000 166.400000   11   38 1 1 1  600  840
641 150.570000 156.900000   11   38 1 1 1  600  780
642 154.780000 148.950000   11   38 1 1 1  480 1080
643 156.850000 144.840000   11   38 1 1 1  420 1080
644 171.180000 170.300000   11   38 1 1 1  360  540
645 154.430000 152.620000   11   37 1 1 1  330 1080
646 187.140000 161.840000   11   37 1 1 1  420 1080
647 155.540000 151.540000   11   37 1 1 1  480 1080
648 194.050000 175.630000   11   37 1 1 1  840 1020
649 150.000000 143.390000   11   37 1 1 1  420 1080
650 152.130000 159.710000   11   36 1 1 1  420 1080
651 171.710000 186.830000   11   36 1 1 1  540  900
652 197.050000 159.560000   11   36 1 1 1  480 1149
653 193.930000 174.780000   11   36 1 1 1  600  960
654 196.360000 160.380000   11   36 1 1 1  480 1213
655 151.560000 152.530000   11   36 1 1 1  360  705
656 162.350000 169.700000   11   36 1 1 1  480 1080
657 162.790000 152.290000   11   36 1 1 1  600  840
658 158.140000 143.410000   11   35 1 1 1  480 1080
659 146.400000 166.820000   11   35 1 1 1  600  990
660 160.630000 160.810000   11   35 1 1 1  260  420
661 148.150000 138.210000   11   35 1 1 1  420 1080
662 146.520000 154.590000   11   35 1 1 1  480 1080
663 161.740000 152.690000   11   35 1 1 1  540  900
664 150.440000 156.500000   11   35 1 1 1  540  720
665 201.740000 167.090000   11   35 1 1 1  420 1080
666 149.730000 149.400000   11   35 1 1 1  540 1439
667 154.300000 171.420000   11   35 1 1 1  480  900
668 169.640000 172.750000   11   34 1 1 1  480 1080
669 150.160000 157.320000   11   34 1 1 1  240  360
670 170.580000 174.020000   11   34 1 1 1  360 1439
671 165.570000 169.640000   11   34 1 1 1  480 1080
672 193.830000 175.550000   11   34 1 1 1  480 1080
673 150.540000 156.850000   11   34 1 1 1  480 1080
674 150.900000 156.510000   11   33 1 1 1  420 1080
675 171.180000 163.670000   11   33 1 1 1  480  780
676 155.750000 161.740000   11   33 1 1 1  360 1080
677 156.580000 144.230000   11   33 1 1 1  360 1080
678 163.560000 166.030000   11   33 1 1 1  480 1080
679 145.030000 154.750000   11   33 1 1 1  480 1080
680 162.630000 147.830000   11   33 1 1 1  540  690
681 162.730000 149.650000   11   32 1 1 1  480 1080
682 151.710000 174.970000   11   32 1 1 1  360  780
683 158.810000 185.510000   11   32 1 1 1  480 1080
684 149.920000 160.180000   11   32 1 1 1  540  720
685 154.870000 168.230000   11   32 1 1 1  330  720
686 154.960000 149.810000   11   32 1 1 1  480 1080
687 154.640000 158.340000   11   31 1 1 1  540 1320
688 156.260000 147.670000   11   31 1 1 1  420 1080
689 145.250000 158.770000   11   31 1 1 1  540 1080
690 170.830000 185.780000   11   31 1 1 1  480 1080
691 149.410000 160.120000   11   31 1 1 1  420 1080
692 160.500000 157.860000   11   31 1 1 1  540 1020
693 151.510000 154.550000   11   31 1 1 1  480 1080
694 193.850000 175.600000   11   30 1 1 1  480 1080
695 151.200000 154.620000   11   30 1 1 1  420  600
696 151.060000 155.460000   11   30 1 1 1  420 1080
697 154.370000 153.090000   11   30 1 1 1  420 1080
698 154.220000 150.690000   11   29 1 1 1  480 1080
699 149.380000 148.790000   11   29 1 1 1  540 1320
700 152.580000 151.770000   11   29 1 1 1  300 1080
701 146.640000 153.960000   11   29 1 1 1  540 1080
702 201.670000 167.140000   11   29 1 1 1  420 1080
703 162.680000 147.830000   11   29 1 1 1  420  540
704 171.570000 165.550000   11   29 1 1 1  540  720
705 193.850000 175.600000   11   29 1 1 1  480 1080
706 151.330000 153.630000   11   29 1 1 1  420 1080
707 156.920000 145.960000   11   29 1 1 1  480 1200
708 163.080000 169.350000   11   29 1 1 1  480 1080
709 194.160000 174.810000   11   29 1 1 1  540  900
710 169.710000 181.690000   11   28 1 1 1    0 1080
711 147.940000 161.310000   11   28 1 1 1  480 1080
712 166.980000 161.090000   11   28 1 1 1  390  600
713 163.560000 166.030000   11   28 1 1 1  480  660
714 152.830000 153.710000   11   28 1 1 1  480 1080
715 163.560000 166.030000   11   28 1 1 1  480 1080
716 152.690000 139.640000   11   28 1 1 1  360 1080
717 159.070000 163.830000   11   28 1 1 1  420 1080
718 151.530000 154.490000   11   28 1 1 1  420 1080
719 150.620000 156.770000   11   28 1 1 1  240 1080
720 169.660000 172.740000   11   28 1 1 1  480 1080
721 194.110000 175.220000   11   27 1 1 1  420 1080
722 193.890000 175.000000   11   27 1 1 1  420 1080
723 154.810000 185.160000   11   27 1 1 1  300  660
724 151.330000 153.630000   11   27 1 1 1  420 1080
725 163.560000 166.030000   11   27 1 1 1  420 1080
726 151.480000 139.220000   11   27 1 1 1  420 1080
727 165.580000 162.460000   11   26 1 1 1  360  600
728 157.740000 146.310000   11   26 1 1 1  480  750
729 169.730000 172.740000   11   26 1 1 1  480  900
730 161.540000 168.790000   11   26 1 1 1  420 1080
731 151.310000 159.210000   11   26 1 1 1  330 1080
732 187.900000 162.000000   11   26 1 1 1  540 1140
733 152.720000 148.410000   11   26 1 1 1  480  690
734 150.900000 153.400000   11   25 1 1 1  420 1080
735 168.360000 165.880000   11   25 1 1 1  420 1080
736 147.050000 152.520000   11   24 1 1 1  420 1080
737 154.020000 151.390000   11   24 1 1 1  480 1080
738 166.670000 168.300000   11   24 1 1 1  480 1080
739 146.760000 165.380000   11   24 1 1 1  420 1080
740 193.930000 174.780000   11   24 1 1 1  480 1080
741 157.740000 146.310000   11   24 1 1 1  420 1080
742 163.080000 169.350000   11   23 1 1 1  480 1080
743 162.370000 147.230000   11   23 1 1 1  360  480
744 160.710000 169.340000   11   23 1 1 1  480 1080
745 162.550000 147.710000   11   23 1 1 1  600  720
746 151.970000 138.530000   11   23 1 1 1  480 1080
747 194.840000 175.060000   11   23 1 1 1  480 1080
748 150.640000 152.230000   11   23 1 1 1  660 1080
749 171.320000 185.830000   11   23 1 1 1  360  600
750 162.800000 165.600000   11   23 1 1 1  480  720
751 162.660000 147.800000   11   23 1 1 1  480 1080
752 149.330000 157.660000   11   23 1 1 1  420 1080
753 144.620000 155.190000   11   23 1 1 1  540 1439
754 147.460000 140.950000   11   22 1 1 1  570  840
755 193.790000 175.300000   11   22 1 1 1  480 1080
756 154.270000 161.440000   11   22 1 1 1  420  780
757 176.040000 189.470000   11   22 1 1 1  480 1080
758 153.770000 149.300000   11   22 1 1 1  420 1080
759 152.630000 155.020000   11   22 1 1 1  480 1080
760 172.240000 187.390000   11   22 1 1 1  480 1080
761 151.560000 152.530000   11   22 1 1 1  480 1080
762 159.650000 146.170000   11   21 1 1 1  420 1080
763 149.320000 162.540000   11   21 1 1 1  360 1320
764 175.300000 171.610000   11   21 1 1 1  420 1080
765 151.510000 154.550000   11   21 1 1 1  360  780
766 162.750000 146.720000   11   21 1 1 1  420 1080
767 179.130000 157.240000   11   21 1 1 1  480 1080
768 161.340000 172.210000   11   21 1 1 1  420 1080
769 150.320000 138.010000   11   21 1 1 1  480 1080
770 152.650000 152.690000   11   21 1 1 1  420 1200
771 167.740000 166.660000   11   21 1 1 1  600  840
772 159.970000 166.850000   11   20 1 1 1  360  540
773 151.530000 145.730000   11   20 1 1 1  540 1320
774 194.080000 175.300000   11   20 1 1 1  480 1080
775 161.870000 146.840000   11   20 1 1 1  480 1080
776 175.930000 165.590000   11   20 1 1 1  480  900
777 155.780000 167.960000   11   20 1 1 1  480 1080
778 151.330000 154.190000   11   20 1 1 1  420 1080
779 151.820000 155.410000   11   20 1 1 1  480 1080
780 160.880000 200.660000   11   20 1 1 1  480 1080
781 150.600000 156.940000   10   19 1 1 1  420 1080
782 197.900000 159.070000   10   19 1 1 1  420 1080
783 169.980000 172.330000   10   19 1 1 1  540  960
784 174.080000 157.130000   10   19 1 1 1  450 1200
785 150.630000 156.890000   10   19 1 1 1  480 1080
786 195.630000 175.680000   10   18 1 1 1  420 1080
787 150.160000 156.700000   10   18 1 1 1  480 1080
788 188.680000 196.150000   10   17 1 1 1  420 1430
789 152.630000 155.020000   10   17 1 1 1  720  840
790 156.400000 151.690000   10   17 1 1 1  420 1080
791 154.380000 187.000000   10   16 1 1 1  480 1080
792 152.160000 155.360000   10   16 1 1 1  480 1080
793 149.000000 161.510000   10   16 1 1 1  420  870
794 152.930000 161.280000   10   16 1 1 1  390 1080
795 187.810000 161.970000   10   16 1 1 1  420 1080
796 150.530000 156.760000   10   15 1 1 1  390  630
797 150.780000 161.940000   10   15 1 1 1  480 1080
798 151.680000 156.130000   10   15 1 1 1  480 1080
799 158.370000 146.580000   10   15 1 1 1  480 1080
800 193.810000 174.890000   10   15 1 1 1  480 1080
801 160.880000 200.660000   10   15 1 1 1  480 1080
802 155.480000 144.120000   10   15 1 1 1  480 1080
803 156.920000 145.960000   10   15 1 1 1  420 1080
804 181.000000 157.460000   10   15 1 1 1  420 1080
805 161.240000 168.460000   10   14 1 1 1  480 1080
806 151.510000 154.550000   10   14 1 1 1  420 1080
807 193.850000 175.600000   10   14 1 1 1  480 1080
808 169.980000 172.330000   10   14 1 1 1  480 1200
809 150.630000 156.890000   10   13 1 1 1  540  720
810 178.790000 157.630000   10   13 1 1 1  420 1080
811 152.680000 156.210000   10   13 1 1 1  480 1080
812 193.790000 175.300000   10   13 1 1 1  420 1080
813 165.520000 173.790000   10   13 1 1 1  540 1080
814 153.160000 151.180000   10   12 1 1 1  420 1080
815 162.030000 148.860000   10   12 1 1 1  450 1080
816 187.810000 161.970000   10   12 1 1 1  480 1080
817 174.660000 167.600000   10   12 1 1 1  420 1080
818 149.320000 162.540000   10   12 1 1 1  420 1080
819 149.200000 160.150000   10   11 1 1 1  420 1080
820 198.530000 191.430000   10   11 1 1 1  480 1080
821 163.070000 148.910000   10   11 1 1 1  480  840
822 194.740000 195.860000   10   11 1 1 1  480 1080
823 198.130000 158.860000   10   11 1 1 1  480 1080
824 193.830000 175.660000   10   11 1 1 1  420 1080
825 150.540000 169.450000   10   10 1 1 1  300 1320
826 162.610000 147.910000   10   10 1 1 1  420 1080
827 151.560000 152.530000   10   10 1 1 1  420 1080
828 150.900000 153.400000   10   10 1 1 1  420 1080
829 173.590000 190.210000   10   10 1 1 1  420 1080
830 159.700000 147.000000   10    9 1 1 1  480 1080
831 171.320000 186.380000   10    9 1 1 1  420  900
832 175.880000 189.880000   10    9 1 1 1  600  720
833 172.320000 170.660000   10    9 1 1 1  360 1080
834 149.770000 154.010000   10    8 1 1 1  420 1080
835 162.800000 165.600000   10    8 1 1 1  480 1080
836 151.490000 154.540000   10    7 1 1 1  420 1080
837 150.040000 154.120000   10    7 1 1 1  420 1080
838 151.390000 156.950000   10    6 1 1 1  420 1080
839 152.630000 155.020000   10    6 1 1 1  420 1080
840 150.190000 150.410000   10    6 1 1 1  420 1080
841 150.900000 153.400000   10    6 1 1 1  420 1080
842 193.850000 175.600000   10    6 1 1 1  480 1080
843 150.590000 156.540000   10    6 1 1 1  480 1080
844 171.180000 170.300000   10    5 1 1 1  420 1080
845 154.290000 162.670000   10    4 1 1 1  480 1080
846 169.950000 171.430000   10    4 1 1 1  420 1080
847 151.200000 154.620000   10    3 1 1 1  420 1080
848 150.540000 156.850000   10    3 1 1 1  420  660
849 151.790000 154.810000   10    3 1 1 1  420 1080
850 149.320000 160.090000   10    3 1 1 1  360  720
851 149.200000 160.150000   10    2 1 1 1  420 1080
852 151.390000 156.950000   10    1 1 1 1  420 1080
853 150.670000 153.640000   10    1 1 1 1  420 1080
854 193.830000 175.660000   10    0 1 1 1  480 1080
855 171.870000 186.420000   23  264 1 1 1  420  840
856 171.310000 185.730000   23  268 1 1 1  450  960
857 169.750000 172.780000   51  823 1 1 1  420  900
858 168.160000 160.830000   21  225 1 1 1  405  780
859 144.620000 155.190000   20  217 1 1 1  420  900
860 146.890000 159.880000   19  188 1 1 1  480  960
861 160.880000 200.660000   10   10 1 1 1  600  840
862 163.030000 165.580000   18  178 1 1 1  390  750
863 162.550000 147.710000   41  634 1 1 1  360  900
864 150.540000 156.850000   41  629 1 1 1  420  540
865 155.460000 159.970000   21  224 1 1 1  420  780
866 175.820000 189.580000   12   44 1 1 1  600  720
867 155.230000 175.750000   11   34 1 1 1  180  660
868 148.790000 159.570000   11   22 1 1 1  420  720
869 149.810000 156.800000   18  162 1 1 1  360  960
870 151.530000 154.490000   35  510 1 1 1  420  720
871 149.330000 160.040000   45  706 1 1 1  450  900
872 149.410000 160.120000   31  429 1 1 1  435  840
873 150.320000 137.940000   28  366 1 1 1  420  900
874 193.900000 175.400000   47  753 1 1 1  480  660
875 150.540000 156.850000   63 1070 1 1 1  420  960
876 171.990000 194.100000   15  116 1 1 1  390  870
877 175.750000 189.280000   18  162 1 1 1  510  720
878 176.220000 190.990000   16  123 1 1 1  600  780
879 176.220000 190.990000   22  254 1 1 1  720  900
880 163.550000 180.500000   10   15 1 1 1    1 1439
881 163.610000 180.620000   41  638 1 1 1  420  540
882 163.450000 180.710000   20  211 1 1 1  480  900
883 163.610000 180.620000   18  169 1 1 1  420  720
884 152.680000 186.720000   16  128 1 1 1  360  480
885 155.600000 186.920000   14   83 1 1 1  360  600
886 171.470000 185.770000   22  246 1 1 1  510  660
887 171.380000 185.880000   17  141 1 1 1  480  900
888 188.220000 185.600000   27  359 1 1 1  720 1020
889 169.640000 172.710000   13   70 1 1 1    0 1080
890 169.750000 172.780000   15  119 1 1 1  360  720
891 169.800000 172.800000   30  404 1 1 1  720  840
892 169.750000 172.780000   12   52 1 1 1  540  900
893 194.260000 175.280000   34  488 1 1 1  540  720
894 169.640000 172.710000   12   41 1 1 1  480  720
895 194.260000 175.280000   10    0 1 1 1  540  720
896 193.900000 175.400000   13   64 1 1 1  600 1020
897 193.790000 175.300000   13   75 1 1 1  840 1080
898 171.100000 163.610000   11   33 1 1 1  420  600
899 177.090000 173.210000   11   28 1 1 1  840 1020
900 193.870000 174.970000   30  416 1 1 1  600  840
901 193.870000 174.970000   30  406 1 1 1  660  780
902 169.670000 173.660000   17  153 1 1 1  480 1380
903 153.040000 154.070000   22  245 1 1 1  420  690
904 193.870000 174.970000   30  419 1 1 1  600  960
905 154.180000 155.740000   16  124 1 1 1  420  840
906 161.540000 168.790000   15  103 1 1 1  480  900
907 161.120000 169.280000   13   64 1 1 1   60  840
908 162.350000 169.670000   19  185 1 1 1  630  840
909 163.080000 169.350000   18  165 1 1 1  360  720
910 168.250000 160.890000   20  209 1 1 1  480  660
911 172.320000 159.950000   14   96 1 1 1  600  960
912 193.870000 174.970000   15  115 1 1 1  540  780
913 161.210000 159.210000   13   72 1 1 1  420  720
914 193.870000 174.970000   11   38 1 1 1  540  780
915 193.890000 175.000000   14   91 1 1 1  720 1080
916 160.250000 156.460000   11   24 1 1 1  300  840
917 162.570000 147.820000   10   18 1 1 1  360  540
918 162.550000 147.710000   14   83 1 1 1  420  660
919 194.410000 174.280000   18  176 1 1 1  600 1020
920 159.070000 163.830000   13   63 1 1 1  600  990
921 160.780000 174.300000   15  100 1 1 1  360 1380
922 153.590000 174.350000   16  131 1 1 1  390  870
923 154.300000 171.420000   11   33 1 1 1  600  840
924 151.800000 160.460000   12   57 1 1 1  360  480
925 154.000000 156.860000   16  123 1 1 1  480 1320
926 149.890000 156.880000   15  118 1 1 1  360  660
927 159.660000 152.030000   36  539 1 1 1  600  780
928 159.980000 153.850000   15  113 1 1 1  720  960
929 169.330000 172.060000   14   93 1 1 1  360  720
930 169.790000 172.930000   12   41 1 1 1  420  930
931 169.670000 173.660000   14   82 1 1 1  480  900
932 149.280000 160.010000   24  288 1 1 1  360  600
933 169.670000 173.660000   11   23 1 1 1  360  840
934 157.740000 146.310000   17  149 1 1 1  510  660
935 157.740000 146.310000   10   12 1 1 1  480  600
936 145.900000 141.830000   12   51 1 1 1  540  660
937 146.030000 140.800000   17  146 1 1 1  840 1380
938 172.080000 175.650000   15  116 1 1 1  330  840
939 148.600000 139.070000   11   21 1 1 1  540 1080
940 148.410000 139.320000   14   80 1 1 1  660  900
941 159.700000 147.060000   91 1635 1 1 1  420  600
942 159.710000 147.020000   39  588 1 1 1  480  660
943 151.090000 141.090000   13   72 1 1 1  240 1380
944 150.170000 138.090000   12   59 1 1 1  600  780
945 149.280000 138.170000   12   56 1 1 1  480  840
946 162.730000 147.840000   18  167 1 1 1  420  690
947 150.590000 156.540000   18  168 1 1 1   90  540
948 152.070000 150.350000   15  103 1 1 1  600  780
949 155.900000 145.980000   22  246 1 1 1  420  600
950 155.900000 145.980000   21  234 1 1 1  420 1080
951 159.650000 146.170000   20  218 1 1 1  480  720
952 159.650000 146.170000   23  270 1 1 1  540 1140
953 159.250000 154.580000   17  143 1 1 1  780  960
954 151.690000 157.880000   12   56 1 1 1  240  570
955 158.220000 159.100000   10   16 1 1 1  480  820
956 162.610000 147.910000   15  114 1 1 1  420  570
957 151.450000 157.420000   19  192 1 1 1  480  660
958 151.450000 157.420000   13   62 1 1 1  480  660
959 149.280000 160.320000   15  105 1 1 1  420  900
960 149.430000 160.160000   14   88 1 1 1  480 1439
961 151.780000 154.240000   17  159 1 1 1  480  630
962 150.570000 156.900000   13   78 1 1 1  420  720
963 150.530000 156.760000   21  229 1 1 1  360  630
964 151.490000 154.540000   24  291 1 1 1  360  600
965 149.410000 160.120000   36  528 1 1 1  360  510
966 150.540000 156.850000   13   78 1 1 1  420  780
967 150.540000 156.850000   12   49 1 1 1  360  660
968 151.490000 154.540000   17  143 1 1 1  600  900
969 161.870000 146.840000   14   88 1 1 1  360  660
970 150.700000 156.860000   13   61 1 1 1  540  870
971 150.700000 156.860000   14   85 1 1 1  480  720
972 150.700000 156.860000   10    1 1 1 1  480  720
973 151.620000 139.280000   14   91 1 1 1  480  840
974 172.970000 157.640000   17  157 1 1 1  240  720
975 157.800000 160.050000   14   85 1 1 1  390  660
976 176.670000 153.300000   13   62 1 1 1  360  960
977 163.000000 199.780000   18  179 1 1 1  540 1320
978 144.610000 155.270000   12   44 1 1 1  420  690
979 162.460000 157.700000   17  143 1 1 1  360  840
980 164.770000 164.880000   18  160 1 1 1  540  720
981 166.670000 168.300000   12   55 1 1 1  720 1050
982 162.610000 147.910000   12   44 1 1 1  690  810
983 160.780000 174.300000   11   36 1 1 1  360  780
984 153.310000 159.730000   12   46 1 1 1  240  420
985 151.770000 160.450000   16  121 1 1 1  360  600
986 155.530000 159.920000   16  126 1 1 1  480  840
987 154.830000 159.970000   17  145 1 1 1  540  660
988 156.970000 144.480000   12   47 1 1 1  480  780
989 150.540000 156.850000   20  208 1 1 1  360  600
990 150.570000 156.900000   13   60 1 1 1  480 1080
991 151.690000 154.250000   17  142 1 1 1  420 1080
992 151.480000 154.480000   13   66 1 1 1  600  780
993 153.770000 149.300000   17  149 1 1 1  540 1380
994 153.770000 149.300000   15  105 1 1 1  600  900
995 187.610000 167.270000   13   69 1 1 1  420  720
996 187.900000 162.000000   16  137 1 1 1  600 1380
997 155.740000 147.580000   11   31 1 1 1  540  840
998 157.740000 146.310000   13   72 1 1 1  570  720
999 158.370000 146.580000   13   71 1 1 1  510  660
1000 158.330000 146.780000   12   52 1 1 1  420 1320
1001 194.260000 175.280000   21  230 1 1 1  600  840
1002 168.180000 172.340000   11   38 1 1 1  420 1439
1003 170.180000 172.920000   12   52 1 1 1    1  840
1004 163.770000 165.090000   17  149 1 1 1  390 1110
1005 151.560000 152.530000   16  135 1 1 1  420  540
1006 186.380000 156.700000   11   28 1 1 1    1 1439
1007 157.950000 146.040000   26  320 1 1 1  420  720
1008 194.170000 175.750000   21  239 1 1 1  420  960
1009 193.890000 175.000000   78 1363 1 1 1  420  930
1010 193.480000 174.350000   29  394 1 1 1  600  720
1011 194.290000 176.370000   15  106 1 1 1  600  720
1012 172.240000 187.390000   15  116 1 1 1  600 1080
1013 150.530000 156.760000   14   97 1 1 1  600  720
1014 154.770000 152.930000   23  271 1 1 1  360  660
1015 156.770000 151.130000   15  119 1 1 1  420  600
1016 155.680000 161.820000   14   80 1 1 1  420  540
1017 162.090000 160.650000   13   74 1 1 1  300  720
1018 157.700000 155.630000   10   14 1 1 1  360 1020
1019 193.900000 175.400000   22  242 1 1 1  840 1020
1020 193.900000 175.400000   12   48 1 1 1  600  960
1021 193.850000 175.600000   13   70 1 1 1  720 1140
1022 187.810000 161.970000   14   85 1 1 1  420 1320
1023 169.750000 172.780000   13   69 1 1 1  420  840
1024 151.560000 152.530000   11   37 1 1 1  540  780
1025 151.560000 152.530000   15  117 1 1 1  420  720
1026 201.780000 167.050000   15  106 1 1 1  540  960
1027 195.780000 160.420000   14   94 1 1 1  600 1170
1028 197.900000 159.070000   12   59 1 1 1  600 1080
1029 160.450000 167.430000   16  123 1 1 1  360  540
1030 150.560000 167.360000   12   40 1 1 1  360  840
1031 167.210000 199.560000   14   83 1 1 1  570  930
1032 162.680000 147.830000   15  102 1 1 1  480  690
1033 161.870000 146.840000   14   81 1 1 1  450  690
1034 151.590000 157.370000   16  122 1 1 1  420 1080
