4 31 914 1
0 3900
  0 150.900000 153.400000    0    0 0 0      0 1440
  1 149.250000 150.760000  119 2187 1 1 1  600 1080
  2 161.960000 185.740000   46  735 1 1 1  480 1020
  3 149.410000 160.120000   39  585 1 1 1  420 1080
  4 150.900000 153.400000   37  556 1 1 1  420 1080
  5 151.800000 154.830000   30  403 1 1 1  420  780
  6 169.600000 172.730000   29  396 1 1 1  720 1320
  7 156.870000 144.820000   29  380 1 1 1  420  720
  8 159.020000 148.060000   27  354 1 1 1  330  480
  9 148.540000 156.090000   27  354 1 1 1  420 1080
 10 186.080000 168.830000   27  344 1 1 1  420  540
 11 185.570000 163.240000   25  309 1 1 1  420 1080
 12 171.380000 185.880000   25  308 1 1 1  480 1080
 13 160.360000 177.560000   25  307 1 1 1  180  450
 14 150.350000 159.740000   25  306 1 1 1  390  720
 15 159.650000 146.170000   24  292 1 1 1  360 1439
 16 177.320000 167.660000   24  288 1 1 1  480 1080
 17 148.150000 141.300000   23  273 1 1 1  840 1020
 18 151.560000 152.530000   22  254 1 1 1  420  720
 19 160.100000 148.740000   22  249 1 1 1  240  720
 20 175.270000 182.320000   22  249 1 1 1  300  630
 21 159.650000 146.170000   22  245 1 1 1  540 1260
 22 161.930000 148.580000   22  244 1 1 1  420 1080
 23 155.310000 168.200000   22  242 1 1 1  480  720
 24 171.130000 185.870000   21  239 1 1 1  540  720
 25 149.440000 145.390000   21  239 1 1 1  360  720
 26 152.410000 164.210000   21  237 1 1 1  420 1320
 27 147.870000 156.090000   21  236 1 1 1  450  840
 28 171.360000 185.930000   21  233 1 1 1  420 1080
 29 151.910000 139.970000   21  233 1 1 1  540 1439
 30 156.970000 161.140000   21  232 1 1 1  480 1380
 31 148.130000 158.550000   21  230 1 1 1  300  540
 32 181.000000 157.460000   21  225 1 1 1  420  900
 33 174.710000 169.290000   21  224 1 1 1  420  720
 34 149.390000 153.770000   21  222 1 1 1  240  780
 35 149.200000 160.150000   21  221 1 1 1  540  660
 36 151.560000 152.530000   20  219 1 1 1  450  570
 37 158.730000 162.860000   20  215 1 1 1  240 1080
 38 150.550000 156.860000   20  210 1 1 1  540  900
 39 149.280000 160.320000   20  209 1 1 1  360  660
 40 151.350000 159.780000   20  207 1 1 1  255  435
 41 173.990000 187.310000   20  207 1 1 1  420 1320
 42 156.440000 172.150000   20  205 1 1 1  540  780
 43 149.410000 160.120000   20  203 1 1 1  420 1080
 44 158.300000 154.530000   20  202 1 1 1  540  780
 45 148.790000 159.570000   20  200 1 1 1  540 1080
 46 150.620000 156.770000   20  200 1 1 1  540  720
 47 169.980000 172.330000   19  199 1 1 1  540  720
 48 192.360000 196.150000   19  199 1 1 1  600 1320
 49 151.740000 157.530000   19  192 1 1 1  420  720
 50 154.210000 161.440000   19  188 1 1 1  480  780
 51 172.120000 186.780000   19  186 1 1 1  480 1080
 52 193.890000 175.000000   19  185 1 1 1  600  900
 53 172.010000 192.920000   19  182 1 1 1  480  780
 54 150.570000 156.900000   19  180 1 1 1  540  780
 55 151.330000 153.630000   19  180 1 1 1  300  420
 56 143.930000 158.550000   18  175 1 1 1  540 1080
 57 154.170000 163.000000   18  174 1 1 1  540  750
 58 150.540000 156.850000   18  173 1 1 1  420  600
 59 162.550000 147.710000   18  169 1 1 1  570  705
 60 150.590000 156.540000   18  168 1 1 1  510  840
 61 172.120000 194.570000   18  166 1 1 1  540 1200
 62 152.630000 155.020000   18  165 1 1 1  720  840
 63 158.400000 166.070000   18  164 1 1 1  360 1080
 64 160.470000 167.500000   18  164 1 1 1  300  900
 65 176.710000 172.620000   18  163 1 1 1  420 1080
 66 159.020000 181.550000   18  163 1 1 1  540  780
 67 175.240000 171.730000   18  163 1 1 1  540  750
 68 147.940000 161.310000   18  161 1 1 1  420 1080
 69 194.120000 186.410000   18  161 1 1 1  480  600
 70 149.410000 160.120000   18  160 1 1 1  420 1080
 71 171.380000 185.880000   18  160 1 1 1  540  720
 72 169.930000 184.750000   18  160 1 1 1  900 1140
 73 149.920000 160.180000   18  160 1 1 1  480 1080
 74 162.560000 147.720000   17  157 1 1 1  480  630
 75 154.780000 148.950000   17  155 1 1 1  420  780
 76 171.050000 185.560000   17  155 1 1 1  600  720
 77 160.770000 147.250000   17  154 1 1 1  600 1380
 78 149.770000 159.540000   17  153 1 1 1  420  540
 79 171.310000 185.900000   17  153 1 1 1  660  900
 80 160.880000 200.660000   17  151 1 1 1  540  720
 81 148.600000 139.070000   17  150 1 1 1  360 1080
 82 183.400000 170.650000   17  150 1 1 1  420 1080
 83 154.650000 137.660000   17  150 1 1 1  420  870
 84 151.540000 147.990000   17  149 1 1 1  540  900
 85 176.260000 173.190000   17  149 1 1 1  840 1050
 86 169.880000 183.530000   17  149 1 1 1  600 1080
 87 194.140000 176.430000   17  149 1 1 1  540 1080
 88 170.710000 197.210000   17  148 1 1 1  540 1380
 89 159.700000 147.060000   17  147 1 1 1  420  600
 90 151.610000 157.360000   17  146 1 1 1  450  720
 91 174.590000 194.290000   17  145 1 1 1  840 1439
 92 178.790000 157.630000   17  145 1 1 1  420 1080
 93 160.880000 200.660000   17  144 1 1 1  570  840
 94 171.070000 184.690000   17  144 1 1 1  360  555
 95 194.740000 195.860000   17  144 1 1 1  360 1439
 96 172.170000 186.500000   17  144 1 1 1  360  600
 97 163.680000 198.120000   17  144 1 1 1  420  600
 98 170.110000 186.590000   17  142 1 1 1  600  840
 99 176.220000 190.990000   17  142 1 1 1  660  840
100 171.470000 185.770000   17  141 1 1 1  420  660
101 152.830000 153.710000   17  141 1 1 1  600  780
102 146.760000 165.380000   17  140 1 1 1  540  900
103 180.980000 157.530000   17  140 1 1 1  540  930
104 151.590000 157.370000   17  140 1 1 1  480 1080
105 168.140000 166.900000   16  139 1 1 1  600  900
106 194.550000 175.260000   16  136 1 1 1  420 1080
107 162.370000 147.230000   16  133 1 1 1  330  600
108 187.820000 161.960000   16  133 1 1 1  480 1320
109 151.960000 153.870000   16  133 1 1 1  360  780
110 194.180000 175.040000   16  132 1 1 1  600  720
111 171.640000 170.330000   16  132 1 1 1  480  840
112 145.250000 158.770000   16  131 1 1 1  540  960
113 153.620000 174.440000   16  131 1 1 1  360 1080
114 170.760000 166.500000   16  130 1 1 1  720 1020
115 172.230000 187.110000   16  130 1 1 1  960 1080
116 175.300000 171.610000   16  129 1 1 1  600  840
117 171.440000 191.440000   16  129 1 1 1  360 1200
118 148.790000 159.570000   16  128 1 1 1  360 1200
119 155.640000 167.730000   16  128 1 1 1  480  720
120 170.420000 160.980000   16  127 1 1 1  840 1140
121 151.090000 150.120000   16  127 1 1 1  570  840
122 171.330000 164.510000   16  127 1 1 1  480  720
123 171.100000 163.700000   16  126 1 1 1  420 1080
124 149.150000 160.270000   16  126 1 1 1  480 1080
125 163.550000 180.500000   16  125 1 1 1  420  720
126 154.130000 171.480000   16  125 1 1 1  540  840
127 154.290000 162.670000   16  125 1 1 1  570  780
128 159.530000 181.420000   16  124 1 1 1  510  870
129 150.540000 156.850000   16  123 1 1 1  540  840
130 168.590000 189.690000   16  122 1 1 1  360 1320
131 160.100000 148.740000   16  122 1 1 1  360 1200
132 154.170000 163.000000   16  121 1 1 1  540  750
133 157.270000 158.780000   16  121 1 1 1  420  720
134 178.220000 157.530000   16  120 1 1 1  360 1320
135 169.710000 199.160000   16  120 1 1 1  600 1320
136 150.910000 156.040000   16  120 1 1 1  420  660
137 151.810000 160.430000   16  120 1 1 1  240  840
138 153.490000 172.060000   15  119 1 1 1  420  900
139 172.080000 175.650000   15  119 1 1 1  480  720
140 165.570000 169.640000   15  119 1 1 1  600  870
141 175.440000 192.910000   15  118 1 1 1  480  870
142 167.540000 198.850000   15  118 1 1 1  660 1320
143 158.960000 146.150000   15  118 1 1 1  570 1260
144 192.050000 156.270000   15  117 1 1 1  480 1380
145 159.740000 147.020000   15  117 1 1 1  360  660
146 159.570000 146.170000   15  117 1 1 1  540  900
147 152.830000 153.710000   15  116 1 1 1  600  780
148 172.080000 175.650000   15  116 1 1 1  360  720
149 171.150000 185.540000   15  114 1 1 1  420 1080
150 171.700000 186.070000   15  114 1 1 1  480 1080
151 154.590000 160.170000   15  114 1 1 1  540  780
152 175.820000 189.580000   15  113 1 1 1  360  660
153 174.660000 167.600000   15  113 1 1 1  600 1020
154 149.280000 160.010000   15  113 1 1 1  360  720
155 165.750000 158.570000   15  113 1 1 1  540  900
156 150.230000 160.440000   15  112 1 1 1  420  720
157 158.920000 146.630000   15  112 1 1 1  480  780
158 176.160000 193.010000   15  111 1 1 1  780  960
159 176.610000 192.160000   15  110 1 1 1  720  900
160 174.080000 157.130000   15  110 1 1 1  480 1140
161 192.270000 173.840000   15  110 1 1 1  720 1020
162 151.150000 170.930000   15  109 1 1 1  300  720
163 149.730000 149.400000   15  109 1 1 1  540  720
164 151.700000 150.860000   15  108 1 1 1  540  660
165 154.310000 163.040000   15  108 1 1 1  480 1080
166 175.300000 171.610000   15  108 1 1 1  600 1080
167 151.530000 154.490000   15  108 1 1 1  480 1380
168 156.640000 170.980000   15  108 1 1 1  360  720
169 152.280000 160.510000   15  107 1 1 1  420 1080
170 198.500000 186.670000   15  107 1 1 1  420 1080
171 150.160000 156.700000   15  107 1 1 1  540  720
172 149.500000 155.520000   15  107 1 1 1  480 1200
173 171.170000 162.180000   15  107 1 1 1  840 1200
174 150.960000 162.770000   15  106 1 1 1  480  660
175 154.290000 162.670000   15  106 1 1 1  600  780
176 144.620000 155.190000   15  106 1 1 1  540  780
177 186.260000 187.470000   15  106 1 1 1  540 1320
178 185.810000 189.420000   15  106 1 1 1  420 1080
179 163.550000 180.500000   15  106 1 1 1  360  660
180 148.570000 162.000000   15  106 1 1 1  480 1080
181 150.620000 156.770000   15  105 1 1 1  420 1080
182 171.550000 160.660000   15  105 1 1 1  840 1020
183 162.370000 147.230000   15  105 1 1 1  420 1080
184 192.170000 173.780000   15  104 1 1 1  480 1080
185 149.870000 144.140000   15  104 1 1 1  180  810
186 144.880000 166.610000   15  104 1 1 1  540  960
187 162.760000 147.840000   15  104 1 1 1  420 1080
188 149.150000 160.270000   15  104 1 1 1  360  810
189 153.200000 163.680000   15  104 1 1 1  480  720
190 146.520000 154.590000   15  104 1 1 1  540  840
191 170.830000 185.780000   15  104 1 1 1  420  600
192 159.980000 153.850000   15  103 1 1 1  840 1140
193 171.370000 185.800000   15  102 1 1 1  480  690
194 170.830000 185.780000   15  102 1 1 1  360  660
195 158.500000 158.330000   15  102 1 1 1  600  840
196 171.310000 185.730000   15  102 1 1 1  480  720
197 157.850000 163.460000   15  102 1 1 1  420  960
198 148.600000 139.070000   15  102 1 1 1  540 1080
199 150.260000 138.160000   15  101 1 1 1  540  840
200 150.320000 155.680000   15  101 1 1 1  420 1080
201 150.620000 156.770000   15  101 1 1 1  360  720
202 154.950000 162.400000   15  101 1 1 1  360  840
203 168.360000 165.880000   15  101 1 1 1  630  870
204 151.690000 154.250000   15  100 1 1 1  420 1080
205 160.200000 168.850000   15  100 1 1 1  480  840
206 179.030000 167.590000   15  100 1 1 1  540 1050
207 151.370000 161.020000   15  100 1 1 1  420  570
208 155.300000 168.150000   15  100 1 1 1  420  660
209 162.630000 147.810000   15  100 1 1 1  480 1080
210 160.880000 200.660000   14   99 1 1 1  540  840
211 176.850000 156.700000   14   99 1 1 1  540 1380
212 164.320000 180.640000   14   99 1 1 1  480 1080
213 150.500000 157.350000   14   99 1 1 1  480  780
214 167.430000 172.250000   14   98 1 1 1  540 1380
215 155.740000 147.580000   14   98 1 1 1  480 1080
216 169.230000 162.120000   14   97 1 1 1  360  600
217 153.620000 180.350000   14   97 1 1 1  360  720
218 163.460000 180.580000   14   97 1 1 1  540 1050
219 150.350000 138.070000   14   97 1 1 1  480 1080
220 154.150000 162.450000   14   97 1 1 1  540  840
221 171.420000 186.260000   14   96 1 1 1  780  960
222 157.120000 146.150000   14   96 1 1 1  630  780
223 171.230000 186.290000   14   96 1 1 1  840  960
224 167.470000 169.650000   14   96 1 1 1  720 1020
225 144.620000 155.190000   14   95 1 1 1  480 1080
226 155.900000 145.980000   14   95 1 1 1  540 1080
227 177.020000 171.260000   14   95 1 1 1  660 1020
228 191.400000 152.580000   14   95 1 1 1  420 1080
229 163.090000 157.500000   14   95 1 1 1  600  900
230 147.020000 155.410000   14   94 1 1 1  300  540
231 148.450000 158.890000   14   94 1 1 1  360  840
232 162.350000 147.710000   14   94 1 1 1  480 1080
233 171.050000 185.560000   14   94 1 1 1  540  660
234 180.660000 165.590000   14   94 1 1 1  420 1080
235 154.590000 176.050000   14   94 1 1 1  180  720
236 149.340000 140.340000   14   93 1 1 1  630  930
237 194.840000 175.060000   14   93 1 1 1  480 1080
238 150.540000 156.850000   14   93 1 1 1  600  720
239 151.820000 157.650000   14   93 1 1 1  480  720
240 160.650000 201.370000   14   93 1 1 1  660 1350
241 187.900000 162.000000   14   92 1 1 1  600 1320
242 195.820000 193.370000   14   92 1 1 1  540  900
243 162.550000 147.710000   14   92 1 1 1  600  720
244 168.180000 160.840000   14   92 1 1 1  420  660
245 149.500000 155.520000   14   92 1 1 1  360  720
246 160.770000 147.250000   14   92 1 1 1  420  720
247 169.130000 187.330000   14   91 1 1 1  420  930
248 150.620000 156.770000   14   91 1 1 1  420 1080
249 149.320000 162.540000   14   91 1 1 1    1  720
250 167.680000 171.100000   14   90 1 1 1  420  960
251 158.320000 171.460000   14   90 1 1 1  405  660
252 148.410000 139.320000   14   90 1 1 1  600  780
253 163.310000 150.170000   14   90 1 1 1  480  780
254 145.080000 160.160000   14   89 1 1 1  420  840
255 175.540000 173.470000   14   89 1 1 1  600 1020
256 154.270000 161.440000   14   89 1 1 1  480 1080
257 161.120000 169.280000   14   89 1 1 1  540  900
258 168.160000 160.830000   14   89 1 1 1  480  840
259 175.110000 174.480000   14   88 1 1 1  840 1080
260 157.850000 163.460000   14   88 1 1 1  420 1020
261 158.330000 171.450000   14   88 1 1 1  300  660
262 175.440000 192.910000   14   88 1 1 1  480 1080
263 159.560000 165.500000   14   87 1 1 1  540  900
264 148.410000 139.320000   14   87 1 1 1  480 1080
265 151.230000 138.430000   14   86 1 1 1  600 1080
266 188.050000 162.060000   14   86 1 1 1  480 1080
267 156.430000 168.430000   14   86 1 1 1  540  660
268 162.030000 148.860000   14   86 1 1 1  420 1080
269 159.340000 169.870000   14   85 1 1 1    1  780
270 171.600000 194.230000   14   85 1 1 1  660 1320
271 149.630000 159.140000   14   85 1 1 1  360 1020
272 171.380000 185.880000   14   84 1 1 1  480  720
273 170.580000 174.020000   14   84 1 1 1  540 1320
274 168.970000 194.710000   14   82 1 1 1  480 1080
275 152.360000 158.990000   14   82 1 1 1  360 1200
276 147.370000 161.220000   14   81 1 1 1  540  840
277 169.640000 172.750000   14   81 1 1 1  540  900
278 168.620000 159.120000   14   81 1 1 1  540  720
279 161.870000 173.260000   14   80 1 1 1  420 1080
280 150.870000 155.890000   14   80 1 1 1  300  690
281 162.660000 146.930000   14   80 1 1 1  480  750
282 180.670000 186.670000   14   80 1 1 1  420 1080
283 144.530000 156.580000   14   80 1 1 1  540  840
284 159.710000 147.020000   14   80 1 1 1  480 1080
285 175.900000 189.570000   14   80 1 1 1  480 1080
286 198.200000 183.080000   13   79 1 1 1  540 1320
287 146.720000 160.480000   13   79 1 1 1  420 1080
288 175.040000 154.330000   13   79 1 1 1  360 1439
289 150.500000 142.610000   13   79 1 1 1  480 1080
290 150.550000 156.860000   13   79 1 1 1  510  690
291 163.450000 180.570000   13   78 1 1 1  300  540
292 154.870000 150.290000   13   78 1 1 1  420 1080
293 175.430000 156.090000   13   78 1 1 1  420 1320
294 149.400000 159.920000   13   78 1 1 1  420  690
295 177.070000 173.460000   13   78 1 1 1  480 1140
296 150.230000 160.440000   13   78 1 1 1  480 1080
297 151.230000 138.430000   13   78 1 1 1  360  720
298 193.890000 175.000000   13   77 1 1 1  540  900
299 165.350000 167.030000   13   77 1 1 1  540  780
300 170.690000 187.780000   13   77 1 1 1  840 1200
301 168.360000 165.880000   13   77 1 1 1  420 1080
302 151.390000 159.960000   13   76 1 1 1  410  630
303 171.380000 185.880000   13   76 1 1 1  540  660
304 158.810000 185.510000   13   76 1 1 1  480 1080
305 147.930000 160.760000   13   75 1 1 1  360 1439
306 171.470000 185.770000   13   75 1 1 1  420 1080
307 153.620000 180.350000   13   75 1 1 1  300  720
308 154.780000 151.100000   13   75 1 1 1  390 1080
309 191.460000 194.500000   13   75 1 1 1  480 1080
310 159.390000 171.380000   13   75 1 1 1  360  900
311 148.020000 144.400000   13   74 1 1 1  375  930
312 176.260000 173.190000   13   74 1 1 1  780  960
313 171.150000 185.540000   13   74 1 1 1  540  720
314 152.650000 152.690000   13   74 1 1 1  420 1080
315 169.600000 173.110000   13   74 1 1 1  420 1080
316 163.720000 180.190000   13   73 1 1 1  420 1080
317 149.570000 138.590000   13   73 1 1 1  600  900
318 157.800000 150.680000   13   72 1 1 1  480 1080
319 171.460000 186.870000   13   72 1 1 1  300  780
320 152.090000 167.880000   13   72 1 1 1  360  600
321 150.910000 156.040000   13   72 1 1 1  420 1080
322 151.960000 143.340000   13   72 1 1 1  480 1080
323 152.070000 150.350000   13   71 1 1 1  420 1080
324 188.320000 161.990000   13   71 1 1 1  480 1080
325 158.380000 172.890000   13   71 1 1 1  480 1080
326 169.800000 172.800000   13   71 1 1 1  540  720
327 156.100000 150.070000   13   71 1 1 1  720 1080
328 158.380000 172.890000   13   71 1 1 1  360 1080
329 165.970000 171.780000   13   71 1 1 1  540 1080
330 155.480000 144.120000   13   70 1 1 1  540 1320
331 159.970000 166.850000   13   70 1 1 1  420  720
332 161.560000 168.890000   13   70 1 1 1  360  930
333 158.230000 153.250000   13   70 1 1 1  420 1080
334 164.410000 155.100000   13   70 1 1 1  540 1080
335 193.850000 175.600000   13   70 1 1 1  840 1080
336 162.350000 169.700000   13   70 1 1 1  480 1080
337 155.330000 168.110000   13   70 1 1 1  240  720
338 194.180000 175.040000   13   70 1 1 1  840 1020
339 155.650000 140.200000   13   70 1 1 1  480 1080
340 182.720000 171.000000   13   69 1 1 1  480 1080
341 161.530000 160.910000   13   69 1 1 1  300 1080
342 161.040000 148.390000   13   69 1 1 1  540  900
343 156.970000 150.110000   13   69 1 1 1  480  780
344 172.030000 175.580000   13   69 1 1 1  360  720
345 159.650000 146.170000   13   69 1 1 1  420 1080
346 184.180000 158.460000   13   69 1 1 1  540 1320
347 150.320000 137.940000   13   69 1 1 1  540  840
348 147.100000 155.430000   13   68 1 1 1  420  540
349 152.320000 154.730000   13   68 1 1 1  480 1080
350 179.610000 165.120000   13   68 1 1 1  420 1080
351 151.310000 157.390000   13   67 1 1 1  360  660
352 156.850000 144.840000   13   67 1 1 1  420 1080
353 171.140000 169.850000   13   67 1 1 1  420  840
354 148.040000 163.150000   13   67 1 1 1  480 1080
355 170.760000 166.500000   13   67 1 1 1  600  780
356 150.600000 160.460000   13   67 1 1 1  420 1080
357 151.250000 154.590000   13   66 1 1 1  480  780
358 154.340000 156.600000   13   66 1 1 1  420 1080
359 152.380000 162.750000   13   66 1 1 1  420 1080
360 154.780000 148.950000   13   66 1 1 1  420  780
361 154.210000 163.660000   13   66 1 1 1  360 1080
362 158.120000 148.150000   13   66 1 1 1  510 1140
363 169.800000 172.800000   13   66 1 1 1  480  720
364 158.870000 164.740000   13   66 1 1 1  390  960
365 163.390000 158.360000   13   66 1 1 1  420  840
366 161.930000 148.580000   13   65 1 1 1  450  720
367 170.470000 185.680000   13   64 1 1 1    1 1439
368 175.900000 189.570000   13   64 1 1 1  480  600
369 150.670000 153.640000   13   64 1 1 1    1 1439
370 151.530000 154.490000   13   64 1 1 1  600  720
371 161.560000 168.870000   13   63 1 1 1  360  960
372 191.460000 156.870000   13   63 1 1 1  780 1080
373 159.980000 153.850000   13   63 1 1 1  720 1020
374 158.130000 151.380000   13   63 1 1 1  480  660
375 170.110000 186.590000   13   63 1 1 1  540  720
376 171.290000 186.130000   13   63 1 1 1  600  660
377 164.770000 164.880000   13   63 1 1 1  480 1080
378 159.690000 147.040000   13   62 1 1 1  540  720
379 194.180000 175.040000   13   62 1 1 1  540  720
380 196.890000 192.760000   13   62 1 1 1  480 1080
381 162.320000 166.570000   13   62 1 1 1  480  720
382 157.700000 155.630000   13   62 1 1 1  600  960
383 144.620000 155.190000   13   62 1 1 1  540  720
384 150.080000 146.180000   13   62 1 1 1  420  960
385 171.180000 170.300000   13   62 1 1 1  420 1080
386 169.560000 173.410000   13   62 1 1 1  480 1080
387 168.650000 176.580000   13   62 1 1 1  600 1260
388 151.230000 138.430000   13   61 1 1 1  480 1080
389 162.910000 150.660000   13   61 1 1 1  480 1080
390 151.690000 154.250000   13   61 1 1 1  420  600
391 151.510000 154.550000   13   61 1 1 1  480 1080
392 146.760000 152.090000   13   60 1 1 1  420 1080
393 162.540000 194.170000   13   60 1 1 1  480 1260
394 150.620000 156.770000   13   60 1 1 1  480 1080
395 163.250000 170.010000   13   60 1 1 1  420  720
396 158.520000 146.040000   13   60 1 1 1  720  900
397 159.710000 147.020000   13   60 1 1 1  360  540
398 160.880000 200.660000   13   60 1 1 1  540 1080
399 171.380000 185.880000   13   60 1 1 1  420 1080
400 170.180000 172.920000   12   59 1 1 1  420  780
401 180.910000 186.640000   12   59 1 1 1  420 1080
402 152.300000 160.450000   12   59 1 1 1  360 1080
403 175.750000 154.040000   12   59 1 1 1  480 1080
404 150.590000 156.540000   12   59 1 1 1  240  480
405 160.880000 200.660000   12   59 1 1 1  720 1380
406 149.430000 160.160000   12   58 1 1 1  480  780
407 149.410000 160.120000   12   58 1 1 1  450  720
408 158.220000 159.100000   12   58 1 1 1  420  720
409 154.590000 146.200000   12   58 1 1 1  240 1320
410 150.570000 156.900000   12   57 1 1 1  420 1080
411 160.300000 164.740000   12   57 1 1 1  480 1080
412 150.550000 156.860000   12   57 1 1 1  540  720
413 162.790000 152.900000   12   57 1 1 1  480 1080
414 191.320000 184.230000   12   57 1 1 1  420 1080
415 157.620000 157.400000   12   57 1 1 1  540  900
416 157.970000 145.530000   12   57 1 1 1  600  840
417 147.370000 161.220000   12   57 1 1 1  420 1080
418 150.160000 156.700000   12   57 1 1 1  540  780
419 150.490000 157.400000   12   56 1 1 1  480 1140
420 151.080000 154.410000   12   56 1 1 1  420 1080
421 161.760000 181.750000   12   56 1 1 1  480 1080
422 151.330000 153.630000   12   56 1 1 1  480 1080
423 148.420000 138.960000   12   56 1 1 1  540 1320
424 169.750000 172.780000   12   56 1 1 1  420 1080
425 162.550000 147.320000   12   55 1 1 1  420 1080
426 162.630000 147.830000   12   55 1 1 1  480 1080
427 159.220000 151.820000   12   55 1 1 1  420 1080
428 193.830000 175.660000   12   55 1 1 1  600  900
429 179.130000 157.240000   12   55 1 1 1  510 1080
430 160.770000 147.250000   12   55 1 1 1  360 1439
431 152.330000 152.390000   12   54 1 1 1  330  510
432 159.720000 146.970000   12   54 1 1 1  480  960
433 174.010000 167.890000   12   54 1 1 1  480 1080
434 151.230000 154.810000   12   54 1 1 1  540  840
435 171.470000 185.770000   12   54 1 1 1  480  720
436 161.870000 146.840000   12   54 1 1 1  360  540
437 155.080000 144.800000   12   54 1 1 1  480 1320
438 175.880000 189.880000   12   54 1 1 1  540  660
439 155.510000 155.690000   12   53 1 1 1  840 1140
440 150.550000 156.860000   12   53 1 1 1  420 1080
441 160.530000 201.250000   12   53 1 1 1  600  840
442 146.070000 158.670000   12   53 1 1 1  420 1080
443 172.200000 158.460000   12   53 1 1 1  420 1080
444 158.540000 146.550000   12   53 1 1 1  480  780
445 150.190000 150.410000   12   53 1 1 1  480 1080
446 187.810000 161.970000   12   52 1 1 1  480 1080
447 161.760000 166.240000   12   52 1 1 1  480 1080
448 161.420000 152.690000   12   52 1 1 1  540  780
449 153.880000 149.850000   12   52 1 1 1  360 1380
450 150.540000 156.850000   12   52 1 1 1  420  540
451 151.230000 138.430000   12   52 1 1 1  480  720
452 162.320000 166.570000   12   52 1 1 1  480  660
453 171.450000 172.750000   12   51 1 1 1  420 1080
454 148.400000 166.110000   12   51 1 1 1  480 1380
455 150.540000 169.450000   12   51 1 1 1  300  720
456 152.680000 186.720000   12   51 1 1 1  570  870
457 159.070000 169.750000   12   51 1 1 1  600  840
458 148.120000 164.550000   12   51 1 1 1  540 1080
459 168.360000 165.880000   12   51 1 1 1  420 1080
460 151.560000 152.530000   12   51 1 1 1  480  840
461 188.680000 196.150000   12   51 1 1 1  420 1080
462 162.030000 148.860000   12   50 1 1 1  450  690
463 160.250000 156.460000   12   50 1 1 1  540  780
464 149.400000 159.920000   12   50 1 1 1  420 1080
465 154.340000 156.600000   12   50 1 1 1  540  930
466 146.100000 157.320000   12   50 1 1 1  480  720
467 163.790000 185.870000   12   49 1 1 1  420  960
468 171.180000 170.300000   12   49 1 1 1  480  870
469 151.370000 161.020000   12   49 1 1 1  480  720
470 171.100000 163.700000   12   49 1 1 1  420 1080
471 154.870000 157.630000   12   49 1 1 1  660  990
472 154.690000 137.660000   12   49 1 1 1  720  900
473 172.120000 194.570000   12   49 1 1 1  480  780
474 159.250000 154.580000   12   48 1 1 1  480  780
475 169.750000 172.780000   12   48 1 1 1    0  720
476 150.580000 161.560000   12   48 1 1 1  480  600
477 176.670000 153.300000   12   48 1 1 1  420 1080
478 156.640000 170.980000   12   48 1 1 1  480  720
479 157.120000 146.150000   12   48 1 1 1  480  600
480 178.790000 157.630000   12   48 1 1 1  360 1320
481 151.560000 152.530000   12   48 1 1 1  480 1080
482 151.490000 154.540000   12   48 1 1 1  480 1080
483 169.830000 195.260000   12   48 1 1 1  480 1200
484 150.570000 156.900000   12   47 1 1 1  420  780
485 167.740000 166.660000   12   47 1 1 1  480 1080
486 151.690000 154.250000   12   47 1 1 1  600  840
487 194.840000 175.060000   12   47 1 1 1  840 1080
488 157.020000 164.220000   12   47 1 1 1  360 1020
489 166.420000 168.130000   12   47 1 1 1  480 1080
490 155.680000 140.180000   12   47 1 1 1  420 1080
491 159.840000 154.510000   12   47 1 1 1  480  810
492 174.050000 152.230000   12   46 1 1 1  420 1380
493 187.900000 162.000000   12   46 1 1 1  600 1439
494 180.880000 186.690000   12   46 1 1 1  600 1020
495 162.630000 147.810000   12   46 1 1 1  480 1080
496 151.780000 154.240000   12   46 1 1 1  420 1080
497 150.540000 156.850000   12   46 1 1 1  420 1080
498 156.700000 145.640000   12   46 1 1 1  300  660
499 185.540000 156.830000   12   46 1 1 1  420 1080
500 161.400000 148.330000   12   45 1 1 1  540 1200
501 175.110000 174.480000   12   45 1 1 1  600 1020
502 152.650000 152.690000   12   45 1 1 1  420 1080
503 148.000000 144.280000   12   45 1 1 1  780 1320
504 156.850000 144.840000   12   45 1 1 1  480 1080
505 150.600000 160.460000   12   45 1 1 1  480 1080
506 161.540000 168.790000   12   44 1 1 1  360  720
507 160.880000 200.660000   12   44 1 1 1  780 1439
508 169.640000 172.750000   12   44 1 1 1  540 1320
509 162.350000 169.700000   12   44 1 1 1  600  780
510 150.870000 155.890000   12   44 1 1 1  360  780
511 160.280000 168.380000   12   44 1 1 1  360  960
512 151.540000 147.990000   12   43 1 1 1  480 1290
513 161.370000 152.500000   12   43 1 1 1  480 1080
514 171.380000 185.880000   12   43 1 1 1  480 1080
515 164.640000 152.780000   12   43 1 1 1  660  840
516 160.490000 148.190000   12   43 1 1 1  480 1080
517 159.970000 166.850000   12   43 1 1 1  480 1080
518 146.100000 157.320000   12   43 1 1 1  540 1080
519 164.770000 164.880000   12   43 1 1 1  480 1080
520 170.490000 173.680000   12   43 1 1 1  480 1080
521 145.030000 154.750000   12   43 1 1 1  420  540
522 185.540000 163.220000   12   43 1 1 1  480 1080
523 159.340000 168.090000   12   42 1 1 1  360  600
524 160.440000 154.000000   12   42 1 1 1  420 1080
525 169.820000 172.600000   12   42 1 1 1  600  960
526 171.360000 185.930000   12   42 1 1 1  540  870
527 152.930000 160.690000   12   42 1 1 1  420 1080
528 157.700000 155.630000   12   42 1 1 1  480 1080
529 167.870000 186.100000   12   42 1 1 1  480 1080
530 162.030000 148.860000   12   42 1 1 1  480  690
531 158.100000 146.480000   12   41 1 1 1  600  720
532 164.880000 151.440000   12   41 1 1 1  600  780
533 170.580000 174.020000   12   41 1 1 1  480 1080
534 187.850000 162.160000   12   41 1 1 1  600  900
535 144.580000 155.210000   12   41 1 1 1  660  900
536 170.490000 173.680000   12   41 1 1 1  420 1080
537 170.580000 174.020000   12   41 1 1 1  600 1320
538 161.340000 172.210000   12   41 1 1 1  540  900
539 156.130000 161.860000   12   41 1 1 1  440  570
540 170.490000 173.680000   12   41 1 1 1  420 1080
541 161.120000 169.280000   12   40 1 1 1  360 1080
542 151.780000 154.240000   12   40 1 1 1  420 1080
543 146.980000 155.440000   12   40 1 1 1  360  480
544 174.080000 157.130000   12   40 1 1 1  480 1080
545 150.760000 165.040000   12   40 1 1 1  450  870
546 162.030000 148.860000   12   40 1 1 1  450 1080
547 162.030000 148.860000   12   40 1 1 1  480  840
548 156.870000 144.820000   12   40 1 1 1  240  840
549 149.810000 156.800000   12   40 1 1 1  360 1080
550 157.800000 160.050000   11   39 1 1 1  420 1020
551 161.860000 144.120000   11   39 1 1 1  420 1080
552 161.420000 152.690000   11   39 1 1 1  480  720
553 170.850000 185.710000   11   39 1 1 1  600  720
554 171.180000 170.300000   11   38 1 1 1  360  540
555 162.370000 147.230000   11   38 1 1 1  360  480
556 172.940000 162.150000   11   38 1 1 1  720 1080
557 171.360000 185.930000   11   38 1 1 1  630  960
558 154.780000 148.950000   11   38 1 1 1  480 1080
559 150.900000 153.400000   11   38 1 1 1  300 1080
560 152.070000 150.350000   11   38 1 1 1  480 1080
561 156.850000 144.840000   11   38 1 1 1  420 1080
562 156.910000 140.840000   11   38 1 1 1  360 1080
563 150.540000 156.850000   11   38 1 1 1  480 1080
564 160.850000 166.400000   11   38 1 1 1  600  840
565 150.570000 156.900000   11   38 1 1 1  600  780
566 170.190000 159.670000   11   38 1 1 1  480 1080
567 155.540000 151.540000   11   37 1 1 1  480 1080
568 187.140000 161.840000   11   37 1 1 1  420 1080
569 154.430000 152.620000   11   37 1 1 1  330 1080
570 150.000000 143.390000   11   37 1 1 1  420 1080
571 162.350000 169.700000   11   36 1 1 1  480 1080
572 152.130000 159.710000   11   36 1 1 1  420 1080
573 151.560000 152.530000   11   36 1 1 1  360  705
574 162.790000 152.290000   11   36 1 1 1  600  840
575 171.710000 186.830000   11   36 1 1 1  540  900
576 146.520000 154.590000   11   35 1 1 1  480 1080
577 160.630000 160.810000   11   35 1 1 1  260  420
578 158.140000 143.410000   11   35 1 1 1  480 1080
579 161.740000 152.690000   11   35 1 1 1  540  900
580 150.440000 156.500000   11   35 1 1 1  540  720
581 149.730000 149.400000   11   35 1 1 1  540 1439
582 154.300000 171.420000   11   35 1 1 1  480  900
583 146.400000 166.820000   11   35 1 1 1  600  990
584 148.150000 138.210000   11   35 1 1 1  420 1080
585 165.570000 169.640000   11   34 1 1 1  480 1080
586 150.160000 157.320000   11   34 1 1 1  240  360
587 170.580000 174.020000   11   34 1 1 1  360 1439
588 169.640000 172.750000   11   34 1 1 1  480 1080
589 150.540000 156.850000   11   34 1 1 1  480 1080
590 150.900000 156.510000   11   33 1 1 1  420 1080
591 155.750000 161.740000   11   33 1 1 1  360 1080
592 171.180000 163.670000   11   33 1 1 1  480  780
593 145.030000 154.750000   11   33 1 1 1  480 1080
594 156.580000 144.230000   11   33 1 1 1  360 1080
595 162.630000 147.830000   11   33 1 1 1  540  690
596 163.560000 166.030000   11   33 1 1 1  480 1080
597 154.870000 168.230000   11   32 1 1 1  330  720
598 149.920000 160.180000   11   32 1 1 1  540  720
599 158.810000 185.510000   11   32 1 1 1  480 1080
600 151.710000 174.970000   11   32 1 1 1  360  780
601 154.960000 149.810000   11   32 1 1 1  480 1080
602 162.730000 149.650000   11   32 1 1 1  480 1080
603 149.410000 160.120000   11   31 1 1 1  420 1080
604 145.250000 158.770000   11   31 1 1 1  540 1080
605 154.640000 158.340000   11   31 1 1 1  540 1320
606 160.500000 157.860000   11   31 1 1 1  540 1020
607 151.510000 154.550000   11   31 1 1 1  480 1080
608 156.260000 147.670000   11   31 1 1 1  420 1080
609 170.830000 185.780000   11   31 1 1 1  480 1080
610 154.370000 153.090000   11   30 1 1 1  420 1080
611 151.060000 155.460000   11   30 1 1 1  420 1080
612 151.200000 154.620000   11   30 1 1 1  420  600
613 193.850000 175.600000   11   29 1 1 1  480 1080
614 163.080000 169.350000   11   29 1 1 1  480 1080
615 156.920000 145.960000   11   29 1 1 1  480 1200
616 152.580000 151.770000   11   29 1 1 1  300 1080
617 162.680000 147.830000   11   29 1 1 1  420  540
618 171.570000 165.550000   11   29 1 1 1  540  720
619 151.330000 153.630000   11   29 1 1 1  420 1080
620 154.220000 150.690000   11   29 1 1 1  480 1080
621 149.380000 148.790000   11   29 1 1 1  540 1320
622 146.640000 153.960000   11   29 1 1 1  540 1080
623 163.560000 166.030000   11   28 1 1 1  480  660
624 150.620000 156.770000   11   28 1 1 1  240 1080
625 147.940000 161.310000   11   28 1 1 1  480 1080
626 166.980000 161.090000   11   28 1 1 1  390  600
627 159.070000 163.830000   11   28 1 1 1  420 1080
628 163.560000 166.030000   11   28 1 1 1  480 1080
629 152.690000 139.640000   11   28 1 1 1  360 1080
630 151.530000 154.490000   11   28 1 1 1  420 1080
631 152.830000 153.710000   11   28 1 1 1  480 1080
632 169.660000 172.740000   11   28 1 1 1  480 1080
633 169.710000 181.690000   11   28 1 1 1    0 1080
634 151.330000 153.630000   11   27 1 1 1  420 1080
635 154.810000 185.160000   11   27 1 1 1  300  660
636 163.560000 166.030000   11   27 1 1 1  420 1080
637 151.480000 139.220000   11   27 1 1 1  420 1080
638 193.890000 175.000000   11   27 1 1 1  420 1080
639 157.740000 146.310000   11   26 1 1 1  480  750
640 151.310000 159.210000   11   26 1 1 1  330 1080
641 187.900000 162.000000   11   26 1 1 1  540 1140
642 152.720000 148.410000   11   26 1 1 1  480  690
643 169.730000 172.740000   11   26 1 1 1  480  900
644 165.580000 162.460000   11   26 1 1 1  360  600
645 161.540000 168.790000   11   26 1 1 1  420 1080
646 168.360000 165.880000   11   25 1 1 1  420 1080
647 150.900000 153.400000   11   25 1 1 1  420 1080
648 157.740000 146.310000   11   24 1 1 1  420 1080
649 147.050000 152.520000   11   24 1 1 1  420 1080
650 166.670000 168.300000   11   24 1 1 1  480 1080
651 154.020000 151.390000   11   24 1 1 1  480 1080
652 146.760000 165.380000   11   24 1 1 1  420 1080
653 144.620000 155.190000   11   23 1 1 1  540 1439
654 163.080000 169.350000   11   23 1 1 1  480 1080
655 149.330000 157.660000   11   23 1 1 1  420 1080
656 162.550000 147.710000   11   23 1 1 1  600  720
657 150.640000 152.230000   11   23 1 1 1  660 1080
658 171.320000 185.830000   11   23 1 1 1  360  600
659 162.660000 147.800000   11   23 1 1 1  480 1080
660 160.710000 169.340000   11   23 1 1 1  480 1080
661 151.970000 138.530000   11   23 1 1 1  480 1080
662 194.840000 175.060000   11   23 1 1 1  480 1080
663 162.370000 147.230000   11   23 1 1 1  360  480
664 162.800000 165.600000   11   23 1 1 1  480  720
665 147.460000 140.950000   11   22 1 1 1  570  840
666 172.240000 187.390000   11   22 1 1 1  480 1080
667 154.270000 161.440000   11   22 1 1 1  420  780
668 176.040000 189.470000   11   22 1 1 1  480 1080
669 152.630000 155.020000   11   22 1 1 1  480 1080
670 151.560000 152.530000   11   22 1 1 1  480 1080
671 153.770000 149.300000   11   22 1 1 1  420 1080
672 151.510000 154.550000   11   21 1 1 1  360  780
673 150.320000 138.010000   11   21 1 1 1  480 1080
674 149.320000 162.540000   11   21 1 1 1  360 1320
675 161.340000 172.210000   11   21 1 1 1  420 1080
676 162.750000 146.720000   11   21 1 1 1  420 1080
677 175.300000 171.610000   11   21 1 1 1  420 1080
678 167.740000 166.660000   11   21 1 1 1  600  840
679 159.650000 146.170000   11   21 1 1 1  420 1080
680 152.650000 152.690000   11   21 1 1 1  420 1200
681 179.130000 157.240000   11   21 1 1 1  480 1080
682 151.330000 154.190000   11   20 1 1 1  420 1080
683 155.780000 167.960000   11   20 1 1 1  480 1080
684 161.870000 146.840000   11   20 1 1 1  480 1080
685 159.970000 166.850000   11   20 1 1 1  360  540
686 151.530000 145.730000   11   20 1 1 1  540 1320
687 175.930000 165.590000   11   20 1 1 1  480  900
688 151.820000 155.410000   11   20 1 1 1  480 1080
689 160.880000 200.660000   11   20 1 1 1  480 1080
690 150.630000 156.890000   10   19 1 1 1  480 1080
691 174.080000 157.130000   10   19 1 1 1  450 1200
692 150.600000 156.940000   10   19 1 1 1  420 1080
693 169.980000 172.330000   10   19 1 1 1  540  960
694 150.160000 156.700000   10   18 1 1 1  480 1080
695 188.680000 196.150000   10   17 1 1 1  420 1430
696 156.400000 151.690000   10   17 1 1 1  420 1080
697 152.630000 155.020000   10   17 1 1 1  720  840
698 149.000000 161.510000   10   16 1 1 1  420  870
699 154.380000 187.000000   10   16 1 1 1  480 1080
700 152.160000 155.360000   10   16 1 1 1  480 1080
701 187.810000 161.970000   10   16 1 1 1  420 1080
702 152.930000 161.280000   10   16 1 1 1  390 1080
703 181.000000 157.460000   10   15 1 1 1  420 1080
704 158.370000 146.580000   10   15 1 1 1  480 1080
705 155.480000 144.120000   10   15 1 1 1  480 1080
706 150.530000 156.760000   10   15 1 1 1  390  630
707 150.780000 161.940000   10   15 1 1 1  480 1080
708 160.880000 200.660000   10   15 1 1 1  480 1080
709 156.920000 145.960000   10   15 1 1 1  420 1080
710 151.680000 156.130000   10   15 1 1 1  480 1080
711 161.240000 168.460000   10   14 1 1 1  480 1080
712 151.510000 154.550000   10   14 1 1 1  420 1080
713 169.980000 172.330000   10   14 1 1 1  480 1200
714 165.520000 173.790000   10   13 1 1 1  540 1080
715 150.630000 156.890000   10   13 1 1 1  540  720
716 178.790000 157.630000   10   13 1 1 1  420 1080
717 152.680000 156.210000   10   13 1 1 1  480 1080
718 187.810000 161.970000   10   12 1 1 1  480 1080
719 174.660000 167.600000   10   12 1 1 1  420 1080
720 162.030000 148.860000   10   12 1 1 1  450 1080
721 153.160000 151.180000   10   12 1 1 1  420 1080
722 149.320000 162.540000   10   12 1 1 1  420 1080
723 194.740000 195.860000   10   11 1 1 1  480 1080
724 198.530000 191.430000   10   11 1 1 1  480 1080
725 149.200000 160.150000   10   11 1 1 1  420 1080
726 163.070000 148.910000   10   11 1 1 1  480  840
727 150.540000 169.450000   10   10 1 1 1  300 1320
728 150.900000 153.400000   10   10 1 1 1  420 1080
729 173.590000 190.210000   10   10 1 1 1  420 1080
730 162.610000 147.910000   10   10 1 1 1  420 1080
731 151.560000 152.530000   10   10 1 1 1  420 1080
732 175.880000 189.880000   10    9 1 1 1  600  720
733 172.320000 170.660000   10    9 1 1 1  360 1080
734 171.320000 186.380000   10    9 1 1 1  420  900
735 159.700000 147.000000   10    9 1 1 1  480 1080
736 162.800000 165.600000   10    8 1 1 1  480 1080
737 149.770000 154.010000   10    8 1 1 1  420 1080
738 151.490000 154.540000   10    7 1 1 1  420 1080
739 150.040000 154.120000   10    7 1 1 1  420 1080
740 150.590000 156.540000   10    6 1 1 1  480 1080
741 150.900000 153.400000   10    6 1 1 1  420 1080
742 150.190000 150.410000   10    6 1 1 1  420 1080
743 151.390000 156.950000   10    6 1 1 1  420 1080
744 152.630000 155.020000   10    6 1 1 1  420 1080
745 171.180000 170.300000   10    5 1 1 1  420 1080
746 169.950000 171.430000   10    4 1 1 1  420 1080
747 154.290000 162.670000   10    4 1 1 1  480 1080
748 149.320000 160.090000   10    3 1 1 1  360  720
749 150.540000 156.850000   10    3 1 1 1  420  660
750 151.790000 154.810000   10    3 1 1 1  420 1080
751 151.200000 154.620000   10    3 1 1 1  420 1080
752 149.200000 160.150000   10    2 1 1 1  420 1080
753 150.670000 153.640000   10    1 1 1 1  420 1080
754 151.390000 156.950000   10    1 1 1 1  420 1080
755 171.870000 186.420000   23  264 1 1 1  420  840
756 171.310000 185.730000   23  268 1 1 1  450  960
757 169.750000 172.780000   51  823 1 1 1  420  900
758 168.160000 160.830000   21  225 1 1 1  405  780
759 144.620000 155.190000   20  217 1 1 1  420  900
760 146.890000 159.880000   19  188 1 1 1  480  960
761 160.880000 200.660000   10   10 1 1 1  600  840
762 163.030000 165.580000   18  178 1 1 1  390  750
763 162.550000 147.710000   41  634 1 1 1  360  900
764 150.540000 156.850000   41  629 1 1 1  420  540
765 155.460000 159.970000   21  224 1 1 1  420  780
766 175.820000 189.580000   12   44 1 1 1  600  720
767 155.230000 175.750000   11   34 1 1 1  180  660
768 148.790000 159.570000   11   22 1 1 1  420  720
769 149.810000 156.800000   18  162 1 1 1  360  960
770 151.530000 154.490000   35  510 1 1 1  420  720
771 149.330000 160.040000   45  706 1 1 1  450  900
772 149.410000 160.120000   31  429 1 1 1  435  840
773 150.320000 137.940000   28  366 1 1 1  420  900
774 150.540000 156.850000   63 1070 1 1 1  420  960
775 171.990000 194.100000   15  116 1 1 1  390  870
776 175.750000 189.280000   18  162 1 1 1  510  720
777 176.220000 190.990000   16  123 1 1 1  600  780
778 176.220000 190.990000   22  254 1 1 1  720  900
779 163.550000 180.500000   10   15 1 1 1    1 1439
780 163.610000 180.620000   41  638 1 1 1  420  540
781 163.450000 180.710000   20  211 1 1 1  480  900
782 163.610000 180.620000   18  169 1 1 1  420  720
783 152.680000 186.720000   16  128 1 1 1  360  480
784 155.600000 186.920000   14   83 1 1 1  360  600
785 171.470000 185.770000   22  246 1 1 1  510  660
786 171.380000 185.880000   17  141 1 1 1  480  900
787 188.220000 185.600000   27  359 1 1 1  720 1020
788 169.640000 172.710000   13   70 1 1 1    0 1080
789 169.750000 172.780000   15  119 1 1 1  360  720
790 169.800000 172.800000   30  404 1 1 1  720  840
791 169.750000 172.780000   12   52 1 1 1  540  900
792 169.640000 172.710000   12   41 1 1 1  480  720
793 171.100000 163.610000   11   33 1 1 1  420  600
794 177.090000 173.210000   11   28 1 1 1  840 1020
795 193.870000 174.970000   30  416 1 1 1  600  840
796 169.670000 173.660000   17  153 1 1 1  480 1380
797 153.040000 154.070000   22  245 1 1 1  420  690
798 154.180000 155.740000   16  124 1 1 1  420  840
799 161.540000 168.790000   15  103 1 1 1  480  900
800 161.120000 169.280000   13   64 1 1 1   60  840
801 162.350000 169.670000   19  185 1 1 1  630  840
802 163.080000 169.350000   18  165 1 1 1  360  720
803 168.250000 160.890000   20  209 1 1 1  480  660
804 172.320000 159.950000   14   96 1 1 1  600  960
805 161.210000 159.210000   13   72 1 1 1  420  720
806 160.250000 156.460000   11   24 1 1 1  300  840
807 162.570000 147.820000   10   18 1 1 1  360  540
808 162.550000 147.710000   14   83 1 1 1  420  660
809 159.070000 163.830000   13   63 1 1 1  600  990
810 160.780000 174.300000   15  100 1 1 1  360 1380
811 153.590000 174.350000   16  131 1 1 1  390  870
812 154.300000 171.420000   11   33 1 1 1  600  840
813 151.800000 160.460000   12   57 1 1 1  360  480
814 154.000000 156.860000   16  123 1 1 1  480 1320
815 149.890000 156.880000   15  118 1 1 1  360  660
816 159.660000 152.030000   36  539 1 1 1  600  780
817 159.980000 153.850000   15  113 1 1 1  720  960
818 169.330000 172.060000   14   93 1 1 1  360  720
819 169.790000 172.930000   12   41 1 1 1  420  930
820 169.670000 173.660000   14   82 1 1 1  480  900
821 149.280000 160.010000   24  288 1 1 1  360  600
822 169.670000 173.660000   11   23 1 1 1  360  840
823 157.740000 146.310000   17  149 1 1 1  510  660
824 157.740000 146.310000   10   12 1 1 1  480  600
825 145.900000 141.830000   12   51 1 1 1  540  660
826 146.030000 140.800000   17  146 1 1 1  840 1380
827 172.080000 175.650000   15  116 1 1 1  330  840
828 148.600000 139.070000   11   21 1 1 1  540 1080
829 148.410000 139.320000   14   80 1 1 1  660  900
830 159.700000 147.060000   91 1635 1 1 1  420  600
831 159.710000 147.020000   39  588 1 1 1  480  660
832 151.090000 141.090000   13   72 1 1 1  240 1380
833 150.170000 138.090000   12   59 1 1 1  600  780
834 149.280000 138.170000   12   56 1 1 1  480  840
835 162.730000 147.840000   18  167 1 1 1  420  690
836 150.590000 156.540000   18  168 1 1 1   90  540
837 152.070000 150.350000   15  103 1 1 1  600  780
838 155.900000 145.980000   22  246 1 1 1  420  600
839 155.900000 145.980000   21  234 1 1 1  420 1080
840 159.650000 146.170000   20  218 1 1 1  480  720
841 159.650000 146.170000   23  270 1 1 1  540 1140
842 159.250000 154.580000   17  143 1 1 1  780  960
843 151.690000 157.880000   12   56 1 1 1  240  570
844 158.220000 159.100000   10   16 1 1 1  480  820
845 162.610000 147.910000   15  114 1 1 1  420  570
846 151.450000 157.420000   19  192 1 1 1  480  660
847 151.450000 157.420000   13   62 1 1 1  480  660
848 149.280000 160.320000   15  105 1 1 1  420  900
849 149.430000 160.160000   14   88 1 1 1  480 1439
850 151.780000 154.240000   17  159 1 1 1  480  630
851 150.570000 156.900000   13   78 1 1 1  420  720
852 150.530000 156.760000   21  229 1 1 1  360  630
853 151.490000 154.540000   24  291 1 1 1  360  600
854 149.410000 160.120000   36  528 1 1 1  360  510
855 150.540000 156.850000   13   78 1 1 1  420  780
856 150.540000 156.850000   12   49 1 1 1  360  660
857 151.490000 154.540000   17  143 1 1 1  600  900
858 161.870000 146.840000   14   88 1 1 1  360  660
859 150.700000 156.860000   13   61 1 1 1  540  870
860 150.700000 156.860000   14   85 1 1 1  480  720
861 150.700000 156.860000   10    1 1 1 1  480  720
862 151.620000 139.280000   14   91 1 1 1  480  840
863 172.970000 157.640000   17  157 1 1 1  240  720
864 157.800000 160.050000   14   85 1 1 1  390  660
865 176.670000 153.300000   13   62 1 1 1  360  960
866 163.000000 199.780000   18  179 1 1 1  540 1320
867 144.610000 155.270000   12   44 1 1 1  420  690
868 162.460000 157.700000   17  143 1 1 1  360  840
869 164.770000 164.880000   18  160 1 1 1  540  720
870 166.670000 168.300000   12   55 1 1 1  720 1050
871 162.610000 147.910000   12   44 1 1 1  690  810
872 160.780000 174.300000   11   36 1 1 1  360  780
873 153.310000 159.730000   12   46 1 1 1  240  420
874 151.770000 160.450000   16  121 1 1 1  360  600
875 155.530000 159.920000   16  126 1 1 1  480  840
876 154.830000 159.970000   17  145 1 1 1  540  660
877 156.970000 144.480000   12   47 1 1 1  480  780
878 150.540000 156.850000   20  208 1 1 1  360  600
879 150.570000 156.900000   13   60 1 1 1  480 1080
880 151.690000 154.250000   17  142 1 1 1  420 1080
881 151.480000 154.480000   13   66 1 1 1  600  780
882 153.770000 149.300000   17  149 1 1 1  540 1380
883 153.770000 149.300000   15  105 1 1 1  600  900
884 187.610000 167.270000   13   69 1 1 1  420  720
885 187.900000 162.000000   16  137 1 1 1  600 1380
886 155.740000 147.580000   11   31 1 1 1  540  840
887 157.740000 146.310000   13   72 1 1 1  570  720
888 158.370000 146.580000   13   71 1 1 1  510  660
889 158.330000 146.780000   12   52 1 1 1  420 1320
890 168.180000 172.340000   11   38 1 1 1  420 1439
891 170.180000 172.920000   12   52 1 1 1    1  840
892 163.770000 165.090000   17  149 1 1 1  390 1110
893 151.560000 152.530000   16  135 1 1 1  420  540
894 186.380000 156.700000   11   28 1 1 1    1 1439
895 157.950000 146.040000   26  320 1 1 1  420  720
896 194.290000 176.370000   15  106 1 1 1  600  720
897 172.240000 187.390000   15  116 1 1 1  600 1080
898 150.530000 156.760000   14   97 1 1 1  600  720
899 154.770000 152.930000   23  271 1 1 1  360  660
900 156.770000 151.130000   15  119 1 1 1  420  600
901 155.680000 161.820000   14   80 1 1 1  420  540
902 162.090000 160.650000   13   74 1 1 1  300  720
903 157.700000 155.630000   10   14 1 1 1  360 1020
904 193.850000 175.600000   13   70 1 1 1  720 1140
905 187.810000 161.970000   14   85 1 1 1  420 1320
906 169.750000 172.780000   13   69 1 1 1  420  840
907 151.560000 152.530000   11   37 1 1 1  540  780
908 151.560000 152.530000   15  117 1 1 1  420  720
909 160.450000 167.430000   16  123 1 1 1  360  540
910 150.560000 167.360000   12   40 1 1 1  360  840
911 167.210000 199.560000   14   83 1 1 1  570  930
912 162.680000 147.830000   15  102 1 1 1  480  690
913 161.870000 146.840000   14   81 1 1 1  450  690
914 151.590000 157.370000   16  122 1 1 1  420 1080
