4 39 973 1
0 3900
  0 150.900000 153.400000    0    0 0 0      0 1440
  1 150.900000 153.400000  188 3575 1 1 1  420 1080
  2 149.250000 150.760000  114 2099 1 1 1  600 1080
  3 149.280000 160.320000   64 1097 1 1 1  360  660
  4 161.960000 185.740000   62 1045 1 1 1  480 1020
  5 160.360000 177.560000   43  671 1 1 1  180  450
  6 171.180000 170.300000   41  639 1 1 1  360  540
  7 151.540000 147.990000   40  605 1 1 1  540  900
  8 171.130000 185.870000   37  553 1 1 1  540  720
  9 160.540000 160.150000   37  548 1 1 1  480  780
 10 172.170000 186.500000   36  536 1 1 1  360  600
 11 169.980000 172.330000   35  514 1 1 1  540  720
 12 150.590000 156.540000   35  502 1 1 1  510  840
 13 149.410000 160.120000   34  490 1 1 1  420 1080
 14 160.650000 201.370000   34  486 1 1 1  780 1439
 15 163.310000 150.170000   33  478 1 1 1  480  780
 16 148.790000 159.570000   32  452 1 1 1  540 1080
 17 171.450000 172.750000   32  448 1 1 1  420 1080
 18 177.320000 167.660000   32  443 1 1 1  480 1080
 19 163.550000 180.500000   32  440 1 1 1  420  720
 20 185.570000 163.240000   31  435 1 1 1  420 1080
 21 148.600000 139.070000   30  412 1 1 1  540 1080
 22 159.650000 146.170000   30  408 1 1 1  360 1439
 23 156.870000 144.820000   30  403 1 1 1  420  720
 24 151.560000 152.530000   29  397 1 1 1  450  570
 25 172.010000 192.920000   29  394 1 1 1  480  780
 26 153.200000 163.680000   29  385 1 1 1  480  720
 27 160.880000 200.660000   29  385 1 1 1  540  720
 28 147.870000 156.090000   28  368 1 1 1  450  840
 29 169.710000 181.690000   28  366 1 1 1    0 1080
 30 152.570000 187.650000   27  359 1 1 1  360  720
 31 158.850000 152.580000   27  358 1 1 1  480 1080
 32 181.000000 157.460000   27  352 1 1 1  420  900
 33 162.540000 194.170000   27  350 1 1 1  600 1380
 34 149.390000 153.770000   27  342 1 1 1  240  780
 35 194.140000 176.430000   27  342 1 1 1  540 1080
 36 176.670000 153.300000   26  331 1 1 1  420 1080
 37 160.880000 200.660000   26  325 1 1 1  570  840
 38 159.740000 147.020000   26  325 1 1 1  360  660
 39 157.070000 186.510000   26  320 1 1 1  360 1080
 40 161.860000 144.120000   25  319 1 1 1  420 1080
 41 150.570000 156.900000   25  318 1 1 1  540  780
 42 158.300000 154.530000   25  311 1 1 1  540  780
 43 146.520000 154.590000   25  303 1 1 1  540  840
 44 159.700000 147.060000   25  301 1 1 1  420  600
 45 194.180000 175.040000   25  300 1 1 1  600  720
 46 164.320000 180.640000   24  297 1 1 1  480 1080
 47 148.410000 139.320000   24  290 1 1 1  480 1080
 48 171.360000 185.930000   24  288 1 1 1  420 1080
 49 151.690000 154.250000   24  282 1 1 1  420  600
 50 187.900000 162.000000   23  276 1 1 1  420 1080
 51 160.100000 148.740000   23  275 1 1 1  240  720
 52 159.710000 147.020000   23  273 1 1 1  360  540
 53 149.410000 160.120000   23  273 1 1 1  420 1080
 54 160.880000 200.660000   23  264 1 1 1  900 1439
 55 150.530000 156.760000   23  263 1 1 1  390  630
 56 149.410000 160.120000   23  262 1 1 1  420 1080
 57 177.020000 171.260000   22  254 1 1 1  660 1020
 58 146.720000 160.480000   22  252 1 1 1  420 1080
 59 169.230000 162.120000   22  247 1 1 1  360  600
 60 151.740000 157.530000   22  246 1 1 1  420  720
 61 150.540000 156.850000   22  246 1 1 1  420  660
 62 171.470000 185.770000   22  244 1 1 1  420  660
 63 149.200000 160.150000   22  241 1 1 1  540  660
 64 187.850000 162.160000   22  240 1 1 1  600  900
 65 160.650000 201.370000   21  239 1 1 1  480 1080
 66 149.500000 155.520000   21  236 1 1 1  480 1200
 67 160.540000 160.150000   21  235 1 1 1  480  840
 68 169.820000 172.600000   21  234 1 1 1  600  960
 69 154.290000 162.670000   21  232 1 1 1  570  780
 70 183.400000 170.650000   21  232 1 1 1  420 1080
 71 149.440000 145.390000   21  230 1 1 1  360  720
 72 147.940000 161.310000   21  229 1 1 1  420 1080
 73 151.910000 139.970000   21  229 1 1 1  540 1439
 74 175.270000 182.320000   21  228 1 1 1  300  630
 75 160.770000 147.250000   21  228 1 1 1  360 1439
 76 159.020000 181.550000   21  227 1 1 1  540  780
 77 174.710000 169.290000   21  227 1 1 1  420  720
 78 169.930000 184.750000   21  227 1 1 1  900 1140
 79 182.720000 171.000000   21  223 1 1 1  300  420
 80 169.880000 183.530000   21  222 1 1 1  600 1080
 81 152.830000 153.710000   21  221 1 1 1  600  780
 82 150.540000 156.850000   21  221 1 1 1  600  720
 83 194.180000 175.040000   21  220 1 1 1  840 1020
 84 160.880000 200.660000   20  218 1 1 1  600 1439
 85 175.110000 174.480000   20  217 1 1 1  840 1080
 86 160.880000 200.660000   20  217 1 1 1  540  840
 87 150.910000 156.040000   20  214 1 1 1  420  660
 88 158.810000 185.510000   20  213 1 1 1  480 1080
 89 148.540000 156.090000   20  212 1 1 1  420 1080
 90 160.880000 200.660000   20  212 1 1 1  780 1439
 91 170.420000 160.980000   20  209 1 1 1  840 1140
 92 159.020000 148.060000   20  208 1 1 1  330  480
 93 154.290000 162.670000   20  208 1 1 1  600  780
 94 155.310000 168.200000   20  208 1 1 1  480  720
 95 146.760000 165.380000   20  207 1 1 1  540  900
 96 161.870000 173.260000   20  207 1 1 1  420 1080
 97 175.880000 189.880000   20  203 1 1 1  540  660
 98 168.180000 160.840000   19  199 1 1 1  420  660
 99 192.050000 156.270000   19  196 1 1 1  480 1380
100 150.540000 156.850000   19  196 1 1 1  420  600
101 176.260000 173.190000   19  196 1 1 1  840 1050
102 151.810000 160.430000   19  195 1 1 1  240  840
103 171.550000 160.660000   19  195 1 1 1  840 1020
104 170.710000 197.210000   19  195 1 1 1  540 1380
105 144.620000 155.190000   19  195 1 1 1  540  780
106 150.350000 159.740000   19  195 1 1 1  390  720
107 171.700000 186.070000   19  193 1 1 1  480 1080
108 161.260000 151.190000   19  192 1 1 1  480 1080
109 169.600000 172.730000   19  189 1 1 1  720 1320
110 175.300000 171.610000   19  189 1 1 1  600  840
111 170.110000 186.590000   19  189 1 1 1  600  840
112 148.040000 163.150000   19  188 1 1 1  480 1080
113 162.090000 160.650000   19  187 1 1 1  360 1080
114 159.530000 181.420000   19  186 1 1 1  510  870
115 162.550000 147.710000   19  185 1 1 1  570  705
116 150.190000 150.410000   19  185 1 1 1  480 1080
117 155.900000 145.980000   19  185 1 1 1  540 1080
118 152.330000 152.390000   19  182 1 1 1  330  510
119 169.130000 187.330000   19  182 1 1 1  420  930
120 175.930000 165.590000   19  181 1 1 1  510  840
121 154.590000 146.200000   19  181 1 1 1  240 1320
122 171.050000 185.560000   19  180 1 1 1  600  720
123 149.280000 160.010000   18  178 1 1 1  360  720
124 165.750000 158.570000   18  178 1 1 1  540  900
125 146.400000 166.820000   18  177 1 1 1  600  990
126 154.170000 163.000000   18  177 1 1 1  540  750
127 151.370000 161.020000   18  175 1 1 1  420  570
128 171.380000 185.880000   18  174 1 1 1  540  660
129 160.440000 154.000000   18  172 1 1 1  420 1080
130 175.440000 192.910000   18  172 1 1 1  480  870
131 153.620000 174.440000   18  171 1 1 1  360 1080
132 150.620000 156.770000   18  171 1 1 1  540  720
133 154.590000 176.050000   18  171 1 1 1  180  720
134 171.100000 163.700000   18  170 1 1 1  420 1080
135 172.230000 187.110000   18  169 1 1 1  960 1080
136 194.120000 186.410000   18  168 1 1 1  480  600
137 154.340000 156.600000   18  168 1 1 1  420 1080
138 160.470000 167.500000   18  168 1 1 1  300  900
139 163.560000 166.030000   18  168 1 1 1  480  660
140 160.540000 160.150000   18  166 1 1 1  480  780
141 176.610000 192.160000   18  165 1 1 1  480 1080
142 156.130000 161.860000   18  163 1 1 1  440  570
143 160.880000 200.660000   18  163 1 1 1  480 1080
144 160.880000 200.660000   18  162 1 1 1  660 1080
145 152.410000 164.210000   18  162 1 1 1  420 1320
146 187.820000 161.960000   18  161 1 1 1  480 1320
147 158.730000 162.860000   18  160 1 1 1  240 1080
148 171.620000 173.990000   18  160 1 1 1  480 1320
149 161.040000 148.390000   17  157 1 1 1  540  900
150 162.290000 181.510000   17  156 1 1 1  480 1080
151 172.640000 178.560000   17  155 1 1 1  420 1080
152 158.320000 171.460000   17  154 1 1 1  405  660
153 160.880000 200.660000   17  154 1 1 1  570 1439
154 156.970000 150.110000   17  154 1 1 1  480  780
155 176.220000 190.990000   17  154 1 1 1  660  840
156 145.250000 158.770000   17  153 1 1 1  540  960
157 151.560000 152.530000   17  152 1 1 1  420  720
158 150.320000 155.680000   17  151 1 1 1  420 1080
159 173.990000 187.310000   17  151 1 1 1  420 1320
160 166.670000 168.300000   17  150 1 1 1  480 1080
161 172.120000 186.780000   17  150 1 1 1  480 1080
162 170.490000 173.680000   17  149 1 1 1  420 1080
163 144.620000 155.190000   17  148 1 1 1  540  720
164 160.650000 201.370000   17  147 1 1 1  660 1350
165 146.100000 157.320000   17  146 1 1 1  480  720
166 168.360000 165.880000   17  144 1 1 1  630  870
167 150.160000 157.320000   17  143 1 1 1  240  360
168 191.460000 194.500000   17  143 1 1 1  480 1080
169 156.440000 172.150000   17  143 1 1 1  540  780
170 185.810000 189.420000   17  142 1 1 1  420 1080
171 152.570000 187.650000   17  142 1 1 1  360  480
172 151.230000 138.430000   17  141 1 1 1  600 1080
173 149.150000 160.270000   17  141 1 1 1  420 1080
174 154.590000 160.170000   16  139 1 1 1  540  780
175 150.620000 156.770000   16  138 1 1 1  420 1080
176 180.980000 157.530000   16  138 1 1 1  540  930
177 160.770000 147.250000   16  138 1 1 1  420  720
178 186.720000 195.380000   16  138 1 1 1  420 1080
179 150.160000 156.700000   16  138 1 1 1  540  720
180 162.550000 147.710000   16  137 1 1 1  600  720
181 169.980000 172.330000   16  137 1 1 1  540  960
182 158.220000 159.100000   16  137 1 1 1  420  720
183 159.650000 146.170000   16  137 1 1 1  420 1080
184 161.560000 168.870000   16  137 1 1 1  360  960
185 159.980000 153.850000   16  136 1 1 1  840 1140
186 154.950000 162.400000   16  135 1 1 1  360  840
187 178.790000 157.630000   16  135 1 1 1  420 1080
188 168.590000 189.690000   16  134 1 1 1  360 1320
189 169.230000 162.120000   16  133 1 1 1  360  660
190 144.880000 166.610000   16  132 1 1 1  540  960
191 149.820000 159.770000   16  132 1 1 1  420  540
192 175.210000 171.680000   16  132 1 1 1  600  900
193 175.520000 164.270000   16  132 1 1 1  540  840
194 159.340000 169.870000   16  131 1 1 1    1  780
195 152.830000 153.710000   16  130 1 1 1  600  780
196 167.850000 158.850000   16  129 1 1 1  480 1080
197 172.120000 194.570000   16  129 1 1 1  540 1200
198 171.050000 185.560000   16  128 1 1 1  540  660
199 151.480000 154.500000   16  127 1 1 1  420  780
200 151.610000 157.360000   16  127 1 1 1  450  720
201 170.490000 173.680000   16  127 1 1 1  420 1080
202 150.580000 161.560000   16  126 1 1 1  480  600
203 160.770000 147.250000   16  126 1 1 1  600 1380
204 170.760000 166.500000   16  125 1 1 1  720 1020
205 154.170000 163.000000   16  125 1 1 1  540  750
206 171.140000 169.850000   16  125 1 1 1  420  840
207 166.420000 168.130000   16  124 1 1 1  480 1080
208 150.960000 162.770000   16  124 1 1 1  480  660
209 158.130000 151.380000   16  123 1 1 1  480  660
210 167.740000 166.660000   16  122 1 1 1  600  840
211 151.590000 157.370000   16  122 1 1 1  480 1080
212 165.570000 169.640000   16  121 1 1 1  600  870
213 164.080000 171.750000   16  121 1 1 1  420 1080
214 152.090000 167.880000   16  120 1 1 1  360  600
215 161.760000 166.240000   15  119 1 1 1  480 1080
216 149.340000 140.340000   15  119 1 1 1  630  930
217 186.080000 168.830000   15  119 1 1 1  420  540
218 150.620000 156.770000   15  119 1 1 1  360  720
219 151.820000 157.650000   15  118 1 1 1  480  720
220 171.310000 185.900000   15  117 1 1 1  660  900
221 150.550000 156.860000   15  117 1 1 1  540  900
222 148.450000 158.890000   15  116 1 1 1  360  840
223 160.650000 201.370000   15  116 1 1 1  600 1439
224 173.590000 190.210000   15  115 1 1 1  420 1080
225 150.500000 142.610000   15  115 1 1 1  480 1080
226 171.170000 162.180000   15  114 1 1 1  840 1200
227 149.320000 162.540000   15  114 1 1 1    1  720
228 171.440000 191.440000   15  114 1 1 1  360 1200
229 161.470000 179.870000   15  114 1 1 1  330  690
230 162.540000 194.170000   15  113 1 1 1  480 1260
231 169.560000 173.410000   15  113 1 1 1  480 1080
232 164.770000 164.880000   15  113 1 1 1  480 1080
233 169.800000 172.800000   15  112 1 1 1  480  720
234 160.630000 160.810000   15  112 1 1 1  260  420
235 151.250000 154.590000   15  112 1 1 1  480  780
236 161.340000 172.210000   15  112 1 1 1  420 1080
237 158.370000 146.580000   15  111 1 1 1  480 1080
238 171.640000 170.330000   15  111 1 1 1  480  840
239 191.260000 155.990000   15  111 1 1 1  480 1080
240 163.790000 185.870000   15  110 1 1 1  420  960
241 188.680000 196.150000   15  110 1 1 1  420 1430
242 157.120000 146.150000   15  110 1 1 1  480  600
243 178.790000 157.630000   15  110 1 1 1  360 1320
244 151.700000 150.860000   15  110 1 1 1  540  660
245 151.560000 152.530000   15  110 1 1 1  360  780
246 157.850000 163.460000   15  110 1 1 1  420  960
247 156.100000 150.070000   15  109 1 1 1  720 1080
248 171.320000 185.830000   15  109 1 1 1  360  600
249 162.350000 169.700000   15  109 1 1 1  480 1080
250 175.900000 189.570000   15  109 1 1 1  480  600
251 151.640000 163.160000   15  109 1 1 1  420  660
252 152.680000 186.720000   15  109 1 1 1  360 1080
253 151.090000 150.120000   15  108 1 1 1  570  840
254 143.930000 158.550000   15  108 1 1 1  540 1080
255 162.320000 166.570000   15  108 1 1 1  480  660
256 150.080000 146.180000   15  108 1 1 1  420  960
257 154.430000 152.620000   15  108 1 1 1  330 1080
258 160.650000 201.370000   15  108 1 1 1  480 1080
259 178.220000 157.530000   15  107 1 1 1  360 1320
260 192.340000 156.230000   15  107 1 1 1  420 1080
261 156.700000 145.640000   15  107 1 1 1  300  660
262 154.780000 148.950000   15  106 1 1 1  480 1080
263 194.740000 195.860000   15  105 1 1 1  480 1080
264 187.900000 162.000000   15  105 1 1 1  600 1439
265 174.080000 157.130000   15  105 1 1 1  480 1140
266 152.570000 187.650000   15  105 1 1 1  480 1080
267 170.760000 166.500000   15  105 1 1 1  600  780
268 149.770000 159.540000   15  104 1 1 1  420  540
269 155.540000 151.540000   15  104 1 1 1  420 1080
270 192.170000 173.780000   15  104 1 1 1  480 1080
271 168.160000 160.830000   15  104 1 1 1  480  840
272 171.070000 184.690000   15  103 1 1 1  360  555
273 153.220000 178.780000   15  103 1 1 1  480 1080
274 149.570000 138.590000   15  103 1 1 1  600  900
275 156.910000 140.840000   15  102 1 1 1  600  990
276 145.250000 158.770000   15  102 1 1 1  540 1080
277 171.290000 186.130000   15  102 1 1 1  600  660
278 187.810000 161.970000   15  101 1 1 1  480 1080
279 150.530000 156.760000   15  101 1 1 1  420  690
280 151.330000 153.630000   15  101 1 1 1  300  420
281 178.970000 157.100000   15  100 1 1 1  360 1080
282 172.940000 162.150000   15  100 1 1 1  720 1080
283 151.530000 154.490000   15  100 1 1 1  480 1380
284 144.620000 155.190000   15  100 1 1 1  540 1439
285 151.530000 152.990000   14   99 1 1 1  420 1080
286 194.180000 175.040000   14   99 1 1 1  540  720
287 150.590000 156.540000   14   99 1 1 1  240  480
288 157.850000 163.460000   14   99 1 1 1  420 1020
289 169.710000 199.160000   14   99 1 1 1  600 1320
290 162.030000 148.860000   14   99 1 1 1  480  690
291 178.040000 193.110000   14   99 1 1 1  900 1140
292 159.720000 146.970000   14   99 1 1 1  480  960
293 167.540000 198.850000   14   98 1 1 1  660 1320
294 171.570000 165.550000   14   98 1 1 1  540  720
295 168.360000 165.880000   14   98 1 1 1  420 1080
296 162.660000 146.930000   14   98 1 1 1  480  750
297 146.070000 158.670000   14   98 1 1 1  420 1080
298 160.780000 174.300000   14   97 1 1 1  420 1080
299 165.520000 173.790000   14   97 1 1 1  540 1080
300 172.100000 194.570000   14   97 1 1 1  480  780
301 154.780000 151.100000   14   97 1 1 1  390 1080
302 191.320000 184.230000   14   96 1 1 1  420 1080
303 149.870000 144.140000   14   96 1 1 1  180  810
304 155.640000 167.730000   14   96 1 1 1  480  720
305 145.080000 160.160000   14   96 1 1 1  420  840
306 194.550000 175.260000   14   96 1 1 1  420 1080
307 149.150000 160.270000   14   96 1 1 1  360  810
308 185.540000 156.830000   14   96 1 1 1  420 1080
309 152.680000 186.720000   14   95 1 1 1  570  870
310 161.120000 169.280000   14   95 1 1 1  360 1080
311 155.480000 144.120000   14   94 1 1 1  540 1320
312 163.550000 180.500000   14   94 1 1 1  360 1080
313 149.380000 148.790000   14   93 1 1 1  540 1320
314 150.550000 156.860000   14   93 1 1 1  510  690
315 155.300000 168.150000   14   93 1 1 1  420  660
316 161.910000 161.840000   14   93 1 1 1  300 1080
317 154.980000 150.380000   14   92 1 1 1  480 1080
318 170.420000 160.980000   14   92 1 1 1  480 1080
319 174.010000 167.890000   14   92 1 1 1  480 1080
320 180.880000 186.690000   14   91 1 1 1  600 1020
321 164.880000 151.440000   14   91 1 1 1  600  780
322 148.790000 159.570000   14   91 1 1 1  360 1200
323 159.250000 154.580000   14   90 1 1 1  480  780
324 153.490000 172.060000   14   90 1 1 1  420  900
325 148.420000 138.960000   14   89 1 1 1  540 1320
326 192.360000 196.150000   14   89 1 1 1  600 1320
327 170.580000 174.020000   14   89 1 1 1  540 1320
328 154.310000 163.040000   14   88 1 1 1  480 1080
329 152.300000 160.450000   14   88 1 1 1  360 1080
330 155.750000 161.740000   14   88 1 1 1  420 1080
331 158.230000 153.250000   14   88 1 1 1  420 1080
332 161.120000 169.280000   14   88 1 1 1  540  900
333 151.390000 159.960000   14   88 1 1 1  410  630
334 168.230000 160.860000   14   88 1 1 1  480  780
335 160.880000 200.660000   14   88 1 1 1  540 1080
336 151.150000 170.930000   14   88 1 1 1  300  720
337 151.230000 138.430000   14   87 1 1 1  360  720
338 158.960000 146.150000   14   87 1 1 1  570 1260
339 170.690000 187.780000   14   86 1 1 1  840 1200
340 163.720000 180.190000   14   86 1 1 1  420 1080
341 168.140000 166.900000   14   86 1 1 1  600  900
342 163.310000 180.640000   14   86 1 1 1  480 1080
343 167.470000 169.650000   14   86 1 1 1  720 1020
344 150.540000 169.450000   14   86 1 1 1  480  720
345 176.160000 193.010000   14   86 1 1 1  780  960
346 162.370000 147.230000   14   85 1 1 1  330  600
347 169.640000 172.750000   14   85 1 1 1  540  900
348 153.620000 180.350000   14   85 1 1 1  360  720
349 150.870000 155.890000   14   85 1 1 1  300  690
350 172.120000 194.570000   14   85 1 1 1  480  780
351 174.590000 194.290000   14   84 1 1 1  420 1080
352 157.500000 152.870000   14   84 1 1 1  420 1080
353 158.400000 166.070000   14   84 1 1 1  360 1080
354 150.900000 153.400000   14   83 1 1 1  300 1080
355 159.220000 151.820000   14   83 1 1 1  420 1080
356 156.640000 170.980000   14   83 1 1 1  360  720
357 156.640000 170.980000   14   83 1 1 1  480  720
358 159.690000 145.900000   14   82 1 1 1  420 1020
359 193.850000 175.600000   14   82 1 1 1  840 1080
360 160.880000 200.660000   14   82 1 1 1  660 1439
361 163.090000 157.500000   14   82 1 1 1  600  900
362 171.370000 185.800000   14   82 1 1 1  480  690
363 161.760000 181.750000   14   81 1 1 1  480 1080
364 170.830000 185.780000   14   81 1 1 1  420  600
365 174.590000 194.290000   14   81 1 1 1  840 1439
366 151.960000 153.870000   14   80 1 1 1  360  780
367 147.370000 161.220000   14   80 1 1 1  540  840
368 151.560000 152.530000   14   80 1 1 1  480 1080
369 162.030000 148.860000   14   80 1 1 1  420 1080
370 171.600000 194.230000   14   80 1 1 1  660 1320
371 171.380000 185.880000   14   80 1 1 1  480  720
372 161.420000 152.690000   14   80 1 1 1  480  720
373 159.560000 165.500000   13   79 1 1 1  540  900
374 179.070000 195.720000   13   79 1 1 1  420 1080
375 152.830000 153.710000   13   79 1 1 1  480  780
376 165.580000 162.460000   13   79 1 1 1  360  600
377 180.910000 186.640000   13   79 1 1 1  420 1080
378 152.050000 156.300000   13   79 1 1 1  720 1080
379 174.590000 194.290000   13   78 1 1 1  480 1200
380 175.040000 154.330000   13   78 1 1 1  360 1439
381 179.030000 167.590000   13   78 1 1 1  540 1050
382 156.970000 150.110000   13   78 1 1 1  480 1080
383 186.260000 187.470000   13   77 1 1 1  540 1320
384 146.760000 152.090000   13   77 1 1 1  420 1080
385 163.560000 166.030000   13   77 1 1 1  480 1080
386 172.200000 158.460000   13   77 1 1 1  420 1080
387 168.970000 194.710000   13   76 1 1 1  480 1080
388 172.030000 175.580000   13   76 1 1 1  360  720
389 150.620000 156.770000   13   76 1 1 1  480 1080
390 170.830000 185.780000   13   76 1 1 1  360  660
391 193.830000 175.660000   13   75 1 1 1  600  900
392 182.190000 154.770000   13   75 1 1 1  720 1080
393 150.350000 138.070000   13   75 1 1 1  480 1080
394 144.530000 156.580000   13   75 1 1 1  540  840
395 172.080000 175.650000   13   75 1 1 1  360  720
396 145.030000 154.750000   13   74 1 1 1  420  540
397 171.990000 194.100000   13   74 1 1 1  360  960
398 163.460000 180.580000   13   74 1 1 1  540 1050
399 148.600000 139.070000   13   74 1 1 1  360 1080
400 162.680000 147.830000   13   74 1 1 1  420  540
401 198.500000 186.670000   13   73 1 1 1  420 1080
402 172.200000 158.460000   13   73 1 1 1  480 1080
403 162.030000 148.860000   13   73 1 1 1  480  840
404 168.620000 159.120000   13   73 1 1 1  540  720
405 148.130000 158.550000   13   73 1 1 1  300  540
406 158.330000 171.450000   13   73 1 1 1  300  660
407 161.910000 161.840000   13   72 1 1 1  330 1080
408 152.650000 152.690000   13   72 1 1 1  420 1080
409 159.070000 169.750000   13   72 1 1 1  600  840
410 160.880000 200.660000   13   72 1 1 1  480 1080
411 163.080000 169.350000   13   72 1 1 1  480 1080
412 151.310000 163.690000   13   71 1 1 1  420  780
413 161.530000 160.910000   13   71 1 1 1  300 1080
414 154.150000 162.450000   13   71 1 1 1  540  840
415 170.580000 174.020000   13   71 1 1 1  600 1320
416 150.300000 162.290000   13   71 1 1 1  420 1080
417 147.020000 155.410000   13   71 1 1 1  300  540
418 169.800000 172.800000   13   71 1 1 1  540  720
419 151.310000 159.210000   13   71 1 1 1  330 1080
420 177.070000 173.460000   13   71 1 1 1  480 1140
421 148.150000 141.300000   13   71 1 1 1  840 1020
422 150.320000 137.940000   13   71 1 1 1  540  840
423 192.270000 173.840000   13   70 1 1 1  720 1020
424 175.750000 154.040000   13   70 1 1 1  480 1080
425 161.740000 152.690000   13   70 1 1 1  540  900
426 151.970000 138.530000   13   69 1 1 1  480 1080
427 152.720000 148.410000   13   69 1 1 1  480  690
428 167.880000 172.840000   13   69 1 1 1  420  900
429 175.300000 171.610000   13   69 1 1 1  600 1080
430 169.750000 172.780000   13   69 1 1 1  420 1080
431 157.120000 146.150000   13   69 1 1 1  630  780
432 156.920000 145.960000   13   69 1 1 1  480 1200
433 161.870000 146.840000   13   69 1 1 1  360  540
434 175.440000 192.910000   13   68 1 1 1  480 1080
435 171.100000 163.700000   13   68 1 1 1  420 1080
436 175.540000 173.470000   13   68 1 1 1  600 1020
437 160.880000 200.660000   13   68 1 1 1  480 1080
438 180.660000 165.590000   13   68 1 1 1  420 1080
439 160.880000 200.660000   13   67 1 1 1  480 1080
440 154.590000 146.200000   13   67 1 1 1  480 1080
441 171.380000 185.880000   13   67 1 1 1  480 1080
442 155.080000 144.800000   13   66 1 1 1  480 1320
443 158.520000 146.040000   13   66 1 1 1  720  900
444 152.130000 159.710000   13   66 1 1 1  420 1080
445 184.180000 158.460000   13   66 1 1 1  540 1320
446 150.840000 155.200000   13   66 1 1 1  420 1080
447 151.710000 174.970000   13   66 1 1 1  360  780
448 170.840000 165.210000   13   66 1 1 1  480 1080
449 146.760000 165.380000   13   66 1 1 1  600 1320
450 172.420000 183.200000   13   65 1 1 1  480 1080
451 162.350000 169.700000   13   65 1 1 1  480 1080
452 159.840000 154.510000   13   65 1 1 1  480  810
453 171.230000 186.290000   13   65 1 1 1  840  960
454 165.810000 160.530000   13   65 1 1 1  420 1080
455 187.900000 162.000000   13   64 1 1 1  600 1320
456 187.900000 162.000000   13   64 1 1 1  540 1140
457 193.890000 175.000000   13   64 1 1 1  540  900
458 158.400000 166.070000   13   64 1 1 1  420 1080
459 175.930000 165.590000   13   63 1 1 1  480  900
460 150.540000 169.450000   13   63 1 1 1  300 1320
461 154.130000 171.480000   13   63 1 1 1  540  840
462 164.410000 155.100000   13   62 1 1 1  540 1080
463 146.980000 155.440000   13   62 1 1 1  300 1080
464 194.840000 175.060000   13   62 1 1 1  480 1080
465 156.430000 168.430000   13   62 1 1 1  540  660
466 160.300000 164.740000   13   61 1 1 1  480 1080
467 157.800000 150.680000   13   61 1 1 1  480 1080
468 152.630000 155.020000   13   61 1 1 1  720  840
469 188.050000 162.060000   13   61 1 1 1  480 1080
470 170.850000 185.710000   13   61 1 1 1  600  720
471 154.870000 150.290000   13   60 1 1 1  420 1080
472 159.690000 147.040000   13   60 1 1 1  540  720
473 171.330000 164.510000   13   60 1 1 1  480  720
474 147.100000 155.430000   13   60 1 1 1  420  540
475 158.500000 158.330000   12   59 1 1 1  600  840
476 158.730000 162.860000   12   59 1 1 1  420 1080
477 167.740000 166.660000   12   59 1 1 1  480 1080
478 152.650000 152.690000   12   59 1 1 1  420 1080
479 161.540000 168.790000   12   59 1 1 1  360  720
480 169.670000 172.700000   12   59 1 1 1  480  720
481 175.820000 189.580000   12   58 1 1 1  360  660
482 158.380000 172.890000   12   58 1 1 1  360 1080
483 156.850000 144.840000   12   58 1 1 1  420 1080
484 166.670000 168.300000   12   58 1 1 1  480 1080
485 167.680000 171.100000   12   58 1 1 1  420  960
486 163.680000 198.120000   12   58 1 1 1  420  600
487 158.030000 171.440000   12   57 1 1 1  480 1080
488 148.000000 144.280000   12   57 1 1 1  780 1320
489 160.490000 148.190000   12   57 1 1 1  480 1080
490 151.330000 153.630000   12   57 1 1 1  480 1080
491 160.100000 148.740000   12   57 1 1 1  360 1200
492 158.140000 143.410000   12   57 1 1 1  480 1080
493 163.190000 155.250000   12   57 1 1 1  480 1080
494 159.710000 147.020000   12   57 1 1 1  480 1080
495 175.110000 174.480000   12   57 1 1 1  600 1020
496 151.920000 151.830000   12   57 1 1 1  420 1080
497 147.300000 166.180000   12   56 1 1 1  420 1080
498 160.530000 201.250000   12   56 1 1 1  600  840
499 161.370000 152.500000   12   56 1 1 1  480 1080
500 172.320000 170.660000   12   56 1 1 1  360 1080
501 157.020000 164.220000   12   56 1 1 1  360 1020
502 150.570000 156.900000   12   56 1 1 1  420  780
503 155.330000 168.110000   12   56 1 1 1  240  720
504 171.180000 170.300000   12   55 1 1 1  420 1080
505 149.430000 160.160000   12   55 1 1 1  480  780
506 148.410000 139.320000   12   55 1 1 1  600  780
507 150.670000 153.640000   12   55 1 1 1    1 1439
508 156.260000 147.670000   12   55 1 1 1  420 1080
509 154.220000 150.690000   12   55 1 1 1  480 1080
510 171.360000 185.930000   12   55 1 1 1  540  870
511 165.350000 167.030000   12   55 1 1 1  540  780
512 160.250000 156.460000   12   55 1 1 1  540  780
513 154.340000 156.600000   12   54 1 1 1  540  930
514 151.370000 161.020000   12   54 1 1 1  480  720
515 170.580000 174.020000   12   54 1 1 1  360 1439
516 152.570000 187.650000   12   54 1 1 1  360 1080
517 159.070000 163.830000   12   54 1 1 1  420 1080
518 167.430000 172.250000   12   54 1 1 1  540 1380
519 150.490000 157.400000   12   53 1 1 1  480 1140
520 198.530000 191.430000   12   53 1 1 1  480 1080
521 151.480000 139.220000   12   53 1 1 1  420 1080
522 169.830000 169.910000   12   53 1 1 1  420 1080
523 148.120000 164.550000   12   53 1 1 1  540 1080
524 154.380000 187.000000   12   53 1 1 1  480 1080
525 151.230000 138.430000   12   53 1 1 1  480 1080
526 150.230000 160.440000   12   52 1 1 1  420  720
527 160.880000 200.660000   12   52 1 1 1  600 1380
528 148.600000 139.070000   12   52 1 1 1  480  780
529 161.870000 146.840000   12   52 1 1 1  480 1080
530 150.570000 156.900000   12   51 1 1 1  600  780
531 171.380000 185.880000   12   51 1 1 1  540  720
532 161.560000 168.890000   12   51 1 1 1  360  930
533 160.880000 200.660000   12   51 1 1 1  540  840
534 162.090000 160.650000   12   51 1 1 1  405 1080
535 194.840000 175.060000   12   51 1 1 1  840 1080
536 168.230000 160.870000   12   50 1 1 1  480 1080
537 161.930000 148.580000   12   49 1 1 1  420 1080
538 160.650000 201.370000   12   49 1 1 1  600 1380
539 172.080000 175.650000   12   49 1 1 1  480  720
540 159.980000 153.850000   12   49 1 1 1  720 1020
541 154.810000 185.160000   12   49 1 1 1  300  660
542 192.170000 173.780000   12   49 1 1 1  660 1080
543 169.640000 172.750000   12   49 1 1 1  540 1320
544 164.770000 164.880000   12   49 1 1 1  480 1080
545 170.490000 173.680000   12   49 1 1 1  480 1080
546 154.780000 148.950000   12   49 1 1 1  420  780
547 171.150000 185.540000   12   48 1 1 1  540  720
548 158.140000 143.410000   12   48 1 1 1  420 1080
549 155.510000 155.690000   12   48 1 1 1  480 1080
550 156.850000 144.840000   12   48 1 1 1  420 1080
551 163.250000 170.010000   12   48 1 1 1  420  720
552 155.510000 155.690000   12   47 1 1 1  840 1140
553 160.880000 200.660000   12   47 1 1 1  720 1380
554 151.310000 157.390000   12   47 1 1 1  360  660
555 162.030000 148.860000   12   47 1 1 1  450 1080
556 160.880000 200.660000   12   47 1 1 1  660 1439
557 159.390000 171.380000   12   47 1 1 1  360  900
558 164.050000 171.780000   12   47 1 1 1  900 1080
559 151.060000 155.460000   12   47 1 1 1  420 1080
560 162.090000 160.650000   12   47 1 1 1  360 1080
561 149.410000 160.120000   12   47 1 1 1  420 1080
562 150.630000 156.890000   12   46 1 1 1  540  720
563 150.760000 165.040000   12   46 1 1 1  450  870
564 171.310000 185.730000   12   46 1 1 1  480  720
565 154.300000 171.420000   12   46 1 1 1  480  900
566 152.160000 155.360000   12   46 1 1 1  420 1080
567 157.620000 157.400000   12   46 1 1 1  540  900
568 151.780000 154.240000   12   46 1 1 1  420 1080
569 154.690000 137.660000   12   46 1 1 1  720  900
570 152.680000 156.210000   12   46 1 1 1  480 1080
571 148.570000 162.000000   12   45 1 1 1  480 1080
572 150.620000 156.770000   12   45 1 1 1  240 1080
573 151.530000 154.490000   12   45 1 1 1  600  720
574 162.350000 169.700000   12   45 1 1 1  600  780
575 152.690000 139.640000   12   44 1 1 1  360 1080
576 151.540000 147.990000   12   44 1 1 1  420 1080
577 158.570000 155.510000   12   44 1 1 1  420 1080
578 160.760000 201.810000   12   44 1 1 1  600 1439
579 148.020000 144.400000   12   44 1 1 1  375  930
580 152.570000 187.650000   12   44 1 1 1  360 1080
581 154.210000 161.440000   12   43 1 1 1  480  780
582 179.130000 157.240000   12   43 1 1 1  510 1080
583 161.420000 152.690000   12   43 1 1 1  540  780
584 147.370000 161.220000   12   43 1 1 1  420 1080
585 158.380000 172.890000   12   43 1 1 1  480 1080
586 151.230000 154.810000   12   42 1 1 1  540  840
587 160.280000 168.380000   12   42 1 1 1  360  960
588 150.540000 169.450000   12   42 1 1 1  300  720
589 160.500000 157.860000   12   42 1 1 1  540 1020
590 148.400000 166.110000   12   42 1 1 1  480 1380
591 148.290000 161.430000   12   42 1 1 1  420 1080
592 149.400000 159.920000   12   42 1 1 1  420  690
593 149.920000 160.180000   12   42 1 1 1  480 1080
594 169.750000 172.780000   12   41 1 1 1    0  720
595 178.790000 157.630000   12   41 1 1 1  420 1080
596 157.850000 163.460000   12   41 1 1 1  420 1080
597 163.560000 166.030000   12   41 1 1 1  480 1080
598 157.800000 160.050000   12   41 1 1 1  420 1020
599 152.050000 156.070000   12   40 1 1 1  420 1080
600 146.100000 157.320000   12   40 1 1 1  540 1080
601 188.320000 161.990000   12   40 1 1 1  480 1080
602 165.970000 171.780000   12   40 1 1 1  540 1080
603 174.660000 167.600000   12   40 1 1 1  600 1020
604 144.660000 155.800000   12   40 1 1 1  480 1080
605 171.150000 185.540000   12   40 1 1 1  420 1080
606 175.430000 156.090000   12   40 1 1 1  420 1080
607 159.970000 166.850000   11   39 1 1 1  480 1080
608 170.830000 185.780000   11   39 1 1 1  480 1080
609 149.190000 161.210000   11   39 1 1 1  540  780
610 154.960000 149.810000   11   39 1 1 1  480 1080
611 154.340000 156.600000   11   39 1 1 1  480 1080
612 150.780000 161.940000   11   39 1 1 1  480 1080
613 185.540000 163.220000   11   39 1 1 1  420 1080
614 152.630000 155.020000   11   39 1 1 1  480 1080
615 159.340000 168.090000   11   38 1 1 1  360  600
616 163.550000 180.500000   11   38 1 1 1  360  660
617 194.500000 175.210000   11   38 1 1 1  840 1080
618 157.740000 146.310000   11   38 1 1 1  420 1080
619 155.750000 161.740000   11   38 1 1 1  360 1080
620 163.390000 158.360000   11   38 1 1 1  420  840
621 149.330000 157.660000   11   38 1 1 1  420 1080
622 191.400000 152.580000   11   38 1 1 1  420 1080
623 154.650000 137.660000   11   37 1 1 1  420  870
624 150.480000 146.260000   11   37 1 1 1  480 1080
625 176.850000 156.700000   11   37 1 1 1  540 1380
626 171.710000 186.830000   11   37 1 1 1  540  900
627 146.520000 154.590000   11   37 1 1 1  480 1080
628 150.260000 138.160000   11   37 1 1 1  540  840
629 165.750000 158.570000   11   37 1 1 1  480 1080
630 149.780000 144.980000   11   37 1 1 1  480 1380
631 175.820000 189.580000   11   37 1 1 1  480 1080
632 151.330000 153.630000   11   36 1 1 1  420 1080
633 154.640000 158.340000   11   36 1 1 1  540 1320
634 153.900000 168.300000   11   36 1 1 1  420 1080
635 151.510000 154.550000   11   36 1 1 1  420 1080
636 149.000000 161.510000   11   36 1 1 1  420  870
637 198.150000 190.790000   11   36 1 1 1  480 1080
638 156.910000 140.840000   11   35 1 1 1  360 1080
639 151.230000 138.430000   11   35 1 1 1  480  720
640 157.740000 146.310000   11   35 1 1 1  480  750
641 146.980000 155.440000   11   35 1 1 1  360  480
642 144.580000 155.210000   11   35 1 1 1  660  900
643 162.810000 170.680000   11   35 1 1 1  480 1080
644 170.110000 186.590000   11   35 1 1 1  540  720
645 166.090000 171.870000   11   35 1 1 1  420 1080
646 187.830000 161.840000   11   35 1 1 1  420 1080
647 146.760000 165.380000   11   35 1 1 1  420 1080
648 169.750000 172.780000   11   35 1 1 1  420 1080
649 163.450000 180.570000   11   34 1 1 1  300  540
650 150.900000 153.400000   11   34 1 1 1  420 1080
651 166.980000 161.090000   11   34 1 1 1  390  600
652 162.760000 147.840000   11   34 1 1 1  420 1080
653 151.200000 154.620000   11   34 1 1 1  420 1080
654 151.690000 154.250000   11   34 1 1 1  600  840
655 150.040000 154.120000   11   34 1 1 1  420 1080
656 187.900000 162.000000   11   34 1 1 1  420 1080
657 160.850000 166.400000   11   34 1 1 1  600  840
658 157.700000 155.630000   11   34 1 1 1  480 1080
659 147.460000 140.950000   11   34 1 1 1  570  840
660 158.870000 164.740000   11   33 1 1 1  390  960
661 151.330000 153.630000   11   33 1 1 1  420 1080
662 150.540000 156.850000   11   33 1 1 1  480 1080
663 162.660000 147.800000   11   33 1 1 1  480 1080
664 188.670000 156.080000   11   33 1 1 1  480 1080
665 151.510000 154.550000   11   33 1 1 1  480 1080
666 153.900000 168.300000   11   33 1 1 1  420  600
667 172.010000 192.920000   11   33 1 1 1  480 1080
668 163.000000 199.780000   11   32 1 1 1  420 1080
669 193.550000 195.610000   11   32 1 1 1  420 1080
670 176.040000 189.470000   11   32 1 1 1  480 1080
671 148.150000 138.210000   11   32 1 1 1  420 1080
672 175.110000 174.480000   11   31 1 1 1  420 1080
673 167.110000 186.200000   11   31 1 1 1  480  720
674 162.730000 149.650000   11   31 1 1 1  480 1080
675 149.630000 159.140000   11   31 1 1 1  360 1020
676 149.500000 155.520000   11   31 1 1 1  360  720
677 144.620000 155.190000   11   31 1 1 1  480 1080
678 147.930000 160.760000   11   30 1 1 1  360 1439
679 151.130000 162.600000   11   30 1 1 1  420 1080
680 180.670000 186.670000   11   30 1 1 1  420 1080
681 151.560000 152.530000   11   29 1 1 1  360  705
682 171.420000 186.260000   11   29 1 1 1  780  960
683 151.390000 156.950000   11   28 1 1 1  420 1080
684 150.550000 156.860000   11   28 1 1 1  540  720
685 149.320000 162.540000   11   28 1 1 1  360 1320
686 152.580000 151.770000   11   27 1 1 1  420 1080
687 158.540000 146.550000   11   27 1 1 1  480  780
688 171.180000 170.300000   11   27 1 1 1  480  870
689 152.070000 150.350000   11   27 1 1 1  480 1080
690 150.570000 156.900000   11   27 1 1 1  420 1080
691 160.880000 200.660000   11   26 1 1 1  480 1080
692 157.700000 155.630000   11   26 1 1 1  600  960
693 174.190000 163.710000   11   26 1 1 1  480 1080
694 160.650000 201.370000   11   26 1 1 1  540 1380
695 149.390000 153.770000   11   26 1 1 1  420 1080
696 150.620000 156.770000   11   25 1 1 1  420 1080
697 176.220000 190.990000   11   25 1 1 1  480 1080
698 150.540000 156.850000   11   25 1 1 1  480 1080
699 175.880000 189.880000   11   25 1 1 1  600  720
700 176.710000 172.620000   11   25 1 1 1  420 1080
701 171.320000 186.380000   11   25 1 1 1  420  900
702 170.580000 174.020000   11   25 1 1 1  480 1080
703 162.630000 147.810000   11   25 1 1 1  480 1080
704 153.620000 180.350000   11   24 1 1 1  300  720
705 174.080000 157.130000   11   24 1 1 1  450 1200
706 149.320000 162.540000   11   24 1 1 1  420 1080
707 187.900000 162.000000   11   24 1 1 1  420 1080
708 152.070000 150.350000   11   24 1 1 1  660  780
709 187.140000 161.840000   11   23 1 1 1  420 1080
710 160.880000 200.660000   11   23 1 1 1  420 1080
711 168.360000 165.880000   11   23 1 1 1  420 1080
712 151.510000 154.550000   11   23 1 1 1  360  780
713 157.270000 158.780000   11   22 1 1 1  420  720
714 156.870000 144.820000   11   22 1 1 1  240  840
715 160.880000 200.660000   11   22 1 1 1  480 1080
716 151.490000 154.540000   11   21 1 1 1  420 1080
717 147.940000 161.310000   11   21 1 1 1  480 1080
718 188.680000 196.150000   11   21 1 1 1  420 1080
719 150.440000 156.500000   11   21 1 1 1  540  720
720 163.200000 155.230000   11   21 1 1 1  480 1080
721 171.870000 185.910000   11   20 1 1 1  420 1080
722 162.550000 147.320000   11   20 1 1 1  420 1080
723 151.090000 157.500000   11   20 1 1 1  420 1080
724 151.820000 155.410000   11   20 1 1 1  480 1080
725 150.590000 156.540000   11   20 1 1 1  420 1080
726 152.160000 155.360000   11   20 1 1 1  480 1080
727 153.770000 149.300000   11   20 1 1 1  420 1080
728 162.030000 148.860000   10   19 1 1 1  450 1080
729 151.200000 154.620000   10   19 1 1 1  420  600
730 148.130000 158.550000   10   19 1 1 1  420  720
731 192.030000 156.250000   10   19 1 1 1  420 1080
732 152.580000 151.770000   10   18 1 1 1  300 1080
733 193.890000 175.000000   10   18 1 1 1  600  900
734 161.340000 172.210000   10   18 1 1 1  540  900
735 152.680000 156.210000   10   17 1 1 1  420 1080
736 152.830000 153.710000   10   17 1 1 1  480 1080
737 162.910000 150.660000   10   17 1 1 1  480 1080
738 151.690000 154.250000   10   16 1 1 1  420 1080
739 161.540000 168.790000   10   16 1 1 1  420 1080
740 194.530000 198.020000   10   16 1 1 1  420 1080
741 198.200000 183.080000   10   16 1 1 1  540 1320
742 150.490000 157.400000   10   16 1 1 1  480 1080
743 152.280000 160.510000   10   16 1 1 1  420 1080
744 150.890000 154.700000   10   15 1 1 1  420 1080
745 155.680000 140.180000   10   15 1 1 1  420 1080
746 162.630000 147.830000   10   15 1 1 1  420 1080
747 195.820000 193.370000   10   15 1 1 1  540  900
748 150.590000 156.540000   10   15 1 1 1  480 1080
749 174.050000 152.230000   10   15 1 1 1  420 1380
750 163.070000 148.910000   10   14 1 1 1  480  840
751 162.370000 147.230000   10   14 1 1 1  360  480
752 151.330000 153.630000   10   14 1 1 1  420 1080
753 151.330000 153.630000   10   13 1 1 1  420 1080
754 150.900000 153.400000   10   13 1 1 1  420 1080
755 162.790000 152.290000   10   13 1 1 1  600  840
756 151.330000 154.190000   10   13 1 1 1  420 1080
757 150.900000 153.400000   10   12 1 1 1  420 1080
758 171.360000 185.930000   10   12 1 1 1  630  960
759 151.960000 153.870000   10   12 1 1 1  420 1080
760 152.320000 154.730000   10   12 1 1 1  480 1080
761 151.490000 154.540000   10   12 1 1 1  480 1080
762 170.180000 172.920000   10   11 1 1 1  420  780
763 150.900000 153.400000   10   11 1 1 1  420 1080
764 154.870000 157.630000   10   11 1 1 1  660  990
765 150.540000 156.850000   10   11 1 1 1  420  540
766 151.330000 153.630000   10   11 1 1 1  420 1080
767 149.330000 157.660000   10   11 1 1 1  420 1080
768 150.540000 156.850000   10   10 1 1 1  420 1080
769 151.780000 154.240000   10   10 1 1 1  420 1080
770 150.160000 156.700000   10   10 1 1 1  420 1080
771 152.930000 161.280000   10    9 1 1 1  390 1080
772 152.930000 160.690000   10    9 1 1 1  420 1080
773 154.290000 162.670000   10    9 1 1 1  480 1080
774 181.000000 157.460000   10    8 1 1 1  420 1080
775 151.080000 154.410000   10    8 1 1 1  420 1080
776 151.080000 154.410000   10    8 1 1 1  420 1080
777 151.480000 154.500000   10    8 1 1 1  420 1080
778 150.900000 153.400000   10    7 1 1 1  420 1080
779 149.770000 154.010000   10    7 1 1 1  420 1080
780 170.470000 185.680000   10    7 1 1 1    1 1439
781 152.650000 152.690000   10    6 1 1 1  420 1080
782 175.300000 171.610000   10    6 1 1 1  420 1080
783 149.810000 156.800000   10    6 1 1 1  360 1080
784 151.480000 154.500000   10    6 1 1 1  420 1080
785 151.390000 156.950000   10    5 1 1 1  420 1080
786 171.310000 185.730000   10    5 1 1 1  420 1080
787 155.310000 168.200000   10    5 1 1 1  420  540
788 152.320000 154.730000   10    5 1 1 1  420 1080
789 151.250000 154.590000   10    5 1 1 1  420 1080
790 160.540000 160.150000   10    5 1 1 1  480  720
791 150.890000 154.700000   10    5 1 1 1  420 1080
792 151.560000 152.530000   10    4 1 1 1  420 1080
793 152.310000 153.080000   10    4 1 1 1  420 1080
794 150.530000 156.760000   10    4 1 1 1  420 1080
795 152.830000 153.710000   10    4 1 1 1  420 1080
796 151.880000 155.520000   10    3 1 1 1  420 1080
797 150.670000 153.640000   10    3 1 1 1  420 1080
798 150.900000 153.400000   10    3 1 1 1  420 1080
799 153.040000 154.070000   10    3 1 1 1  420 1080
800 151.560000 152.530000   10    3 1 1 1  420 1080
801 149.190000 161.210000   10    2 1 1 1  420 1080
802 150.540000 156.850000   10    2 1 1 1  540  840
803 151.780000 154.240000   10    2 1 1 1  420 1080
804 156.330000 148.510000   10    1 1 1 1  480 1080
805 150.670000 153.640000   10    1 1 1 1  420 1080
806 150.670000 153.640000   10    1 1 1 1  420 1080
807 162.610000 147.910000   10    1 1 1 1  360  780
808 151.780000 154.240000   10    1 1 1 1  420 1080
809 150.670000 153.640000   10    1 1 1 1  420 1080
810 153.330000 161.730000   10    1 1 1 1  570 1320
811 162.660000 146.930000   10    0 1 1 1  480  780
812 152.650000 152.690000   10    0 1 1 1  420 1080
813 152.360000 158.990000   10    0 1 1 1  420 1080
814 171.870000 186.420000   29  388 1 1 1  420  480
815 171.310000 185.730000   35  507 1 1 1  450  960
816 169.750000 172.780000   66 1132 1 1 1  420  900
817 168.160000 160.830000   37  554 1 1 1  405  780
818 144.620000 155.190000   43  671 1 1 1  420  900
819 146.890000 159.880000   28  370 1 1 1  480  960
820 160.880000 200.660000   13   71 1 1 1  600  840
821 163.030000 165.580000   21  234 1 1 1  390  750
822 162.550000 147.710000   62 1049 1 1 1  360  900
823 150.540000 156.850000  122 2246 1 1 1  420 1080
824 155.460000 159.970000   48  764 1 1 1  420  780
825 175.820000 189.580000   24  286 1 1 1  420 1080
826 155.230000 175.750000   14   80 1 1 1  180  660
827 148.790000 159.570000   12   45 1 1 1  420  720
828 158.260000 179.250000   13   78 1 1 1  540  780
829 149.810000 156.800000   39  595 1 1 1  360  960
830 151.530000 154.490000   73 1274 1 1 1  420  720
831 149.330000 160.040000   57  956 1 1 1  450  900
832 149.410000 160.120000   48  774 1 1 1  435  840
833 150.320000 137.940000   26  326 1 1 1  420  900
834 150.540000 156.850000  148 2761 1 1 1  420  960
835 171.990000 194.100000   17  154 1 1 1  390  870
836 175.750000 189.280000   24  292 1 1 1  510  720
837 176.220000 190.990000   22  255 1 1 1  600  780
838 176.220000 190.990000   31  432 1 1 1  720  900
839 163.550000 180.500000   13   65 1 1 1    1 1439
840 163.610000 180.620000   49  784 1 1 1  420  540
841 163.450000 180.710000   26  328 1 1 1  480  900
842 163.610000 180.620000   31  429 1 1 1  420  720
843 152.680000 186.720000   47  740 1 1 1  360  480
844 155.600000 186.920000   22  255 1 1 1  360  480
845 171.470000 185.770000   26  324 1 1 1  510  660
846 171.380000 185.880000   27  345 1 1 1  480  900
847 188.220000 185.600000   20  212 1 1 1  720 1020
848 193.550000 195.610000   14   81 1 1 1  360 1350
849 169.640000 172.710000   15  112 1 1 1  480  660
850 169.750000 172.780000   11   25 1 1 1  360  720
851 169.800000 172.800000   18  174 1 1 1  720  840
852 169.750000 172.780000   12   53 1 1 1  540  900
853 169.640000 172.710000   18  160 1 1 1  480  720
854 171.100000 163.610000   23  273 1 1 1  420  600
855 173.430000 165.440000   15  106 1 1 1  600  840
856 177.090000 173.210000   12   48 1 1 1  780  960
857 193.870000 174.970000   61 1025 1 1 1  600  840
858 169.670000 173.660000   14   99 1 1 1  480 1380
859 153.040000 154.070000   29  395 1 1 1  420  690
860 154.180000 155.740000   15  117 1 1 1  420  840
861 161.540000 168.790000   14   82 1 1 1  480  900
862 161.120000 169.280000   14   98 1 1 1   60  840
863 162.350000 169.700000   17  157 1 1 1  630  840
864 163.080000 169.350000   28  362 1 1 1  360  720
865 168.250000 160.890000   25  319 1 1 1  480  660
866 169.030000 158.720000   17  157 1 1 1  420  660
867 172.320000 159.950000   14   85 1 1 1  600  960
868 161.210000 159.210000   21  237 1 1 1  420  720
869 160.250000 156.460000   17  140 1 1 1  300  840
870 162.550000 147.710000   19  186 1 1 1  420  660
871 159.070000 163.830000   12   52 1 1 1  600  990
872 160.780000 174.300000   16  130 1 1 1  360 1380
873 153.590000 174.350000   24  297 1 1 1  390  870
874 154.300000 171.420000   11   29 1 1 1  600  840
875 151.800000 160.460000   13   79 1 1 1  360  480
876 154.000000 156.860000   14   88 1 1 1  480 1320
877 149.890000 156.880000   21  222 1 1 1  360  660
878 159.660000 152.030000   16  128 1 1 1  600  780
879 159.980000 153.850000   16  126 1 1 1  720  960
880 169.330000 172.060000   15  100 1 1 1  360  720
881 169.790000 172.930000   15  115 1 1 1  420  930
882 169.670000 173.660000   11   32 1 1 1  480  900
883 149.280000 160.010000   20  213 1 1 1  360  600
884 169.670000 173.660000   19  186 1 1 1  360  840
885 157.740000 146.310000   23  278 1 1 1  510  660
886 145.900000 141.830000   13   70 1 1 1  540  660
887 146.030000 140.800000   24  292 1 1 1  840 1380
888 172.080000 175.650000   25  319 1 1 1  330  840
889 148.600000 139.070000   12   44 1 1 1  540 1080
890 148.410000 139.320000   18  166 1 1 1  660  900
891 159.700000 147.060000   24  288 1 1 1  420  600
892 159.710000 147.020000   53  873 1 1 1  480  660
893 151.090000 141.090000   11   31 1 1 1  240 1380
894 150.170000 138.090000   14   81 1 1 1  600  780
895 149.280000 138.170000   20  201 1 1 1  480  840
896 150.590000 156.540000   33  463 1 1 1   90  540
897 150.850000 152.280000   14   95 1 1 1  360  840
898 152.070000 150.350000   14   93 1 1 1  600  780
899 155.900000 145.980000   25  309 1 1 1  420 1080
900 155.900000 145.980000   24  291 1 1 1  420  600
901 159.650000 146.170000   45  705 1 1 1  480  720
902 159.650000 146.170000   22  258 1 1 1  540 1140
903 159.250000 154.580000   20  202 1 1 1  780  960
904 151.690000 157.880000   18  172 1 1 1  240  570
905 158.220000 159.100000   12   47 1 1 1  480  820
906 151.450000 157.420000   33  479 1 1 1  480  660
907 151.450000 157.420000   15  102 1 1 1  480  660
908 149.280000 160.320000   19  191 1 1 1  420  900
909 149.430000 160.160000   18  160 1 1 1  480 1439
910 151.780000 154.240000   12   54 1 1 1  480  630
911 150.570000 156.900000   14   81 1 1 1  540  660
912 150.530000 156.760000   15  119 1 1 1  360  630
913 151.490000 154.540000   13   61 1 1 1  360  600
914 149.410000 160.120000   56  929 1 1 1  360  510
915 162.030000 148.860000   21  226 1 1 1  420  660
916 150.540000 156.850000   14   94 1 1 1  420  780
917 150.540000 156.850000   17  146 1 1 1  360  660
918 151.490000 154.540000   14   80 1 1 1  600  900
919 161.870000 146.840000   19  194 1 1 1  360  660
920 150.700000 156.860000   14   95 1 1 1  540  870
921 150.700000 156.860000   13   73 1 1 1  480  720
922 150.700000 156.860000   10    4 1 1 1  480  720
923 151.620000 139.280000   12   58 1 1 1  480  840
924 161.870000 146.840000   10   15 1 1 1  420  600
925 172.970000 157.640000   29  387 1 1 1  240  720
926 157.800000 160.050000   20  218 1 1 1  390  660
927 176.670000 153.300000   15  105 1 1 1  360  960
928 163.000000 199.780000   31  425 1 1 1  540 1320
929 144.610000 155.270000   10   18 1 1 1  420  690
930 162.460000 157.700000   17  147 1 1 1  360  840
931 164.770000 164.880000   29  399 1 1 1  540  720
932 166.670000 168.300000   29  392 1 1 1  720 1050
933 162.610000 147.910000   10    9 1 1 1  690  810
934 160.780000 174.300000   13   65 1 1 1  360  780
935 153.310000 159.730000   14   90 1 1 1  240  420
936 151.770000 160.450000   17  152 1 1 1  360  600
937 155.530000 159.920000   16  123 1 1 1  480  840
938 154.830000 159.970000   14   95 1 1 1  540  660
939 156.970000 144.480000   12   59 1 1 1  480  780
940 150.540000 156.850000   18  171 1 1 1  360  600
941 151.480000 154.480000   14   93 1 1 1  420 1080
942 153.770000 149.300000   20  209 1 1 1  540 1380
943 187.610000 167.270000   14   94 1 1 1  420  720
944 187.900000 162.000000   12   56 1 1 1  600 1380
945 155.740000 147.580000   13   64 1 1 1  540  840
946 157.740000 146.310000   12   51 1 1 1  570  720
947 158.370000 146.580000   20  210 1 1 1  510  660
948 158.330000 146.780000   14   89 1 1 1  420 1320
949 168.180000 172.340000   14   94 1 1 1  420 1439
950 170.180000 172.920000   13   61 1 1 1    1  840
951 163.770000 165.090000   30  401 1 1 1  390 1110
952 151.560000 152.530000   21  220 1 1 1  420  540
953 178.790000 157.630000   10    6 1 1 1   60 1080
954 186.380000 156.700000   11   20 1 1 1    1 1439
955 157.950000 146.040000   19  197 1 1 1  420  720
956 160.530000 201.250000   14   99 1 1 1  540  960
957 172.240000 187.390000   23  265 1 1 1  600 1080
958 171.470000 185.770000   10   11 1 1 1  420  690
959 150.530000 156.760000   16  126 1 1 1  600  720
960 154.770000 152.930000   28  361 1 1 1  360  660
961 154.220000 150.690000   12   46 1 1 1  420  600
962 155.680000 161.820000   17  144 1 1 1  420  540
963 162.090000 160.650000   25  302 1 1 1  300  720
964 193.850000 175.600000   16  120 1 1 1  720 1140
965 187.810000 161.970000   15  100 1 1 1  420 1320
966 169.750000 172.780000   12   59 1 1 1  420  840
967 151.560000 152.530000   14   86 1 1 1  540  780
968 151.560000 152.530000   24  289 1 1 1  420  720
969 160.450000 167.430000   50  800 1 1 1  360  540
970 150.560000 167.360000   11   37 1 1 1  360  840
971 167.210000 199.560000   16  120 1 1 1  570  930
972 162.680000 147.830000   18  170 1 1 1  480  690
973 161.870000 146.840000   12   43 1 1 1  450  690
