4 29 818 1
0 3900
  0 150.900000 153.400000    0    0 0 0      0 1440
  1 158.140000 143.410000  135 2505 1 1 1  420 1080
  2 150.900000 153.400000   92 1652 1 1 1  420 1080
  3 149.250000 150.760000   52  845 1 1 1  600  900
  4 151.560000 152.530000   32  446 1 1 1  420  720
  5 187.900000 162.000000   30  409 1 1 1  420 1080
  6 175.930000 165.590000   29  399 1 1 1  480  900
  7 161.740000 166.830000   29  391 1 1 1  480 1080
  8 171.050000 185.560000   27  340 1 1 1  540  660
  9 194.810000 175.130000   26  339 1 1 1  420 1080
 10 150.570000 156.900000   25  310 1 1 1  540  780
 11 171.370000 185.800000   25  304 1 1 1  480 1080
 12 152.630000 155.020000   24  282 1 1 1  720  840
 13 164.320000 180.640000   23  269 1 1 1  480 1080
 14 151.560000 152.530000   23  263 1 1 1  450  570
 15 160.360000 177.560000   22  255 1 1 1  180  450
 16 158.730000 162.860000   22  251 1 1 1  240 1080
 17 154.650000 137.660000   21  239 1 1 1  420  870
 18 162.370000 147.230000   21  222 1 1 1  420 1080
 19 150.620000 156.770000   20  218 1 1 1  540  720
 20 158.730000 162.860000   20  216 1 1 1  420 1080
 21 169.600000 172.730000   20  208 1 1 1  720 1320
 22 172.170000 186.500000   20  203 1 1 1  360  600
 23 177.020000 171.260000   20  202 1 1 1  660 1020
 24 147.870000 156.090000   20  202 1 1 1  450  840
 25 172.010000 192.920000   19  199 1 1 1  600 1380
 26 151.370000 161.020000   19  196 1 1 1  420  570
 27 176.260000 173.190000   19  196 1 1 1  720  840
 28 148.600000 139.070000   19  195 1 1 1  360 1080
 29 162.550000 147.710000   19  192 1 1 1  540  705
 30 154.150000 162.450000   19  191 1 1 1  540  840
 31 149.280000 160.320000   19  190 1 1 1  420  660
 32 167.870000 186.100000   19  187 1 1 1  480 1080
 33 159.530000 181.420000   19  187 1 1 1  510  870
 34 144.620000 155.190000   19  184 1 1 1  540 1439
 35 152.830000 153.710000   19  184 1 1 1  600  780
 36 170.110000 186.590000   19  182 1 1 1  600  840
 37 175.270000 182.320000   18  179 1 1 1  300  630
 38 151.910000 139.970000   18  175 1 1 1  240  360
 39 154.170000 163.000000   18  174 1 1 1  540  750
 40 181.000000 157.460000   18  172 1 1 1  420  900
 41 171.130000 185.870000   18  172 1 1 1  540  720
 42 194.180000 175.040000   18  170 1 1 1  600  720
 43 159.980000 153.850000   18  169 1 1 1  540 1020
 44 151.230000 138.430000   18  169 1 1 1  360  720
 45 170.580000 174.020000   18  169 1 1 1  540 1320
 46 148.790000 159.570000   18  167 1 1 1  540 1080
 47 146.520000 154.590000   18  164 1 1 1  540  840
 48 194.180000 175.040000   18  162 1 1 1  540  720
 49 194.180000 175.040000   18  160 1 1 1  840 1020
 50 160.440000 154.000000   18  160 1 1 1  420 1080
 51 175.210000 171.680000   17  157 1 1 1  600  900
 52 159.650000 146.170000   17  157 1 1 1  360 1439
 53 160.200000 168.850000   17  156 1 1 1  480  840
 54 150.540000 156.850000   17  154 1 1 1  420  540
 55 155.310000 168.200000   17  152 1 1 1  480  720
 56 186.080000 168.830000   17  151 1 1 1  420  540
 57 165.750000 158.570000   17  150 1 1 1  540  900
 58 148.130000 158.550000   17  150 1 1 1  300  540
 59 177.320000 167.660000   17  149 1 1 1  480 1080
 60 159.560000 165.500000   17  149 1 1 1  540  900
 61 157.970000 145.530000   17  149 1 1 1  600  840
 62 169.230000 162.120000   17  149 1 1 1  360  660
 63 160.490000 148.190000   17  147 1 1 1  480 1080
 64 160.470000 167.500000   17  147 1 1 1  300  900
 65 149.730000 149.400000   17  147 1 1 1  540  720
 66 175.300000 171.610000   17  146 1 1 1  600  840
 67 154.290000 162.670000   17  145 1 1 1  570  780
 68 172.120000 194.570000   17  144 1 1 1  540 1200
 69 150.960000 162.770000   17  141 1 1 1  480  660
 70 162.680000 147.830000   17  141 1 1 1  420  540
 71 157.500000 152.870000   17  140 1 1 1  420 1080
 72 171.550000 160.660000   17  140 1 1 1  840 1020
 73 149.820000 159.770000   16  136 1 1 1  420  540
 74 177.070000 173.460000   16  134 1 1 1  480 1140
 75 159.650000 146.170000   16  133 1 1 1  540  900
 76 161.930000 148.580000   16  133 1 1 1  420 1080
 77 168.140000 166.900000   16  133 1 1 1  600  900
 78 152.360000 158.990000   16  133 1 1 1  360 1200
 79 152.830000 153.710000   16  133 1 1 1  600  720
 80 161.120000 169.280000   16  132 1 1 1  540  900
 81 172.080000 175.650000   16  130 1 1 1  480  720
 82 149.770000 159.540000   16  130 1 1 1  420 1080
 83 168.630000 164.510000   16  130 1 1 1  360  870
 84 158.130000 151.380000   16  129 1 1 1  420  600
 85 150.590000 156.540000   16  127 1 1 1  240  480
 86 151.610000 157.360000   16  127 1 1 1  450  720
 87 159.700000 147.060000   16  126 1 1 1  420  600
 88 159.570000 146.170000   16  126 1 1 1  540  900
 89 169.980000 172.330000   16  125 1 1 1  540  720
 90 150.590000 156.540000   16  125 1 1 1  510  840
 91 152.720000 148.410000   16  124 1 1 1  480  690
 92 154.590000 160.170000   16  123 1 1 1  540  780
 93 174.710000 169.290000   16  121 1 1 1  420  720
 94 146.100000 157.320000   16  121 1 1 1  480  720
 95 187.820000 161.960000   16  120 1 1 1  480 1320
 96 183.400000 170.650000   15  118 1 1 1  420 1080
 97 149.440000 145.390000   15  118 1 1 1  360  720
 98 185.570000 163.240000   15  118 1 1 1  420 1080
 99 158.500000 158.330000   15  118 1 1 1  600  840
100 171.070000 184.690000   15  118 1 1 1  360  690
101 155.640000 167.730000   15  118 1 1 1  480  720
102 159.650000 146.170000   15  118 1 1 1  480 1080
103 187.850000 162.160000   15  118 1 1 1  600  900
104 171.180000 170.300000   15  117 1 1 1  600 1080
105 159.090000 153.430000   15  116 1 1 1  420 1080
106 163.460000 180.580000   15  116 1 1 1  540 1050
107 170.830000 185.780000   15  116 1 1 1  420  540
108 149.320000 162.540000   15  116 1 1 1    1  720
109 169.710000 199.160000   15  115 1 1 1  600 1320
110 148.790000 159.570000   15  114 1 1 1  360 1200
111 152.410000 164.210000   15  114 1 1 1  420 1320
112 171.100000 163.700000   15  113 1 1 1  420 1080
113 150.540000 156.850000   15  112 1 1 1  600  720
114 172.230000 187.110000   15  111 1 1 1  960 1020
115 149.410000 160.120000   15  111 1 1 1  420 1080
116 151.960000 153.870000   15  110 1 1 1  360  480
117 153.330000 161.730000   15  109 1 1 1  570 1320
118 194.550000 175.260000   15  109 1 1 1  420 1080
119 154.590000 146.200000   15  109 1 1 1  240 1320
120 171.470000 185.770000   15  108 1 1 1  420  660
121 151.100000 160.750000   15  108 1 1 1  360 1080
122 150.580000 161.560000   15  108 1 1 1  480  600
123 147.100000 155.430000   15  107 1 1 1  420  540
124 149.500000 155.520000   15  106 1 1 1  480 1200
125 152.320000 154.730000   15  106 1 1 1  480 1080
126 159.020000 148.060000   15  106 1 1 1  330  480
127 159.710000 147.020000   15  105 1 1 1  360  540
128 187.900000 162.000000   15  105 1 1 1  540 1140
129 169.640000 172.750000   15  105 1 1 1  540  900
130 188.050000 162.060000   15  105 1 1 1  480 1080
131 151.230000 138.430000   15  104 1 1 1  600 1080
132 171.330000 164.510000   15  104 1 1 1  480  720
133 150.620000 156.770000   15  104 1 1 1  360  720
134 149.280000 160.010000   15  104 1 1 1  360  720
135 168.590000 189.690000   15  103 1 1 1  360 1320
136 159.020000 181.550000   15  102 1 1 1  360  600
137 155.330000 168.110000   15  102 1 1 1  240  720
138 175.300000 171.610000   15  102 1 1 1  600 1080
139 187.900000 162.000000   15  100 1 1 1  600 1439
140 150.670000 153.640000   15  100 1 1 1    1 1439
141 149.200000 160.150000   14   99 1 1 1  480  660
142 176.260000 173.190000   14   99 1 1 1  840 1050
143 163.550000 180.500000   14   98 1 1 1  360 1080
144 151.530000 154.490000   14   98 1 1 1  480 1380
145 168.160000 160.830000   14   98 1 1 1  480  840
146 187.900000 162.000000   14   97 1 1 1  600 1320
147 191.320000 184.230000   14   97 1 1 1  420 1080
148 175.900000 189.570000   14   96 1 1 1  480  600
149 158.300000 154.530000   14   96 1 1 1  540  780
150 171.050000 185.560000   14   96 1 1 1  600  720
151 143.930000 158.550000   14   96 1 1 1  540 1080
152 188.320000 161.990000   14   95 1 1 1  480 1080
153 163.790000 185.870000   14   94 1 1 1  420  960
154 187.810000 161.970000   14   94 1 1 1  480 1080
155 157.850000 163.460000   14   94 1 1 1  420 1020
156 160.540000 160.150000   14   93 1 1 1  540  900
157 155.390000 158.580000   14   93 1 1 1  480 1080
158 171.150000 185.540000   14   93 1 1 1  420 1080
159 170.760000 166.500000   14   92 1 1 1  720 1020
160 179.030000 167.590000   14   92 1 1 1  540 1050
161 154.950000 162.400000   14   92 1 1 1  360  840
162 150.230000 160.440000   14   91 1 1 1  540  720
163 149.340000 140.340000   14   91 1 1 1  630  930
164 171.640000 170.330000   14   91 1 1 1  480  840
165 162.610000 147.910000   14   91 1 1 1  420 1080
166 193.890000 175.000000   14   90 1 1 1  540  900
167 149.870000 144.140000   14   90 1 1 1  180  810
168 193.890000 175.000000   14   90 1 1 1  600  900
169 151.330000 153.630000   14   89 1 1 1  300  420
170 160.100000 148.740000   14   89 1 1 1  360 1200
171 144.530000 156.580000   14   89 1 1 1  540  840
172 144.880000 166.610000   14   89 1 1 1  540  960
173 171.600000 194.230000   14   88 1 1 1  960 1320
174 161.910000 161.840000   14   87 1 1 1  300 1080
175 164.320000 180.640000   14   87 1 1 1  480 1080
176 171.380000 185.880000   14   87 1 1 1  540  660
177 173.990000 187.310000   14   87 1 1 1  420 1320
178 153.200000 163.680000   14   86 1 1 1  480  720
179 169.670000 172.700000   14   86 1 1 1  480  720
180 193.830000 175.660000   14   86 1 1 1  600  900
181 151.370000 161.020000   14   86 1 1 1  480  720
182 156.970000 161.140000   14   85 1 1 1  480 1380
183 159.340000 169.870000   14   85 1 1 1    1  780
184 149.920000 160.180000   14   85 1 1 1  480 1080
185 182.720000 171.000000   14   84 1 1 1  480 1080
186 172.120000 186.780000   14   83 1 1 1  480 1080
187 154.810000 185.160000   14   83 1 1 1  300  660
188 174.660000 167.600000   14   82 1 1 1  600 1020
189 158.870000 164.740000   14   82 1 1 1  390  960
190 161.560000 168.870000   14   82 1 1 1  360  960
191 151.640000 163.160000   14   82 1 1 1  420  660
192 149.320000 162.540000   14   81 1 1 1  360 1320
193 150.350000 159.740000   14   81 1 1 1  390  720
194 170.580000 174.020000   14   81 1 1 1  360 1439
195 165.520000 173.790000   14   80 1 1 1  540 1080
196 192.030000 156.250000   14   80 1 1 1  420 1080
197 159.740000 147.020000   14   80 1 1 1  360  660
198 165.750000 158.570000   13   79 1 1 1  480 1080
199 150.530000 156.760000   13   79 1 1 1  390  630
200 171.140000 169.850000   13   79 1 1 1  420  840
201 162.030000 148.860000   13   79 1 1 1  480  690
202 170.760000 166.500000   13   79 1 1 1  600  780
203 154.780000 148.950000   13   78 1 1 1  420  780
204 154.290000 162.670000   13   78 1 1 1  600  780
205 153.900000 168.300000   13   78 1 1 1  360  540
206 153.620000 180.350000   13   78 1 1 1  300  720
207 158.540000 146.550000   13   78 1 1 1  480  780
208 159.580000 168.800000   13   78 1 1 1  540  780
209 150.550000 156.860000   13   77 1 1 1  540  900
210 161.040000 148.390000   13   76 1 1 1  540  900
211 149.150000 160.270000   13   75 1 1 1  360  810
212 161.870000 146.840000   13   75 1 1 1  480 1080
213 150.080000 146.180000   13   75 1 1 1  420  960
214 169.980000 172.330000   13   75 1 1 1  480 1200
215 170.110000 186.590000   13   75 1 1 1  540  720
216 151.080000 154.410000   13   75 1 1 1  420 1080
217 166.980000 161.090000   13   75 1 1 1  390  600
218 152.050000 156.300000   13   74 1 1 1  720 1080
219 160.100000 148.740000   13   74 1 1 1  240  720
220 151.820000 155.410000   13   74 1 1 1  480 1080
221 171.440000 191.440000   13   74 1 1 1  360 1200
222 175.440000 192.910000   13   74 1 1 1  480  870
223 150.260000 138.160000   13   74 1 1 1  540  840
224 162.630000 147.810000   13   73 1 1 1  480  780
225 169.980000 172.330000   13   73 1 1 1  540  960
226 182.720000 171.000000   13   73 1 1 1  300  420
227 171.180000 170.300000   13   73 1 1 1  420 1080
228 149.500000 155.520000   13   73 1 1 1  360  720
229 175.880000 189.880000   13   73 1 1 1  540  720
230 174.590000 194.290000   13   73 1 1 1  420 1080
231 160.540000 160.150000   13   72 1 1 1  480 1080
232 153.620000 180.350000   13   72 1 1 1  360  720
233 154.780000 148.950000   13   72 1 1 1  480 1080
234 165.350000 167.030000   13   72 1 1 1  540  780
235 156.730000 141.350000   13   72 1 1 1  480 1080
236 169.930000 184.750000   13   72 1 1 1  900 1140
237 171.180000 170.300000   13   72 1 1 1  420 1080
238 150.540000 156.850000   13   72 1 1 1  480 1080
239 172.030000 175.580000   13   71 1 1 1  360  720
240 175.200000 171.730000   13   71 1 1 1  600  840
241 167.680000 171.100000   13   71 1 1 1  420  960
242 151.510000 154.550000   13   71 1 1 1  360  780
243 149.400000 159.920000   13   70 1 1 1  420  690
244 168.360000 165.880000   13   70 1 1 1  630  870
245 162.090000 160.650000   13   70 1 1 1  360 1080
246 160.770000 147.250000   13   69 1 1 1  360 1439
247 156.920000 145.960000   13   69 1 1 1  480 1200
248 154.590000 176.050000   13   69 1 1 1  180  720
249 149.130000 141.570000   13   69 1 1 1  480 1080
250 169.800000 172.800000   13   69 1 1 1  480  720
251 159.070000 169.750000   13   69 1 1 1  600  840
252 155.900000 145.980000   13   68 1 1 1  540 1080
253 151.690000 154.250000   13   68 1 1 1  540  720
254 170.840000 165.210000   13   68 1 1 1  480 1080
255 154.640000 158.340000   13   68 1 1 1  540 1320
256 169.230000 162.120000   13   68 1 1 1  360  600
257 161.420000 152.690000   13   67 1 1 1  480  720
258 149.920000 156.060000   13   67 1 1 1  390  630
259 187.830000 161.840000   13   67 1 1 1  420 1080
260 168.620000 159.120000   13   66 1 1 1  540  720
261 158.230000 153.250000   13   66 1 1 1  420 1080
262 161.910000 170.980000   13   66 1 1 1  840 1080
263 154.310000 163.040000   13   66 1 1 1  480 1080
264 160.770000 147.250000   13   66 1 1 1  600 1380
265 182.190000 154.770000   13   65 1 1 1  720 1080
266 147.360000 159.370000   13   65 1 1 1  420 1080
267 167.880000 172.840000   13   65 1 1 1  420  900
268 170.180000 172.920000   13   64 1 1 1  420  780
269 152.150000 162.000000   13   64 1 1 1  660 1020
270 150.110000 173.870000   13   64 1 1 1  480 1080
271 163.080000 169.350000   13   64 1 1 1  480 1080
272 165.580000 162.460000   13   64 1 1 1  360  600
273 172.420000 183.200000   13   63 1 1 1  480 1080
274 156.870000 144.820000   13   63 1 1 1  240  840
275 151.230000 154.810000   13   63 1 1 1  540  840
276 170.490000 173.680000   13   63 1 1 1  480 1080
277 151.780000 154.240000   13   63 1 1 1  420 1080
278 167.540000 198.850000   13   63 1 1 1  660 1320
279 149.410000 160.120000   13   63 1 1 1  420 1080
280 148.130000 158.550000   13   62 1 1 1  420  720
281 169.820000 172.600000   13   62 1 1 1  600  960
282 171.380000 185.880000   13   62 1 1 1  540  720
283 159.720000 146.970000   13   62 1 1 1  480  960
284 170.470000 185.680000   13   62 1 1 1    1  720
285 171.100000 163.700000   13   62 1 1 1  420 1080
286 178.790000 157.630000   13   62 1 1 1  420 1080
287 149.000000 161.510000   13   62 1 1 1  420  870
288 191.460000 194.500000   13   62 1 1 1  480 1080
289 150.310000 137.880000   13   61 1 1 1  480 1080
290 146.980000 155.440000   13   61 1 1 1  300 1080
291 149.570000 138.590000   13   61 1 1 1  600  900
292 150.540000 169.450000   13   61 1 1 1  480  720
293 161.870000 146.840000   13   61 1 1 1  360  540
294 154.170000 163.000000   13   61 1 1 1  540  750
295 149.410000 160.120000   13   61 1 1 1  420 1080
296 171.310000 185.730000   13   61 1 1 1  480  720
297 193.850000 175.600000   13   60 1 1 1  840 1080
298 195.820000 193.370000   13   60 1 1 1  540  900
299 150.160000 156.700000   13   60 1 1 1  540  780
300 151.200000 154.620000   13   60 1 1 1  420  600
301 172.640000 178.560000   13   60 1 1 1  420 1080
302 144.660000 155.800000   12   59 1 1 1  480 1080
303 152.130000 159.710000   12   59 1 1 1  420 1080
304 163.250000 170.010000   12   59 1 1 1  420  720
305 169.750000 172.780000   12   58 1 1 1  420 1080
306 156.640000 170.980000   12   58 1 1 1  480  720
307 154.780000 148.950000   12   58 1 1 1  420  780
308 176.220000 190.990000   12   58 1 1 1  660  840
309 162.810000 170.680000   12   58 1 1 1  480 1080
310 150.570000 156.900000   12   58 1 1 1  420  660
311 149.200000 160.150000   12   58 1 1 1  480 1080
312 150.160000 156.700000   12   58 1 1 1  540  720
313 171.370000 185.800000   12   58 1 1 1  480  690
314 149.150000 160.270000   12   57 1 1 1  480 1080
315 150.670000 153.640000   12   57 1 1 1  240 1080
316 151.230000 138.430000   12   56 1 1 1  480  720
317 152.650000 152.690000   12   56 1 1 1  420 1080
318 171.380000 185.880000   12   56 1 1 1  480  720
319 151.740000 157.530000   12   56 1 1 1  420  720
320 151.390000 156.950000   12   56 1 1 1  420 1080
321 146.760000 165.380000   12   56 1 1 1  420 1080
322 194.840000 175.060000   12   56 1 1 1  480 1080
323 151.330000 153.630000   12   56 1 1 1  420 1080
324 154.780000 151.100000   12   56 1 1 1  390 1080
325 156.850000 144.840000   12   56 1 1 1  420 1080
326 158.960000 146.150000   12   55 1 1 1  570 1260
327 157.620000 157.400000   12   55 1 1 1  540  900
328 191.390000 154.400000   12   55 1 1 1  420 1080
329 192.050000 156.270000   12   55 1 1 1  480 1380
330 175.110000 174.480000   12   55 1 1 1  720 1080
331 156.850000 144.840000   12   55 1 1 1  420 1080
332 169.830000 169.910000   12   55 1 1 1  420 1080
333 167.430000 172.250000   12   54 1 1 1  540 1380
334 157.510000 146.260000   12   54 1 1 1  660  900
335 158.220000 159.100000   12   54 1 1 1  420  720
336 151.780000 154.240000   12   54 1 1 1  420 1080
337 154.340000 156.600000   12   54 1 1 1  420 1080
338 175.440000 192.910000   12   53 1 1 1  480 1080
339 150.550000 156.860000   12   53 1 1 1  510  690
340 171.150000 185.540000   12   53 1 1 1  540  720
341 151.390000 159.960000   12   53 1 1 1  410  630
342 160.500000 157.860000   12   53 1 1 1  540 1020
343 178.220000 157.530000   12   52 1 1 1  360 1320
344 176.850000 156.700000   12   52 1 1 1  540 1380
345 159.650000 146.170000   12   52 1 1 1  420 1080
346 162.030000 148.860000   12   52 1 1 1  450 1080
347 150.440000 156.500000   12   52 1 1 1  540  720
348 151.350000 159.780000   12   52 1 1 1  255  435
349 171.990000 194.100000   12   52 1 1 1  360  960
350 194.500000 175.210000   12   52 1 1 1  840 1080
351 171.570000 165.550000   12   52 1 1 1  540  720
352 194.740000 195.860000   12   51 1 1 1  480 1080
353 194.840000 175.060000   12   51 1 1 1  840 1140
354 155.540000 151.540000   12   51 1 1 1  480 1080
355 171.470000 185.770000   12   51 1 1 1  480  720
356 160.280000 168.380000   12   50 1 1 1  360  960
357 152.070000 150.350000   12   50 1 1 1  660  780
358 154.870000 168.230000   12   50 1 1 1  330  720
359 155.300000 168.150000   12   50 1 1 1  420  660
360 187.140000 161.840000   12   50 1 1 1  420 1080
361 171.450000 172.750000   12   50 1 1 1  420 1080
362 151.540000 147.990000   12   49 1 1 1  540  900
363 147.300000 166.180000   12   49 1 1 1  420 1080
364 159.700000 147.000000   12   49 1 1 1  540 1080
365 170.760000 166.500000   12   49 1 1 1  480 1080
366 162.730000 149.650000   12   49 1 1 1  480 1080
367 151.250000 154.590000   12   49 1 1 1  480  780
368 170.850000 185.710000   12   49 1 1 1  600  660
369 150.350000 138.070000   12   49 1 1 1  480 1080
370 171.900000 194.450000   12   49 1 1 1  600 1200
371 152.660000 151.310000   12   49 1 1 1  540  840
372 184.180000 158.460000   12   49 1 1 1  540 1320
373 152.090000 167.880000   12   48 1 1 1  360  600
374 163.550000 180.500000   12   48 1 1 1  420  720
375 160.780000 174.300000   12   48 1 1 1  420 1080
376 163.390000 158.360000   12   48 1 1 1  420  840
377 170.420000 160.980000   12   48 1 1 1  480 1080
378 156.910000 140.840000   12   48 1 1 1  300 1080
379 163.550000 180.500000   12   48 1 1 1  360  660
380 172.200000 158.460000   12   48 1 1 1  420 1080
381 171.310000 185.900000   12   48 1 1 1  600  720
382 178.790000 157.630000   12   48 1 1 1  360 1320
383 145.250000 158.770000   12   48 1 1 1  540  840
384 159.970000 166.850000   12   47 1 1 1  420  720
385 162.620000 147.290000   12   47 1 1 1    1 1439
386 162.030000 148.860000   12   47 1 1 1  450  690
387 169.750000 172.780000   12   47 1 1 1    0  720
388 160.630000 160.810000   12   47 1 1 1  260  420
389 148.150000 141.300000   12   47 1 1 1  660  900
390 150.630000 156.890000   12   47 1 1 1  540  720
391 161.400000 148.330000   12   46 1 1 1  540 1200
392 161.340000 172.210000   12   46 1 1 1  420 1080
393 155.480000 144.120000   12   46 1 1 1  540 1320
394 174.190000 163.710000   12   46 1 1 1  480 1080
395 152.330000 152.390000   12   46 1 1 1  330  510
396 169.640000 172.750000   12   45 1 1 1  480 1080
397 158.120000 148.150000   12   45 1 1 1  510 1140
398 164.640000 152.780000   12   45 1 1 1  660  840
399 150.550000 156.860000   12   45 1 1 1  420 1080
400 175.820000 189.580000   12   45 1 1 1  360  660
401 157.700000 155.630000   12   45 1 1 1  600  960
402 151.560000 152.530000   12   45 1 1 1  360  780
403 153.880000 149.850000   12   45 1 1 1  360 1380
404 174.590000 194.290000   12   45 1 1 1  840 1439
405 166.450000 160.160000   12   45 1 1 1  480  780
406 174.080000 157.130000   12   45 1 1 1  480 1140
407 151.130000 162.600000   12   45 1 1 1  420 1080
408 152.650000 152.690000   12   44 1 1 1  420 1200
409 150.620000 156.770000   12   44 1 1 1  480 1080
410 168.970000 194.710000   12   44 1 1 1  480 1080
411 192.030000 156.250000   12   44 1 1 1  420 1080
412 156.970000 150.110000   12   44 1 1 1  480 1080
413 151.560000 152.530000   12   44 1 1 1  360  705
414 167.470000 169.650000   12   44 1 1 1  720 1020
415 157.470000 164.130000   12   43 1 1 1  420 1080
416 159.340000 168.090000   12   43 1 1 1  360  600
417 170.830000 185.780000   12   43 1 1 1  360  600
418 164.880000 151.440000   12   43 1 1 1  600  780
419 162.660000 146.930000   12   43 1 1 1  480  750
420 171.420000 186.260000   12   43 1 1 1  780  960
421 153.240000 161.000000   12   43 1 1 1  420 1080
422 187.900000 162.000000   12   43 1 1 1  420 1080
423 172.320000 170.660000   12   43 1 1 1  360 1080
424 150.910000 156.040000   12   43 1 1 1  390  600
425 156.440000 172.150000   12   43 1 1 1  540  780
426 172.010000 192.920000   12   43 1 1 1  480 1080
427 157.800000 150.680000   12   42 1 1 1  480 1080
428 156.920000 145.960000   12   42 1 1 1  360 1080
429 161.930000 148.580000   12   42 1 1 1  450  720
430 169.880000 183.530000   12   42 1 1 1  600 1080
431 171.180000 170.300000   12   42 1 1 1  480  870
432 148.570000 162.000000   12   42 1 1 1  480 1080
433 145.430000 155.020000   12   42 1 1 1  480 1080
434 171.310000 185.740000   12   42 1 1 1  600  960
435 161.870000 146.840000   12   42 1 1 1  420 1080
436 151.700000 150.860000   12   42 1 1 1  540  660
437 151.780000 154.240000   12   42 1 1 1  420 1080
438 151.090000 150.120000   12   42 1 1 1  570  840
439 149.430000 160.160000   12   41 1 1 1  480  780
440 185.540000 156.830000   12   41 1 1 1  420 1080
441 169.640000 172.750000   12   41 1 1 1  540 1320
442 150.540000 156.850000   12   41 1 1 1  420 1080
443 148.120000 164.550000   12   41 1 1 1  540 1080
444 198.200000 183.080000   12   41 1 1 1  540 1320
445 156.640000 170.980000   12   41 1 1 1  360  720
446 177.750000 193.340000   12   41 1 1 1  480 1080
447 151.590000 157.370000   12   41 1 1 1  420  720
448 155.150000 167.810000   12   40 1 1 1  480 1080
449 168.650000 176.580000   12   40 1 1 1  600 1260
450 162.090000 160.650000   12   40 1 1 1  360 1080
451 169.800000 172.800000   12   40 1 1 1  540  720
452 156.430000 168.430000   12   40 1 1 1  540  660
453 170.690000 187.780000   12   40 1 1 1  600  780
454 163.450000 180.570000   12   40 1 1 1  300  540
455 150.780000 161.940000   12   40 1 1 1  480 1080
456 175.930000 165.590000   12   40 1 1 1  510  840
457 151.310000 157.390000   12   40 1 1 1  420 1080
458 159.500000 181.350000   12   40 1 1 1  420 1080
459 175.540000 173.470000   12   40 1 1 1  600 1020
460 148.040000 163.150000   12   40 1 1 1  480 1080
461 154.210000 163.660000   11   39 1 1 1  360 1080
462 151.230000 138.430000   11   39 1 1 1  480 1080
463 170.580000 174.020000   11   39 1 1 1  600 1320
464 151.000000 157.140000   11   39 1 1 1  420 1080
465 151.530000 154.490000   11   39 1 1 1  600  720
466 152.050000 156.070000   11   39 1 1 1  420 1080
467 148.410000 139.320000   11   39 1 1 1  600  780
468 149.730000 149.400000   11   39 1 1 1  540 1439
469 158.100000 146.480000   11   39 1 1 1  600  720
470 161.420000 152.690000   11   39 1 1 1  480  720
471 176.160000 193.010000   11   39 1 1 1  780  960
472 158.520000 146.040000   11   39 1 1 1  720  900
473 171.170000 162.180000   11   39 1 1 1  840 1200
474 170.830000 185.780000   11   38 1 1 1  480 1080
475 161.210000 159.210000   11   38 1 1 1  480 1080
476 151.310000 159.210000   11   38 1 1 1  330 1080
477 158.400000 166.070000   11   38 1 1 1  360 1080
478 152.630000 155.020000   11   37 1 1 1  480 1080
479 152.690000 139.640000   11   37 1 1 1  300 1080
480 150.570000 156.900000   11   37 1 1 1  420 1080
481 155.080000 144.800000   11   37 1 1 1  480 1320
482 152.160000 155.360000   11   37 1 1 1  420 1080
483 146.760000 152.090000   11   36 1 1 1  420 1080
484 147.940000 161.310000   11   36 1 1 1  480 1080
485 166.090000 171.870000   11   36 1 1 1  420 1080
486 152.070000 150.350000   11   36 1 1 1  480 1080
487 194.740000 195.860000   11   36 1 1 1  360 1439
488 150.490000 140.760000   11   36 1 1 1  300 1320
489 157.120000 146.150000   11   35 1 1 1  480  600
490 161.120000 169.280000   11   35 1 1 1  360 1080
491 163.680000 198.120000   11   35 1 1 1  540  660
492 194.530000 198.020000   11   35 1 1 1  360 1320
493 151.680000 156.130000   11   35 1 1 1  480 1080
494 194.120000 186.410000   11   34 1 1 1  780  960
495 151.540000 147.990000   11   34 1 1 1  480 1290
496 148.000000 144.280000   11   34 1 1 1  780 1320
497 153.490000 172.060000   11   34 1 1 1  420  900
498 167.110000 186.200000   11   34 1 1 1  480  720
499 162.370000 147.230000   11   34 1 1 1  360  480
500 198.530000 191.430000   11   33 1 1 1  480 1080
501 162.030000 148.860000   11   33 1 1 1  420 1080
502 144.580000 155.210000   11   33 1 1 1  660  900
503 169.830000 195.260000   11   33 1 1 1  480 1200
504 164.080000 171.750000   11   33 1 1 1  420 1080
505 145.030000 154.750000   11   33 1 1 1  480 1080
506 151.330000 154.190000   11   33 1 1 1  420 1080
507 151.330000 153.630000   11   32 1 1 1  480 1080
508 150.540000 156.850000   11   32 1 1 1  420  660
509 164.050000 171.780000   11   32 1 1 1  900 1080
510 157.510000 146.260000   11   32 1 1 1  480 1080
511 150.540000 169.450000   11   32 1 1 1  300  720
512 175.110000 174.480000   11   32 1 1 1  600 1020
513 191.460000 156.870000   11   32 1 1 1  780 1080
514 160.850000 166.400000   11   32 1 1 1  600  840
515 155.300000 168.150000   11   32 1 1 1  450  900
516 150.540000 156.850000   11   32 1 1 1  540  840
517 156.130000 161.860000   11   32 1 1 1  440  570
518 157.120000 146.150000   11   32 1 1 1  630  780
519 161.560000 168.890000   11   31 1 1 1  360  930
520 156.100000 150.070000   11   31 1 1 1  720 1080
521 150.900000 153.400000   11   31 1 1 1  420 1080
522 167.740000 166.660000   11   31 1 1 1  600  840
523 163.070000 148.910000   11   31 1 1 1  420  750
524 154.300000 171.420000   11   30 1 1 1  480  900
525 155.680000 140.180000   11   30 1 1 1  420 1080
526 161.420000 152.690000   11   30 1 1 1  540  720
527 150.490000 157.400000   11   30 1 1 1  480 1140
528 162.350000 169.700000   11   30 1 1 1  480 1080
529 170.420000 160.980000   11   29 1 1 1  840 1140
530 148.600000 139.070000   11   29 1 1 1  660  840
531 145.080000 160.160000   11   29 1 1 1  420  840
532 156.970000 150.110000   11   29 1 1 1  480  780
533 192.340000 156.230000   11   29 1 1 1  420 1080
534 154.020000 151.390000   11   29 1 1 1  480 1080
535 150.900000 156.510000   11   29 1 1 1  420 1080
536 171.710000 186.830000   11   29 1 1 1  540  900
537 171.990000 194.100000   11   28 1 1 1  420 1080
538 150.540000 169.450000   11   28 1 1 1    1 1439
539 147.020000 155.410000   11   28 1 1 1  300  540
540 149.730000 149.400000   11   28 1 1 1  540 1380
541 162.630000 147.830000   11   28 1 1 1  480 1080
542 171.290000 186.130000   11   28 1 1 1  600  660
543 150.320000 137.940000   11   28 1 1 1  540  840
544 161.470000 179.870000   11   27 1 1 1  330  690
545 150.540000 156.850000   11   27 1 1 1  360 1080
546 194.330000 196.600000   11   27 1 1 1  420 1080
547 151.790000 154.810000   11   27 1 1 1  420 1080
548 155.510000 155.690000   11   27 1 1 1  840 1140
549 152.620000 156.820000   11   27 1 1 1  420 1080
550 149.630000 159.140000   11   26 1 1 1  360 1020
551 148.420000 138.960000   11   26 1 1 1  540  840
552 162.750000 146.720000   11   26 1 1 1  420 1080
553 145.250000 158.770000   11   26 1 1 1  540 1080
554 159.390000 171.380000   11   25 1 1 1  360  900
555 150.620000 156.770000   11   25 1 1 1  240 1080
556 151.480000 139.220000   11   25 1 1 1  420 1080
557 149.000000 161.510000   11   24 1 1 1  480 1080
558 146.400000 166.820000   11   24 1 1 1  600  990
559 194.840000 175.060000   11   24 1 1 1  480 1080
560 144.620000 155.190000   11   24 1 1 1  570  630
561 160.770000 147.250000   11   24 1 1 1  420  720
562 148.540000 156.090000   11   24 1 1 1  420 1080
563 147.370000 161.220000   11   24 1 1 1  420 1080
564 175.040000 154.330000   11   24 1 1 1  360 1439
565 149.380000 148.790000   11   24 1 1 1  540 1320
566 194.840000 175.060000   11   23 1 1 1  840 1080
567 158.140000 143.410000   11   23 1 1 1  480 1080
568 148.020000 144.400000   11   23 1 1 1  375  930
569 151.490000 154.540000   11   23 1 1 1  420 1080
570 149.280000 160.320000   11   23 1 1 1  420 1080
571 162.560000 147.720000   11   23 1 1 1  300 1080
572 193.550000 195.610000   11   23 1 1 1  420 1080
573 174.050000 152.230000   11   23 1 1 1  420 1380
574 151.150000 170.930000   11   22 1 1 1  300  720
575 150.600000 137.180000   11   22 1 1 1  420  660
576 150.870000 155.890000   11   22 1 1 1  300  690
577 156.910000 140.840000   11   22 1 1 1  600  990
578 150.760000 165.040000   11   22 1 1 1  450  870
579 151.690000 154.250000   11   21 1 1 1  420  600
580 162.630000 147.810000   11   21 1 1 1  420 1080
581 151.810000 160.430000   11   21 1 1 1  240  840
582 170.580000 174.020000   11   21 1 1 1  420 1080
583 146.760000 165.380000   11   21 1 1 1  540  900
584 151.710000 174.970000   11   21 1 1 1  360  780
585 162.030000 148.860000   11   21 1 1 1  450 1080
586 148.150000 138.210000   11   20 1 1 1  420 1080
587 156.700000 145.640000   11   20 1 1 1  300  660
588 151.560000 152.530000   11   20 1 1 1  480 1080
589 148.020000 160.980000   11   20 1 1 1  420 1080
590 180.000000 167.000000   11   20 1 1 1  480 1080
591 150.900000 153.400000   11   20 1 1 1  420 1080
592 152.830000 153.710000   10   19 1 1 1  480 1080
593 150.500000 142.610000   10   19 1 1 1  480 1080
594 153.620000 174.440000   10   19 1 1 1  360 1080
595 157.020000 164.220000   10   18 1 1 1  360 1020
596 196.890000 192.760000   10   18 1 1 1  420 1080
597 151.330000 153.630000   10   18 1 1 1  420 1080
598 150.000000 143.390000   10   18 1 1 1  420 1080
599 144.620000 155.190000   10   18 1 1 1  480 1080
600 151.560000 152.530000   10   18 1 1 1  480 1080
601 162.630000 147.830000   10   18 1 1 1  540  690
602 158.370000 146.580000   10   17 1 1 1  480 1080
603 153.610000 163.340000   10   17 1 1 1  420 1080
604 159.650000 146.170000   10   17 1 1 1  420 1080
605 145.030000 154.750000   10   17 1 1 1  390  540
606 151.990000 153.850000   10   17 1 1 1  420 1080
607 144.620000 155.190000   10   17 1 1 1  540  720
608 175.300000 171.610000   10   17 1 1 1  420 1080
609 154.960000 149.810000   10   17 1 1 1  480 1080
610 161.540000 168.790000   10   17 1 1 1  420 1080
611 152.830000 153.710000   10   17 1 1 1  480  780
612 193.340000 174.400000   10   16 1 1 1  480 1080
613 168.180000 160.840000   10   16 1 1 1  420  660
614 159.070000 163.830000   10   16 1 1 1  420 1080
615 176.040000 189.470000   10   16 1 1 1  480 1080
616 162.790000 152.290000   10   16 1 1 1  600  840
617 149.890000 156.880000   10   16 1 1 1  420  600
618 188.670000 156.080000   10   15 1 1 1  480 1080
619 157.270000 158.780000   10   15 1 1 1  420  720
620 150.620000 156.770000   10   15 1 1 1  420 1080
621 171.460000 186.870000   10   15 1 1 1  300  780
622 157.740000 146.310000   10   15 1 1 1  480  750
623 169.730000 172.740000   10   15 1 1 1  480  900
624 162.320000 166.570000   10   15 1 1 1  480  660
625 150.670000 153.640000   10   15 1 1 1  420 1080
626 147.940000 161.310000   10   14 1 1 1  420  900
627 162.560000 147.720000   10   14 1 1 1  420 1080
628 150.890000 154.700000   10   14 1 1 1  420 1080
629 172.080000 175.650000   10   14 1 1 1  360  720
630 165.810000 160.530000   10   13 1 1 1  420 1080
631 152.930000 161.280000   10   13 1 1 1  390 1080
632 174.080000 157.130000   10   13 1 1 1  450 1200
633 151.080000 154.410000   10   13 1 1 1  420 1080
634 146.640000 153.960000   10   13 1 1 1  540 1080
635 154.690000 137.660000   10   12 1 1 1  360  660
636 181.000000 157.460000   10   12 1 1 1  600 1080
637 164.770000 164.880000   10   11 1 1 1  480 1080
638 151.480000 154.480000   10   11 1 1 1  420 1080
639 192.360000 196.150000   10   11 1 1 1  600 1320
640 151.510000 154.550000   10   11 1 1 1  420 1080
641 153.770000 149.300000   10   11 1 1 1  420 1080
642 162.660000 147.800000   10   10 1 1 1  480 1080
643 149.560000 156.860000   10   10 1 1 1  420 1080
644 149.330000 157.660000   10    9 1 1 1  420 1080
645 151.480000 154.500000   10    9 1 1 1  420 1080
646 176.220000 190.990000   10    9 1 1 1  480 1080
647 153.820000 164.380000   10    9 1 1 1  420  840
648 150.620000 156.770000   10    8 1 1 1  420 1080
649 153.160000 151.180000   10    8 1 1 1  420 1080
650 163.000000 199.780000   10    8 1 1 1  480 1080
651 150.550000 156.860000   10    8 1 1 1  540  720
652 154.290000 162.670000   10    7 1 1 1  480 1080
653 155.780000 167.960000   10    7 1 1 1  480 1080
654 145.030000 154.750000   10    6 1 1 1  480 1080
655 151.330000 153.630000   10    5 1 1 1  420 1080
656 150.900000 153.400000   10    5 1 1 1  420 1080
657 157.120000 146.150000   10    5 1 1 1  480 1080
658 169.950000 171.430000   10    5 1 1 1  420 1080
659 151.490000 154.540000   10    5 1 1 1  420 1080
660 162.350000 169.700000   10    4 1 1 1  480 1080
661 151.490000 154.540000   10    4 1 1 1  480 1080
662 146.980000 155.440000   10    4 1 1 1  360  480
663 150.530000 156.760000   10    3 1 1 1  420 1080
664 151.530000 154.490000   10    3 1 1 1  420 1080
665 162.370000 147.230000   10    2 1 1 1  330  600
666 179.380000 155.630000   10    2 1 1 1  420 1080
667 151.530000 152.990000   10    2 1 1 1  420 1080
668 147.370000 161.220000   10    1 1 1 1  540  840
669 150.900000 153.400000   10    0 1 1 1  420 1080
670 168.360000 165.880000   10    0 1 1 1  420 1080
671 163.560000 166.030000   10    0 1 1 1  480  660
672 149.320000 160.090000   10    0 1 1 1  360  720
673 151.780000 154.240000   10    0 1 1 1  420 1080
674 171.870000 186.420000   13   62 1 1 1  420  480
675 171.310000 185.730000   10   14 1 1 1  450  660
676 169.750000 172.780000   23  260 1 1 1  420  600
677 168.160000 160.830000   16  121 1 1 1  405  780
678 144.620000 155.190000   12   59 1 1 1  420  720
679 146.890000 159.880000   13   62 1 1 1  480  600
680 162.550000 147.710000   24  288 1 1 1  360  600
681 150.540000 156.850000   45  709 1 1 1  420  540
682 163.070000 143.860000   23  272 1 1 1  360  600
683 163.070000 143.860000   17  141 1 1 1  300  600
684 155.460000 159.970000   14   83 1 1 1  420  780
685 175.820000 189.580000   20  209 1 1 1  420 1080
686 155.230000 175.750000   16  120 1 1 1  180  660
687 158.260000 179.250000   10    3 1 1 1  540  780
688 149.810000 156.800000   14   86 1 1 1  360  960
689 151.530000 154.490000   24  297 1 1 1  420  600
690 149.330000 160.040000   31  433 1 1 1  450  540
691 149.410000 160.120000   30  410 1 1 1  435  600
692 150.540000 156.850000   54  897 1 1 1  420  600
693 171.990000 194.100000   14   94 1 1 1  390  870
694 175.750000 189.280000   16  134 1 1 1  510  720
695 176.220000 190.990000   17  156 1 1 1  720  900
696 163.550000 180.500000   10   15 1 1 1    1 1439
697 163.610000 180.620000   52  840 1 1 1  360  480
698 163.450000 180.710000   16  135 1 1 1  480  900
699 163.610000 180.620000   17  155 1 1 1  420  720
700 171.470000 185.770000   18  164 1 1 1  510  660
701 171.380000 185.880000   24  294 1 1 1  480  900
702 188.220000 185.600000   12   44 1 1 1  720 1020
703 169.640000 172.710000   14   99 1 1 1    0 1080
704 169.750000 172.780000   14   91 1 1 1  360  720
705 169.800000 172.800000   25  309 1 1 1  720  840
706 169.750000 172.780000   14   83 1 1 1  540  900
707 169.640000 172.710000   15  100 1 1 1  480  720
708 171.100000 163.610000   13   71 1 1 1  420  600
709 177.090000 173.210000   12   46 1 1 1  840 1020
710 193.870000 174.970000   42  648 1 1 1  600  840
711 169.670000 173.660000   17  153 1 1 1  480 1380
712 153.040000 154.070000   19  183 1 1 1  420  690
713 154.180000 155.740000   13   64 1 1 1  420  840
714 161.540000 168.790000   15  113 1 1 1  480  900
715 161.120000 169.280000   12   49 1 1 1   60  840
716 162.350000 169.670000   15  100 1 1 1  630  840
717 163.080000 169.350000   13   73 1 1 1  360  720
718 168.250000 160.890000   18  164 1 1 1  480  660
719 169.030000 158.720000   10   14 1 1 1  420  660
720 172.320000 159.950000   15  119 1 1 1  600  960
721 161.210000 159.210000   13   78 1 1 1  420  720
722 160.250000 156.460000   14   82 1 1 1  300  840
723 162.550000 147.710000   19  181 1 1 1  420  660
724 159.070000 163.830000   18  175 1 1 1  600  990
725 160.780000 174.300000   15  114 1 1 1  360 1380
726 153.590000 174.350000   17  143 1 1 1  390  870
727 154.300000 171.420000   13   74 1 1 1  600  840
728 151.800000 160.460000   11   29 1 1 1  360  480
729 154.000000 156.860000   18  168 1 1 1  480 1320
730 149.890000 156.880000   18  164 1 1 1  360  660
731 159.660000 152.030000   23  262 1 1 1  600  780
732 159.980000 153.850000   15  103 1 1 1  720  960
733 169.330000 172.060000   14   99 1 1 1  360  720
734 169.670000 173.660000   12   41 1 1 1  480  900
735 149.280000 160.010000   18  167 1 1 1  360  480
736 169.670000 173.660000   11   29 1 1 1  360  840
737 157.740000 146.310000   14   97 1 1 1  420  720
738 157.740000 146.310000   14   88 1 1 1  510  660
739 146.030000 140.800000   27  349 1 1 1  840 1380
740 172.080000 175.650000   19  181 1 1 1  330  840
741 148.410000 139.320000   13   64 1 1 1  600  780
742 159.700000 147.060000   27  346 1 1 1  420  600
743 159.710000 147.020000   11   31 1 1 1  420  600
744 159.710000 147.020000   47  743 1 1 1  480  660
745 151.090000 141.090000   13   64 1 1 1  240 1380
746 150.170000 138.090000   13   63 1 1 1  600  780
747 149.280000 138.170000   13   75 1 1 1  480  840
748 162.730000 147.840000   20  213 1 1 1  420  690
749 150.590000 156.540000   15  106 1 1 1   90  573
750 152.070000 150.350000   13   69 1 1 1  600  780
751 155.900000 145.980000   21  224 1 1 1  420  600
752 155.900000 145.980000   15  102 1 1 1  420 1080
753 159.650000 146.170000   10   17 1 1 1  480  720
754 159.650000 146.170000   27  341 1 1 1  540 1140
755 151.690000 157.880000   16  122 1 1 1  240  570
756 158.220000 159.100000   12   51 1 1 1  480  820
757 162.610000 147.910000   15  108 1 1 1  420  570
758 151.450000 157.420000   21  226 1 1 1  480  660
759 151.450000 157.420000   13   71 1 1 1  480  660
760 149.280000 160.320000   12   59 1 1 1  420  900
761 151.780000 154.240000   14   83 1 1 1  480  630
762 150.570000 156.900000   27  355 1 1 1  420  720
763 150.530000 156.760000   26  339 1 1 1  360  630
764 151.490000 154.540000   13   62 1 1 1  360  600
765 149.410000 160.120000   55  909 1 1 1  360  510
766 162.030000 148.860000   13   68 1 1 1  420  660
767 150.540000 156.850000   14   84 1 1 1  420  780
768 150.540000 156.850000   16  130 1 1 1  360  660
769 151.490000 154.540000   12   57 1 1 1  600  900
770 161.870000 146.840000   15  114 1 1 1  360  660
771 150.700000 156.860000   12   54 1 1 1  540  870
772 150.700000 156.860000   27  353 1 1 1  600  720
773 151.620000 139.280000   15  101 1 1 1  480  840
774 172.970000 157.640000   16  130 1 1 1  240  720
775 163.000000 199.780000   18  179 1 1 1  540 1320
776 144.610000 155.270000   10    7 1 1 1  420  690
777 162.460000 157.700000   13   61 1 1 1  360  840
778 164.770000 164.880000   17  144 1 1 1  540  720
779 166.670000 168.300000   12   47 1 1 1  720 1050
780 162.610000 147.910000   11   39 1 1 1  690  810
781 160.780000 174.300000   11   33 1 1 1  360  780
782 153.310000 159.730000   12   59 1 1 1  240  420
783 151.770000 160.450000   17  140 1 1 1  360  600
784 155.530000 159.920000   14   97 1 1 1  480  840
785 154.830000 159.970000   17  154 1 1 1  540  660
786 156.970000 144.480000   15  115 1 1 1  480  780
787 150.540000 156.850000   13   61 1 1 1  360  600
788 151.480000 154.480000   13   62 1 1 1  600  780
789 153.770000 149.300000   12   54 1 1 1  540 1380
790 153.770000 149.300000   12   46 1 1 1  600  900
791 187.610000 167.270000   10   12 1 1 1  420  720
792 187.900000 162.000000   16  135 1 1 1  600 1380
793 155.740000 147.580000   13   67 1 1 1  540  840
794 158.370000 146.580000   14   94 1 1 1  510  660
795 158.330000 146.780000   17  148 1 1 1  420 1200
796 168.180000 172.340000   13   72 1 1 1  420 1439
797 170.180000 172.920000   12   41 1 1 1    1  840
798 163.770000 165.090000   25  310 1 1 1  390  840
799 151.560000 152.530000   19  184 1 1 1  420  540
800 152.650000 152.690000   14   95 1 1 1  720  900
801 178.790000 157.630000   11   30 1 1 1  480 1080
802 186.380000 156.700000   11   34 1 1 1    1 1439
803 157.950000 146.040000   10   17 1 1 1  480  660
804 194.290000 176.370000   13   61 1 1 1  600  720
805 172.240000 187.390000   18  166 1 1 1  600  900
806 150.530000 156.760000   14   82 1 1 1  600  720
807 154.770000 152.930000   21  220 1 1 1  360  660
808 162.090000 160.650000   19  183 1 1 1  300  720
809 157.700000 155.630000   12   51 1 1 1  420  780
810 193.850000 175.600000   13   60 1 1 1  720 1140
811 187.810000 161.970000   15  111 1 1 1  420 1320
812 169.750000 172.780000   11   30 1 1 1  420  840
813 187.900000 162.000000   19  181 1 1 1  480  720
814 151.560000 152.530000   10   16 1 1 1  540  780
815 177.020000 171.260000   13   63 1 1 1  480  930
816 160.450000 167.430000   11   30 1 1 1  360  540
817 167.210000 199.560000   13   74 1 1 1  570  930
818 162.680000 147.830000   12   51 1 1 1  480  690
