100 372.630000 

40   50   0.000000   0.000000   0.000000 
52   75   10.000000   25.764000   6.441000 
45   70   30.000000   77.292000   19.323000 
62   69   10.000000   25.764000   6.441000 
60   66   10.000000   25.764000   6.441000 
42   65   10.000000   25.764000   6.441000 
16   42   20.000000   51.528000   12.882000 
58   70   20.000000   51.528000   12.882000 
34   60   20.000000   51.528000   12.882000 
28   70   10.000000   25.764000   6.441000 
35   66   10.000000   25.764000   6.441000 
35   69   10.000000   25.764000   6.441000 
25   85   20.000000   51.528000   12.882000 
22   75   30.000000   77.292000   19.323000 
22   85   10.000000   25.764000   6.441000 
20   80   40.000000   103.056000   25.764000 
20   85   40.000000   103.056000   25.764000 
18   75   20.000000   51.528000   12.882000 
15   75   20.000000   51.528000   12.882000 
15   80   10.000000   25.764000   6.441000 
30   50   10.000000   25.764000   6.441000 
30   56   20.000000   51.528000   12.882000 
28   52   20.000000   51.528000   12.882000 
14   66   10.000000   25.764000   6.441000 
25   50   10.000000   25.764000   6.441000 
22   66   40.000000   103.056000   25.764000 
8   62   10.000000   25.764000   6.441000 
23   52   10.000000   25.764000   6.441000 
4   55   20.000000   51.528000   12.882000 
20   50   10.000000   25.764000   6.441000 
20   55   10.000000   25.764000   6.441000 
10   35   20.000000   51.528000   12.882000 
10   40   30.000000   77.292000   19.323000 
8   40   40.000000   103.056000   25.764000 
8   45   20.000000   51.528000   12.882000 
5   35   10.000000   25.764000   6.441000 
5   45   10.000000   25.764000   6.441000 
2   40   20.000000   51.528000   12.882000 
0   40   30.000000   77.292000   19.323000 
0   45   20.000000   51.528000   12.882000 
36   18   10.000000   25.764000   6.441000 
35   32   10.000000   25.764000   6.441000 
33   32   20.000000   51.528000   12.882000 
33   35   10.000000   25.764000   6.441000 
32   20   10.000000   25.764000   6.441000 
30   30   10.000000   25.764000   6.441000 
34   25   30.000000   77.292000   19.323000 
30   35   10.000000   25.764000   6.441000 
36   40   10.000000   25.764000   6.441000 
48   20   10.000000   25.764000   6.441000 
26   32   10.000000   25.764000   6.441000 
