100   307.430000 

40   50   0.000000   0.000000   0.000000 
45   68   10.000000   19.709000   4.927250 
45   70   30.000000   59.127000   14.781750 
42   66   10.000000   19.709000   4.927250 
42   68   10.000000   19.709000   4.927250 
42   65   10.000000   19.709000   4.927250 
40   69   20.000000   39.418000   9.854500 
40   66   20.000000   39.418000   9.854500 
38   68   20.000000   39.418000   9.854500 
38   70   10.000000   19.709000   4.927250 
35   66   10.000000   19.709000   4.927250 
35   69   10.000000   19.709000   4.927250 
25   85   20.000000   39.418000   9.854500 
22   75   30.000000   59.127000   14.781750 
22   85   10.000000   19.709000   4.927250 
20   80   40.000000   78.836000   19.709000 
20   85   40.000000   78.836000   19.709000 
18   75   20.000000   39.418000   9.854500 
15   75   20.000000   39.418000   9.854500 
15   80   10.000000   19.709000   4.927250 
30   50   10.000000   19.709000   4.927250 
30   52   20.000000   39.418000   9.854500 
28   52   20.000000   39.418000   9.854500 
28   55   10.000000   19.709000   4.927250 
25   50   10.000000   19.709000   4.927250 
25   52   40.000000   78.836000   19.709000 
25   55   10.000000   19.709000   4.927250 
23   52   10.000000   19.709000   4.927250 
23   55   20.000000   39.418000   9.854500 
20   50   10.000000   19.709000   4.927250 
20   55   10.000000   19.709000   4.927250 
10   35   20.000000   39.418000   9.854500 
10   40   30.000000   59.127000   14.781750 
8   40   40.000000   78.836000   19.709000 
8   45   20.000000   39.418000   9.854500 
5   35   10.000000   19.709000   4.927250 
5   45   10.000000   19.709000   4.927250 
2   40   20.000000   39.418000   9.854500 
0   40   30.000000   59.127000   14.781750 
0   45   20.000000   39.418000   9.854500 
35   30   10.000000   19.709000   4.927250 
35   32   10.000000   19.709000   4.927250 
33   32   20.000000   39.418000   9.854500 
33   35   10.000000   19.709000   4.927250 
32   30   10.000000   19.709000   4.927250 
30   30   10.000000   19.709000   4.927250 
30   32   30.000000   59.127000   14.781750 
30   35   10.000000   19.709000   4.927250 
28   30   10.000000   19.709000   4.927250 
28   35   10.000000   19.709000   4.927250 
26   32   10.000000   19.709000   4.927250 
