100   370.630000 

40   50   0.000000   0.000000   0.000000 
45   68   10.000000   23.687000   5.921750 
45   70   30.000000   71.061000   17.765250 
42   66   10.000000   23.687000   5.921750 
42   68   10.000000   23.687000   5.921750 
42   65   10.000000   23.687000   5.921750 
40   69   20.000000   47.374000   11.843500 
40   66   20.000000   47.374000   11.843500 
38   68   20.000000   47.374000   11.843500 
38   70   10.000000   23.687000   5.921750 
35   66   10.000000   23.687000   5.921750 
35   69   10.000000   23.687000   5.921750 
25   85   20.000000   47.374000   11.843500 
22   75   30.000000   71.061000   17.765250 
22   85   10.000000   23.687000   5.921750 
20   80   40.000000   94.748000   23.687000 
20   85   40.000000   94.748000   23.687000 
18   75   20.000000   47.374000   11.843500 
15   75   20.000000   47.374000   11.843500 
15   80   10.000000   23.687000   5.921750 
30   50   10.000000   23.687000   5.921750 
30   52   20.000000   47.374000   11.843500 
28   52   20.000000   47.374000   11.843500 
28   55   10.000000   23.687000   5.921750 
25   50   10.000000   23.687000   5.921750 
25   52   40.000000   94.748000   23.687000 
25   55   10.000000   23.687000   5.921750 
23   52   10.000000   23.687000   5.921750 
23   55   20.000000   47.374000   11.843500 
20   50   10.000000   23.687000   5.921750 
20   55   10.000000   23.687000   5.921750 
10   35   20.000000   47.374000   11.843500 
10   40   30.000000   71.061000   17.765250 
8   40   40.000000   94.748000   23.687000 
8   45   20.000000   47.374000   11.843500 
5   35   10.000000   23.687000   5.921750 
5   45   10.000000   23.687000   5.921750 
2   40   20.000000   47.374000   11.843500 
0   40   30.000000   71.061000   17.765250 
0   45   20.000000   47.374000   11.843500 
35   30   10.000000   23.687000   5.921750 
35   32   10.000000   23.687000   5.921750 
33   32   20.000000   47.374000   11.843500 
33   35   10.000000   23.687000   5.921750 
32   30   10.000000   23.687000   5.921750 
30   30   10.000000   23.687000   5.921750 
30   32   30.000000   71.061000   17.765250 
30   35   10.000000   23.687000   5.921750 
28   30   10.000000   23.687000   5.921750 
28   35   10.000000   23.687000   5.921750 
26   32   10.000000   23.687000   5.921750 
25   30   10.000000   23.687000   5.921750 
25   35   10.000000   23.687000   5.921750 
44   5   20.000000   47.374000   11.843500 
42   10   40.000000   94.748000   23.687000 
42   15   10.000000   23.687000   5.921750 
40   5   30.000000   71.061000   17.765250 
40   15   40.000000   94.748000   23.687000 
38   5   30.000000   71.061000   17.765250 
38   15   10.000000   23.687000   5.921750 
35   5   20.000000   47.374000   11.843500 
50   30   10.000000   23.687000   5.921750 
50   35   20.000000   47.374000   11.843500 
50   40   50.000000   118.435000   29.608750 
48   30   10.000000   23.687000   5.921750 
48   40   10.000000   23.687000   5.921750 
47   35   10.000000   23.687000   5.921750 
47   40   10.000000   23.687000   5.921750 
45   30   10.000000   23.687000   5.921750 
45   35   10.000000   23.687000   5.921750 
95   30   30.000000   71.061000   17.765250 
95   35   20.000000   47.374000   11.843500 
53   30   10.000000   23.687000   5.921750 
92   30   10.000000   23.687000   5.921750 
53   35   50.000000   118.435000   29.608750 
45   65   20.000000   47.374000   11.843500 
90   35   10.000000   23.687000   5.921750 
88   30   10.000000   23.687000   5.921750 
88   35   20.000000   47.374000   11.843500 
87   30   10.000000   23.687000   5.921750 
85   25   10.000000   23.687000   5.921750 
85   35   30.000000   71.061000   17.765250 
75   55   20.000000   47.374000   11.843500 
72   55   10.000000   23.687000   5.921750 
70   58   20.000000   47.374000   11.843500 
68   60   30.000000   71.061000   17.765250 
66   55   10.000000   23.687000   5.921750 
65   55   20.000000   47.374000   11.843500 
65   60   30.000000   71.061000   17.765250 
63   58   10.000000   23.687000   5.921750 
60   55   10.000000   23.687000   5.921750 
60   60   10.000000   23.687000   5.921750 
67   85   20.000000   47.374000   11.843500 
65   85   40.000000   94.748000   23.687000 
65   82   10.000000   23.687000   5.921750 
62   80   30.000000   71.061000   17.765250 
60   80   10.000000   23.687000   5.921750 
60   85   30.000000   71.061000   17.765250 
58   75   20.000000   47.374000   11.843500 
55   80   10.000000   23.687000   5.921750 
55   85   20.000000   47.374000   11.843500 
