100 441.520000 

35   35   0.000000   0.000000   0.000000 
41   49   10.000000   35.539000   8.884750 
35   17   7.000000   24.877300   6.219325 
55   45   13.000000   46.200700   11.550175 
55   20   19.000000   67.524100   16.881025 
15   30   26.000000   92.401400   23.100350 
25   30   3.000000   10.661700   2.665425 
20   50   5.000000   17.769500   4.442375 
10   43   9.000000   31.985100   7.996275 
55   60   16.000000   56.862400   14.215600 
30   60   16.000000   56.862400   14.215600 
20   65   12.000000   42.646800   10.661700 
50   35   19.000000   67.524100   16.881025 
30   25   23.000000   81.739700   20.434925 
15   10   20.000000   71.078000   17.769500 
30   5   8.000000   28.431200   7.107800 
10   20   19.000000   67.524100   16.881025 
5   30   2.000000   7.107800   1.776950 
20   40   12.000000   42.646800   10.661700 
15   60   17.000000   60.416300   15.104075 
45   65   9.000000   31.985100   7.996275 
45   20   11.000000   39.092900   9.773225 
45   10   18.000000   63.970200   15.992550 
55   5   29.000000   103.063100   25.765775 
65   35   3.000000   10.661700   2.665425 
65   20   6.000000   21.323400   5.330850 
