100   397.560000 

40   50   0.000000   0.000000   0.000000 
52   75   10.000000   23.645000   5.911250 
45   70   30.000000   70.935000   17.733750 
62   69   10.000000   23.645000   5.911250 
60   66   10.000000   23.645000   5.911250 
42   65   10.000000   23.645000   5.911250 
16   42   20.000000   47.290000   11.822500 
58   70   20.000000   47.290000   11.822500 
34   60   20.000000   47.290000   11.822500 
28   70   10.000000   23.645000   5.911250 
35   66   10.000000   23.645000   5.911250 
35   69   10.000000   23.645000   5.911250 
25   85   20.000000   47.290000   11.822500 
22   75   30.000000   70.935000   17.733750 
22   85   10.000000   23.645000   5.911250 
20   80   40.000000   94.580000   23.645000 
20   85   40.000000   94.580000   23.645000 
18   75   20.000000   47.290000   11.822500 
15   75   20.000000   47.290000   11.822500 
15   80   10.000000   23.645000   5.911250 
30   50   10.000000   23.645000   5.911250 
30   56   20.000000   47.290000   11.822500 
28   52   20.000000   47.290000   11.822500 
14   66   10.000000   23.645000   5.911250 
25   50   10.000000   23.645000   5.911250 
22   66   40.000000   94.580000   23.645000 
8   62   10.000000   23.645000   5.911250 
23   52   10.000000   23.645000   5.911250 
4   55   20.000000   47.290000   11.822500 
20   50   10.000000   23.645000   5.911250 
20   55   10.000000   23.645000   5.911250 
10   35   20.000000   47.290000   11.822500 
10   40   30.000000   70.935000   17.733750 
8   40   40.000000   94.580000   23.645000 
8   45   20.000000   47.290000   11.822500 
5   35   10.000000   23.645000   5.911250 
5   45   10.000000   23.645000   5.911250 
2   40   20.000000   47.290000   11.822500 
0   40   30.000000   70.935000   17.733750 
0   45   20.000000   47.290000   11.822500 
36   18   10.000000   23.645000   5.911250 
35   32   10.000000   23.645000   5.911250 
33   32   20.000000   47.290000   11.822500 
33   35   10.000000   23.645000   5.911250 
32   20   10.000000   23.645000   5.911250 
30   30   10.000000   23.645000   5.911250 
34   25   30.000000   70.935000   17.733750 
30   35   10.000000   23.645000   5.911250 
36   40   10.000000   23.645000   5.911250 
48   20   10.000000   23.645000   5.911250 
26   32   10.000000   23.645000   5.911250 
25   30   10.000000   23.645000   5.911250 
25   35   10.000000   23.645000   5.911250 
44   5   20.000000   47.290000   11.822500 
42   10   40.000000   94.580000   23.645000 
42   15   10.000000   23.645000   5.911250 
40   5   30.000000   70.935000   17.733750 
38   15   40.000000   94.580000   23.645000 
38   5   30.000000   70.935000   17.733750 
38   10   10.000000   23.645000   5.911250 
35   5   20.000000   47.290000   11.822500 
50   30   10.000000   23.645000   5.911250 
50   35   20.000000   47.290000   11.822500 
50   40   50.000000   118.225000   29.556250 
48   30   10.000000   23.645000   5.911250 
44   25   10.000000   23.645000   5.911250 
47   35   10.000000   23.645000   5.911250 
47   40   10.000000   23.645000   5.911250 
42   30   10.000000   23.645000   5.911250 
45   35   10.000000   23.645000   5.911250 
95   30   30.000000   70.935000   17.733750 
95   35   20.000000   47.290000   11.822500 
53   30   10.000000   23.645000   5.911250 
92   30   10.000000   23.645000   5.911250 
53   35   50.000000   118.225000   29.556250 
45   65   20.000000   47.290000   11.822500 
90   35   10.000000   23.645000   5.911250 
72   45   10.000000   23.645000   5.911250 
78   40   20.000000   47.290000   11.822500 
87   30   10.000000   23.645000   5.911250 
85   25   10.000000   23.645000   5.911250 
85   35   30.000000   70.935000   17.733750 
75   55   20.000000   47.290000   11.822500 
72   55   10.000000   23.645000   5.911250 
70   58   20.000000   47.290000   11.822500 
86   46   30.000000   70.935000   17.733750 
66   55   10.000000   23.645000   5.911250 
64   46   20.000000   47.290000   11.822500 
65   60   30.000000   70.935000   17.733750 
56   64   10.000000   23.645000   5.911250 
60   55   10.000000   23.645000   5.911250 
60   60   10.000000   23.645000   5.911250 
67   85   20.000000   47.290000   11.822500 
42   58   40.000000   94.580000   23.645000 
65   82   10.000000   23.645000   5.911250 
62   80   30.000000   70.935000   17.733750 
62   40   10.000000   23.645000   5.911250 
60   85   30.000000   70.935000   17.733750 
58   75   20.000000   47.290000   11.822500 
55   80   10.000000   23.645000   5.911250 
55   85   20.000000   47.290000   11.822500 
