100   486.490000 

35   35   0.000000   0.000000   0.000000 
41   49   10.000000   28.961000   7.240250 
35   17   7.000000   20.272700   5.068175 
55   45   13.000000   37.649300   9.412325 
55   20   19.000000   55.025900   13.756475 
15   30   26.000000   75.298600   18.824650 
25   30   3.000000   8.688300   2.172075 
20   50   5.000000   14.480500   3.620125 
10   43   9.000000   26.064900   6.516225 
55   60   16.000000   46.337600   11.584400 
30   60   16.000000   46.337600   11.584400 
20   65   12.000000   34.753200   8.688300 
50   35   19.000000   55.025900   13.756475 
30   25   23.000000   66.610300   16.652575 
15   10   20.000000   57.922000   14.480500 
30   5   8.000000   23.168800   5.792200 
10   20   19.000000   55.025900   13.756475 
5   30   2.000000   5.792200   1.448050 
20   40   12.000000   34.753200   8.688300 
15   60   17.000000   49.233700   12.308425 
45   65   9.000000   26.064900   6.516225 
45   20   11.000000   31.857100   7.964275 
45   10   18.000000   52.129800   13.032450 
55   5   29.000000   83.986900   20.996725 
65   35   3.000000   8.688300   2.172075 
65   20   6.000000   17.376600   4.344150 
45   30   17.000000   49.233700   12.308425 
35   40   16.000000   46.337600   11.584400 
41   37   16.000000   46.337600   11.584400 
64   42   9.000000   26.064900   6.516225 
40   60   21.000000   60.818100   15.204525 
31   52   27.000000   78.194700   19.548675 
35   69   23.000000   66.610300   16.652575 
53   52   11.000000   31.857100   7.964275 
65   55   14.000000   40.545400   10.136350 
63   65   8.000000   23.168800   5.792200 
2   60   5.000000   14.480500   3.620125 
20   20   8.000000   23.168800   5.792200 
5   5   16.000000   46.337600   11.584400 
60   12   31.000000   89.779100   22.444775 
40   25   9.000000   26.064900   6.516225 
42   7   5.000000   14.480500   3.620125 
24   12   5.000000   14.480500   3.620125 
23   3   7.000000   20.272700   5.068175 
11   14   18.000000   52.129800   13.032450 
6   38   16.000000   46.337600   11.584400 
2   48   1.000000   2.896100   0.724025 
8   56   27.000000   78.194700   19.548675 
13   52   36.000000   104.259600   26.064900 
6   68   30.000000   86.883000   21.720750 
47   47   13.000000   37.649300   9.412325 
49   58   10.000000   28.961000   7.240250 
27   43   9.000000   26.064900   6.516225 
37   31   14.000000   40.545400   10.136350 
57   29   18.000000   52.129800   13.032450 
63   23   2.000000   5.792200   1.448050 
53   12   6.000000   17.376600   4.344150 
32   12   7.000000   20.272700   5.068175 
36   26   18.000000   52.129800   13.032450 
21   24   28.000000   81.090800   20.272700 
17   34   3.000000   8.688300   2.172075 
12   24   13.000000   37.649300   9.412325 
24   58   19.000000   55.025900   13.756475 
27   69   10.000000   28.961000   7.240250 
15   77   9.000000   26.064900   6.516225 
62   77   20.000000   57.922000   14.480500 
49   73   25.000000   72.402500   18.100625 
67   5   25.000000   72.402500   18.100625 
56   39   36.000000   104.259600   26.064900 
37   47   6.000000   17.376600   4.344150 
37   56   5.000000   14.480500   3.620125 
57   68   15.000000   43.441500   10.860375 
47   16   25.000000   72.402500   18.100625 
44   17   9.000000   26.064900   6.516225 
46   13   8.000000   23.168800   5.792200 
49   11   18.000000   52.129800   13.032450 
