100   406.750000 

40   50   0.000000   0.000000   0.000000 
25   85   20.000000   53.776000   13.444000 
22   75   30.000000   80.664000   20.166000 
22   85   10.000000   26.888000   6.722000 
20   80   40.000000   107.552000   26.888000 
20   85   20.000000   53.776000   13.444000 
18   75   20.000000   53.776000   13.444000 
15   75   20.000000   53.776000   13.444000 
15   80   10.000000   26.888000   6.722000 
10   35   20.000000   53.776000   13.444000 
10   40   30.000000   80.664000   20.166000 
8   40   40.000000   107.552000   26.888000 
8   45   20.000000   53.776000   13.444000 
5   35   10.000000   26.888000   6.722000 
5   45   10.000000   26.888000   6.722000 
2   40   20.000000   53.776000   13.444000 
0   40   20.000000   53.776000   13.444000 
0   45   20.000000   53.776000   13.444000 
44   5   20.000000   53.776000   13.444000 
42   10   40.000000   107.552000   26.888000 
42   15   10.000000   26.888000   6.722000 
40   5   10.000000   26.888000   6.722000 
40   15   40.000000   107.552000   26.888000 
38   5   30.000000   80.664000   20.166000 
38   15   10.000000   26.888000   6.722000 
35   5   20.000000   53.776000   13.444000 
