100   418.830000 

35   35   0.000000   0.000000   0.000000 
41   49   10.000000   25.034000   6.258500 
35   17   7.000000   17.523800   4.380950 
55   45   13.000000   32.544200   8.136050 
55   20   19.000000   47.564600   11.891150 
15   30   26.000000   65.088400   16.272100 
25   30   3.000000   7.510200   1.877550 
20   50   5.000000   12.517000   3.129250 
10   43   9.000000   22.530600   5.632650 
55   60   16.000000   40.054400   10.013600 
30   60   16.000000   40.054400   10.013600 
20   65   12.000000   30.040800   7.510200 
50   35   19.000000   47.564600   11.891150 
30   25   23.000000   57.578200   14.394550 
15   10   20.000000   50.068000   12.517000 
30   5   8.000000   20.027200   5.006800 
10   20   19.000000   47.564600   11.891150 
5   30   2.000000   5.006800   1.251700 
20   40   12.000000   30.040800   7.510200 
15   60   17.000000   42.557800   10.639450 
45   65   9.000000   22.530600   5.632650 
45   20   11.000000   27.537400   6.884350 
45   10   18.000000   45.061200   11.265300 
55   5   29.000000   72.598600   18.149650 
65   35   3.000000   7.510200   1.877550 
65   20   6.000000   15.020400   3.755100 
45   30   17.000000   42.557800   10.639450 
35   40   16.000000   40.054400   10.013600 
41   37   16.000000   40.054400   10.013600 
64   42   9.000000   22.530600   5.632650 
40   60   21.000000   52.571400   13.142850 
31   52   27.000000   67.591800   16.897950 
35   69   23.000000   57.578200   14.394550 
53   52   11.000000   27.537400   6.884350 
65   55   14.000000   35.047600   8.761900 
63   65   8.000000   20.027200   5.006800 
2   60   5.000000   12.517000   3.129250 
20   20   8.000000   20.027200   5.006800 
5   5   16.000000   40.054400   10.013600 
60   12   31.000000   77.605400   19.401350 
40   25   9.000000   22.530600   5.632650 
42   7   5.000000   12.517000   3.129250 
24   12   5.000000   12.517000   3.129250 
23   3   7.000000   17.523800   4.380950 
11   14   18.000000   45.061200   11.265300 
6   38   16.000000   40.054400   10.013600 
2   48   1.000000   2.503400   0.625850 
8   56   27.000000   67.591800   16.897950 
13   52   36.000000   90.122400   22.530600 
6   68   30.000000   75.102000   18.775500 
47   47   13.000000   32.544200   8.136050 
49   58   10.000000   25.034000   6.258500 
27   43   9.000000   22.530600   5.632650 
37   31   14.000000   35.047600   8.761900 
57   29   18.000000   45.061200   11.265300 
63   23   2.000000   5.006800   1.251700 
53   12   6.000000   15.020400   3.755100 
32   12   7.000000   17.523800   4.380950 
36   26   18.000000   45.061200   11.265300 
21   24   28.000000   70.095200   17.523800 
17   34   3.000000   7.510200   1.877550 
12   24   13.000000   32.544200   8.136050 
24   58   19.000000   47.564600   11.891150 
27   69   10.000000   25.034000   6.258500 
15   77   9.000000   22.530600   5.632650 
62   77   20.000000   50.068000   12.517000 
49   73   25.000000   62.585000   15.646250 
67   5   25.000000   62.585000   15.646250 
56   39   36.000000   90.122400   22.530600 
37   47   6.000000   15.020400   3.755100 
37   56   5.000000   12.517000   3.129250 
57   68   15.000000   37.551000   9.387750 
47   16   25.000000   62.585000   15.646250 
44   17   9.000000   22.530600   5.632650 
46   13   8.000000   20.027200   5.006800 
49   11   18.000000   45.061200   11.265300 
49   42   13.000000   32.544200   8.136050 
53   43   14.000000   35.047600   8.761900 
61   52   3.000000   7.510200   1.877550 
57   48   23.000000   57.578200   14.394550 
56   37   6.000000   15.020400   3.755100 
55   54   26.000000   65.088400   16.272100 
15   47   16.000000   40.054400   10.013600 
14   37   11.000000   27.537400   6.884350 
11   31   7.000000   17.523800   4.380950 
16   22   41.000000   102.639400   25.659850 
4   18   35.000000   87.619000   21.904750 
28   18   26.000000   65.088400   16.272100 
26   52   9.000000   22.530600   5.632650 
26   35   15.000000   37.551000   9.387750 
31   67   3.000000   7.510200   1.877550 
15   19   1.000000   2.503400   0.625850 
22   22   2.000000   5.006800   1.251700 
18   24   22.000000   55.074800   13.768700 
26   27   27.000000   67.591800   16.897950 
25   24   20.000000   50.068000   12.517000 
22   27   11.000000   27.537400   6.884350 
25   21   12.000000   30.040800   7.510200 
19   21   10.000000   25.034000   6.258500 
20   26   9.000000   22.530600   5.632650 
18   18   17.000000   42.557800   10.639450 
