100 432.430000 

40   50   0.000000   0.000000   0.000000 
25   85   20.000000   59.672000   14.918000 
22   75   30.000000   89.508000   22.377000 
22   85   10.000000   29.836000   7.459000 
20   80   40.000000   119.344000   29.836000 
20   85   20.000000   59.672000   14.918000 
18   75   20.000000   59.672000   14.918000 
15   75   20.000000   59.672000   14.918000 
15   80   10.000000   29.836000   7.459000 
10   35   20.000000   59.672000   14.918000 
10   40   30.000000   89.508000   22.377000 
8   40   40.000000   119.344000   29.836000 
8   45   20.000000   59.672000   14.918000 
5   35   10.000000   29.836000   7.459000 
5   45   10.000000   29.836000   7.459000 
2   40   20.000000   59.672000   14.918000 
0   40   20.000000   59.672000   14.918000 
0   45   20.000000   59.672000   14.918000 
44   5   20.000000   59.672000   14.918000 
42   10   40.000000   119.344000   29.836000 
42   15   10.000000   29.836000   7.459000 
40   5   10.000000   29.836000   7.459000 
40   15   40.000000   119.344000   29.836000 
38   5   30.000000   89.508000   22.377000 
38   15   10.000000   29.836000   7.459000 
35   5   20.000000   59.672000   14.918000 
95   30   30.000000   89.508000   22.377000 
95   35   20.000000   59.672000   14.918000 
92   30   10.000000   29.836000   7.459000 
90   35   10.000000   29.836000   7.459000 
88   30   10.000000   29.836000   7.459000 
88   35   20.000000   59.672000   14.918000 
87   30   10.000000   29.836000   7.459000 
85   25   10.000000   29.836000   7.459000 
85   35   30.000000   89.508000   22.377000 
67   85   20.000000   59.672000   14.918000 
65   85   40.000000   119.344000   29.836000 
65   82   10.000000   29.836000   7.459000 
62   80   30.000000   89.508000   22.377000 
60   80   10.000000   29.836000   7.459000 
60   85   30.000000   89.508000   22.377000 
58   75   20.000000   59.672000   14.918000 
55   80   10.000000   29.836000   7.459000 
55   85   20.000000   59.672000   14.918000 
55   82   10.000000   29.836000   7.459000 
20   82   10.000000   29.836000   7.459000 
18   80   10.000000   29.836000   7.459000 
2   45   10.000000   29.836000   7.459000 
42   5   10.000000   29.836000   7.459000 
42   12   10.000000   29.836000   7.459000 
72   35   30.000000   89.508000   22.377000 
55   20   19.000000   56.688400   14.172100 
25   30   3.000000   8.950800   2.237700 
20   50   5.000000   14.918000   3.729500 
55   60   16.000000   47.737600   11.934400 
30   60   16.000000   47.737600   11.934400 
50   35   19.000000   56.688400   14.172100 
30   25   23.000000   68.622800   17.155700 
15   10   20.000000   59.672000   14.918000 
10   20   19.000000   56.688400   14.172100 
15   60   17.000000   50.721200   12.680300 
45   65   9.000000   26.852400   6.713100 
65   35   3.000000   8.950800   2.237700 
65   20   6.000000   17.901600   4.475400 
45   30   17.000000   50.721200   12.680300 
35   40   16.000000   47.737600   11.934400 
41   37   16.000000   47.737600   11.934400 
64   42   9.000000   26.852400   6.713100 
40   60   21.000000   62.655600   15.663900 
31   52   27.000000   80.557200   20.139300 
35   69   23.000000   68.622800   17.155700 
65   55   14.000000   41.770400   10.442600 
63   65   8.000000   23.868800   5.967200 
2   60   5.000000   14.918000   3.729500 
20   20   8.000000   23.868800   5.967200 
5   5   16.000000   47.737600   11.934400 
60   12   31.000000   92.491600   23.122900 
23   3   7.000000   20.885200   5.221300 
8   56   27.000000   80.557200   20.139300 
6   68   30.000000   89.508000   22.377000 
47   47   13.000000   38.786800   9.696700 
49   58   10.000000   29.836000   7.459000 
27   43   9.000000   26.852400   6.713100 
37   31   14.000000   41.770400   10.442600 
57   29   18.000000   53.704800   13.426200 
63   23   2.000000   5.967200   1.491800 
21   24   28.000000   83.540800   20.885200 
12   24   13.000000   38.786800   9.696700 
24   58   19.000000   56.688400   14.172100 
67   5   25.000000   74.590000   18.647500 
37   47   6.000000   17.901600   4.475400 
49   42   13.000000   38.786800   9.696700 
53   43   14.000000   41.770400   10.442600 
61   52   3.000000   8.950800   2.237700 
57   48   23.000000   68.622800   17.155700 
56   37   6.000000   17.901600   4.475400 
55   54   26.000000   77.573600   19.393400 
4   18   35.000000   104.426000   26.106500 
26   52   9.000000   26.852400   6.713100 
26   35   15.000000   44.754000   11.188500 
31   67   3.000000   8.950800   2.237700 
