100 351.500000 

40   50   0.000000   0.000000   0.000000 
52   75   10.000000   23.809000   5.952250 
45   70   30.000000   71.427000   17.856750 
62   69   10.000000   23.809000   5.952250 
60   66   10.000000   23.809000   5.952250 
42   65   10.000000   23.809000   5.952250 
16   42   20.000000   47.618000   11.904500 
58   70   20.000000   47.618000   11.904500 
34   60   20.000000   47.618000   11.904500 
28   70   10.000000   23.809000   5.952250 
35   66   10.000000   23.809000   5.952250 
35   69   10.000000   23.809000   5.952250 
25   85   20.000000   47.618000   11.904500 
22   75   30.000000   71.427000   17.856750 
22   85   10.000000   23.809000   5.952250 
20   80   40.000000   95.236000   23.809000 
20   85   40.000000   95.236000   23.809000 
18   75   20.000000   47.618000   11.904500 
15   75   20.000000   47.618000   11.904500 
15   80   10.000000   23.809000   5.952250 
30   50   10.000000   23.809000   5.952250 
30   56   20.000000   47.618000   11.904500 
28   52   20.000000   47.618000   11.904500 
14   66   10.000000   23.809000   5.952250 
25   50   10.000000   23.809000   5.952250 
22   66   40.000000   95.236000   23.809000 
8   62   10.000000   23.809000   5.952250 
23   52   10.000000   23.809000   5.952250 
4   55   20.000000   47.618000   11.904500 
20   50   10.000000   23.809000   5.952250 
20   55   10.000000   23.809000   5.952250 
10   35   20.000000   47.618000   11.904500 
10   40   30.000000   71.427000   17.856750 
8   40   40.000000   95.236000   23.809000 
8   45   20.000000   47.618000   11.904500 
5   35   10.000000   23.809000   5.952250 
5   45   10.000000   23.809000   5.952250 
2   40   20.000000   47.618000   11.904500 
0   40   30.000000   71.427000   17.856750 
0   45   20.000000   47.618000   11.904500 
36   18   10.000000   23.809000   5.952250 
35   32   10.000000   23.809000   5.952250 
33   32   20.000000   47.618000   11.904500 
33   35   10.000000   23.809000   5.952250 
32   20   10.000000   23.809000   5.952250 
30   30   10.000000   23.809000   5.952250 
34   25   30.000000   71.427000   17.856750 
30   35   10.000000   23.809000   5.952250 
36   40   10.000000   23.809000   5.952250 
48   20   10.000000   23.809000   5.952250 
26   32   10.000000   23.809000   5.952250 
25   30   10.000000   23.809000   5.952250 
25   35   10.000000   23.809000   5.952250 
44   5   20.000000   47.618000   11.904500 
42   10   40.000000   95.236000   23.809000 
42   15   10.000000   23.809000   5.952250 
40   5   30.000000   71.427000   17.856750 
38   15   40.000000   95.236000   23.809000 
38   5   30.000000   71.427000   17.856750 
38   10   10.000000   23.809000   5.952250 
35   5   20.000000   47.618000   11.904500 
50   30   10.000000   23.809000   5.952250 
50   35   20.000000   47.618000   11.904500 
50   40   50.000000   119.045000   29.761250 
48   30   10.000000   23.809000   5.952250 
44   25   10.000000   23.809000   5.952250 
47   35   10.000000   23.809000   5.952250 
47   40   10.000000   23.809000   5.952250 
42   30   10.000000   23.809000   5.952250 
45   35   10.000000   23.809000   5.952250 
95   30   30.000000   71.427000   17.856750 
95   35   20.000000   47.618000   11.904500 
53   30   10.000000   23.809000   5.952250 
92   30   10.000000   23.809000   5.952250 
53   35   50.000000   119.045000   29.761250 
45   65   20.000000   47.618000   11.904500 
