100   323.560000 

40   50   0.000000   0.000000   0.000000 
52   75   10.000000   21.334000   5.333500 
45   70   30.000000   64.002000   16.000500 
62   69   10.000000   21.334000   5.333500 
60   66   10.000000   21.334000   5.333500 
42   65   10.000000   21.334000   5.333500 
16   42   20.000000   42.668000   10.667000 
58   70   20.000000   42.668000   10.667000 
34   60   20.000000   42.668000   10.667000 
28   70   10.000000   21.334000   5.333500 
35   66   10.000000   21.334000   5.333500 
35   69   10.000000   21.334000   5.333500 
25   85   20.000000   42.668000   10.667000 
22   75   30.000000   64.002000   16.000500 
22   85   10.000000   21.334000   5.333500 
20   80   40.000000   85.336000   21.334000 
20   85   40.000000   85.336000   21.334000 
18   75   20.000000   42.668000   10.667000 
15   75   20.000000   42.668000   10.667000 
15   80   10.000000   21.334000   5.333500 
30   50   10.000000   21.334000   5.333500 
30   56   20.000000   42.668000   10.667000 
28   52   20.000000   42.668000   10.667000 
14   66   10.000000   21.334000   5.333500 
25   50   10.000000   21.334000   5.333500 
22   66   40.000000   85.336000   21.334000 
