100 413.620000 

35   35   0.000000   0.000000   0.000000 
41   49   10.000000   30.580000   7.645000 
35   17   7.000000   21.406000   5.351500 
55   45   13.000000   39.754000   9.938500 
55   20   19.000000   58.102000   14.525500 
15   30   26.000000   79.508000   19.877000 
25   30   3.000000   9.174000   2.293500 
20   50   5.000000   15.290000   3.822500 
10   43   9.000000   27.522000   6.880500 
55   60   16.000000   48.928000   12.232000 
30   60   16.000000   48.928000   12.232000 
20   65   12.000000   36.696000   9.174000 
50   35   19.000000   58.102000   14.525500 
30   25   23.000000   70.334000   17.583500 
15   10   20.000000   61.160000   15.290000 
30   5   8.000000   24.464000   6.116000 
10   20   19.000000   58.102000   14.525500 
5   30   2.000000   6.116000   1.529000 
20   40   12.000000   36.696000   9.174000 
15   60   17.000000   51.986000   12.996500 
45   65   9.000000   27.522000   6.880500 
45   20   11.000000   33.638000   8.409500 
45   10   18.000000   55.044000   13.761000 
55   5   29.000000   88.682000   22.170500 
65   35   3.000000   9.174000   2.293500 
65   20   6.000000   18.348000   4.587000 
45   30   17.000000   51.986000   12.996500 
35   40   16.000000   48.928000   12.232000 
41   37   16.000000   48.928000   12.232000 
64   42   9.000000   27.522000   6.880500 
40   60   21.000000   64.218000   16.054500 
31   52   27.000000   82.566000   20.641500 
35   69   23.000000   70.334000   17.583500 
53   52   11.000000   33.638000   8.409500 
65   55   14.000000   42.812000   10.703000 
63   65   8.000000   24.464000   6.116000 
2   60   5.000000   15.290000   3.822500 
20   20   8.000000   24.464000   6.116000 
5   5   16.000000   48.928000   12.232000 
60   12   31.000000   94.798000   23.699500 
40   25   9.000000   27.522000   6.880500 
42   7   5.000000   15.290000   3.822500 
24   12   5.000000   15.290000   3.822500 
23   3   7.000000   21.406000   5.351500 
11   14   18.000000   55.044000   13.761000 
6   38   16.000000   48.928000   12.232000 
2   48   1.000000   3.058000   0.764500 
8   56   27.000000   82.566000   20.641500 
13   52   36.000000   110.088000   27.522000 
6   68   30.000000   91.740000   22.935000 
47   47   13.000000   39.754000   9.938500 
