100 342.360000 

40   50   0.000000   0.000000   0.000000 
45   68   10.000000   23.187000   5.796750 
45   70   30.000000   69.561000   17.390250 
42   66   10.000000   23.187000   5.796750 
42   68   10.000000   23.187000   5.796750 
42   65   10.000000   23.187000   5.796750 
40   69   20.000000   46.374000   11.593500 
40   66   20.000000   46.374000   11.593500 
38   68   20.000000   46.374000   11.593500 
38   70   10.000000   23.187000   5.796750 
35   66   10.000000   23.187000   5.796750 
35   69   10.000000   23.187000   5.796750 
25   85   20.000000   46.374000   11.593500 
22   75   30.000000   69.561000   17.390250 
22   85   10.000000   23.187000   5.796750 
20   80   40.000000   92.748000   23.187000 
20   85   40.000000   92.748000   23.187000 
18   75   20.000000   46.374000   11.593500 
15   75   20.000000   46.374000   11.593500 
15   80   10.000000   23.187000   5.796750 
30   50   10.000000   23.187000   5.796750 
30   52   20.000000   46.374000   11.593500 
28   52   20.000000   46.374000   11.593500 
28   55   10.000000   23.187000   5.796750 
25   50   10.000000   23.187000   5.796750 
25   52   40.000000   92.748000   23.187000 
25   55   10.000000   23.187000   5.796750 
23   52   10.000000   23.187000   5.796750 
23   55   20.000000   46.374000   11.593500 
20   50   10.000000   23.187000   5.796750 
20   55   10.000000   23.187000   5.796750 
10   35   20.000000   46.374000   11.593500 
10   40   30.000000   69.561000   17.390250 
8   40   40.000000   92.748000   23.187000 
8   45   20.000000   46.374000   11.593500 
5   35   10.000000   23.187000   5.796750 
5   45   10.000000   23.187000   5.796750 
2   40   20.000000   46.374000   11.593500 
0   40   30.000000   69.561000   17.390250 
0   45   20.000000   46.374000   11.593500 
35   30   10.000000   23.187000   5.796750 
35   32   10.000000   23.187000   5.796750 
33   32   20.000000   46.374000   11.593500 
33   35   10.000000   23.187000   5.796750 
32   30   10.000000   23.187000   5.796750 
30   30   10.000000   23.187000   5.796750 
30   32   30.000000   69.561000   17.390250 
30   35   10.000000   23.187000   5.796750 
28   30   10.000000   23.187000   5.796750 
28   35   10.000000   23.187000   5.796750 
26   32   10.000000   23.187000   5.796750 
25   30   10.000000   23.187000   5.796750 
25   35   10.000000   23.187000   5.796750 
44   5   20.000000   46.374000   11.593500 
42   10   40.000000   92.748000   23.187000 
42   15   10.000000   23.187000   5.796750 
40   5   30.000000   69.561000   17.390250 
40   15   40.000000   92.748000   23.187000 
38   5   30.000000   69.561000   17.390250 
38   15   10.000000   23.187000   5.796750 
35   5   20.000000   46.374000   11.593500 
50   30   10.000000   23.187000   5.796750 
50   35   20.000000   46.374000   11.593500 
50   40   50.000000   115.935000   28.983750 
48   30   10.000000   23.187000   5.796750 
48   40   10.000000   23.187000   5.796750 
47   35   10.000000   23.187000   5.796750 
47   40   10.000000   23.187000   5.796750 
45   30   10.000000   23.187000   5.796750 
45   35   10.000000   23.187000   5.796750 
95   30   30.000000   69.561000   17.390250 
95   35   20.000000   46.374000   11.593500 
53   30   10.000000   23.187000   5.796750 
92   30   10.000000   23.187000   5.796750 
53   35   50.000000   115.935000   28.983750 
45   65   20.000000   46.374000   11.593500 
