100   305.710000 

40   50   0.000000   0.000000   0.000000 
45   68   10.000000   18.690000   4.672500 
45   70   30.000000   56.070000   14.017500 
42   66   10.000000   18.690000   4.672500 
42   68   10.000000   18.690000   4.672500 
42   65   10.000000   18.690000   4.672500 
40   69   20.000000   37.380000   9.345000 
40   66   20.000000   37.380000   9.345000 
38   68   20.000000   37.380000   9.345000 
38   70   10.000000   18.690000   4.672500 
35   66   10.000000   18.690000   4.672500 
35   69   10.000000   18.690000   4.672500 
25   85   20.000000   37.380000   9.345000 
22   75   30.000000   56.070000   14.017500 
22   85   10.000000   18.690000   4.672500 
20   80   40.000000   74.760000   18.690000 
20   85   40.000000   74.760000   18.690000 
18   75   20.000000   37.380000   9.345000 
15   75   20.000000   37.380000   9.345000 
15   80   10.000000   18.690000   4.672500 
30   50   10.000000   18.690000   4.672500 
30   52   20.000000   37.380000   9.345000 
28   52   20.000000   37.380000   9.345000 
28   55   10.000000   18.690000   4.672500 
25   50   10.000000   18.690000   4.672500 
25   52   40.000000   74.760000   18.690000 
