100   505.430000 

40   50   0.000000   0.000000   0.000000 
25   85   20.000000   58.748000   14.687000 
22   75   30.000000   88.122000   22.030500 
22   85   10.000000   29.374000   7.343500 
20   80   40.000000   117.496000   29.374000 
20   85   20.000000   58.748000   14.687000 
18   75   20.000000   58.748000   14.687000 
15   75   20.000000   58.748000   14.687000 
15   80   10.000000   29.374000   7.343500 
10   35   20.000000   58.748000   14.687000 
10   40   30.000000   88.122000   22.030500 
8   40   40.000000   117.496000   29.374000 
8   45   20.000000   58.748000   14.687000 
5   35   10.000000   29.374000   7.343500 
5   45   10.000000   29.374000   7.343500 
2   40   20.000000   58.748000   14.687000 
0   40   20.000000   58.748000   14.687000 
0   45   20.000000   58.748000   14.687000 
44   5   20.000000   58.748000   14.687000 
42   10   40.000000   117.496000   29.374000 
42   15   10.000000   29.374000   7.343500 
40   5   10.000000   29.374000   7.343500 
40   15   40.000000   117.496000   29.374000 
38   5   30.000000   88.122000   22.030500 
38   15   10.000000   29.374000   7.343500 
35   5   20.000000   58.748000   14.687000 
95   30   30.000000   88.122000   22.030500 
95   35   20.000000   58.748000   14.687000 
92   30   10.000000   29.374000   7.343500 
90   35   10.000000   29.374000   7.343500 
88   30   10.000000   29.374000   7.343500 
88   35   20.000000   58.748000   14.687000 
87   30   10.000000   29.374000   7.343500 
85   25   10.000000   29.374000   7.343500 
85   35   30.000000   88.122000   22.030500 
67   85   20.000000   58.748000   14.687000 
65   85   40.000000   117.496000   29.374000 
65   82   10.000000   29.374000   7.343500 
62   80   30.000000   88.122000   22.030500 
60   80   10.000000   29.374000   7.343500 
60   85   30.000000   88.122000   22.030500 
58   75   20.000000   58.748000   14.687000 
55   80   10.000000   29.374000   7.343500 
55   85   20.000000   58.748000   14.687000 
55   82   10.000000   29.374000   7.343500 
20   82   10.000000   29.374000   7.343500 
18   80   10.000000   29.374000   7.343500 
2   45   10.000000   29.374000   7.343500 
42   5   10.000000   29.374000   7.343500 
42   12   10.000000   29.374000   7.343500 
72   35   30.000000   88.122000   22.030500 
