100 443.860000 

40   50   0.000000   0.000000   0.000000 
25   85   20.000000   61.830000   15.457500 
22   75   30.000000   92.745000   23.186250 
22   85   10.000000   30.915000   7.728750 
20   80   40.000000   123.660000   30.915000 
20   85   20.000000   61.830000   15.457500 
18   75   20.000000   61.830000   15.457500 
15   75   20.000000   61.830000   15.457500 
15   80   10.000000   30.915000   7.728750 
10   35   20.000000   61.830000   15.457500 
10   40   30.000000   92.745000   23.186250 
8   40   40.000000   123.660000   30.915000 
8   45   20.000000   61.830000   15.457500 
5   35   10.000000   30.915000   7.728750 
5   45   10.000000   30.915000   7.728750 
2   40   20.000000   61.830000   15.457500 
0   40   20.000000   61.830000   15.457500 
0   45   20.000000   61.830000   15.457500 
44   5   20.000000   61.830000   15.457500 
42   10   40.000000   123.660000   30.915000 
42   15   10.000000   30.915000   7.728750 
40   5   10.000000   30.915000   7.728750 
40   15   40.000000   123.660000   30.915000 
38   5   30.000000   92.745000   23.186250 
38   15   10.000000   30.915000   7.728750 
35   5   20.000000   61.830000   15.457500 
95   30   30.000000   92.745000   23.186250 
95   35   20.000000   61.830000   15.457500 
92   30   10.000000   30.915000   7.728750 
90   35   10.000000   30.915000   7.728750 
88   30   10.000000   30.915000   7.728750 
88   35   20.000000   61.830000   15.457500 
87   30   10.000000   30.915000   7.728750 
85   25   10.000000   30.915000   7.728750 
85   35   30.000000   92.745000   23.186250 
67   85   20.000000   61.830000   15.457500 
65   85   40.000000   123.660000   30.915000 
65   82   10.000000   30.915000   7.728750 
62   80   30.000000   92.745000   23.186250 
60   80   10.000000   30.915000   7.728750 
60   85   30.000000   92.745000   23.186250 
58   75   20.000000   61.830000   15.457500 
55   80   10.000000   30.915000   7.728750 
55   85   20.000000   61.830000   15.457500 
55   82   10.000000   30.915000   7.728750 
20   82   10.000000   30.915000   7.728750 
18   80   10.000000   30.915000   7.728750 
2   45   10.000000   30.915000   7.728750 
42   5   10.000000   30.915000   7.728750 
42   12   10.000000   30.915000   7.728750 
72   35   30.000000   92.745000   23.186250 
55   20   19.000000   58.738500   14.684625 
25   30   3.000000   9.274500   2.318625 
20   50   5.000000   15.457500   3.864375 
55   60   16.000000   49.464000   12.366000 
30   60   16.000000   49.464000   12.366000 
50   35   19.000000   58.738500   14.684625 
30   25   23.000000   71.104500   17.776125 
15   10   20.000000   61.830000   15.457500 
10   20   19.000000   58.738500   14.684625 
15   60   17.000000   52.555500   13.138875 
45   65   9.000000   27.823500   6.955875 
65   35   3.000000   9.274500   2.318625 
65   20   6.000000   18.549000   4.637250 
45   30   17.000000   52.555500   13.138875 
35   40   16.000000   49.464000   12.366000 
41   37   16.000000   49.464000   12.366000 
64   42   9.000000   27.823500   6.955875 
40   60   21.000000   64.921500   16.230375 
31   52   27.000000   83.470500   20.867625 
35   69   23.000000   71.104500   17.776125 
65   55   14.000000   43.281000   10.820250 
63   65   8.000000   24.732000   6.183000 
2   60   5.000000   15.457500   3.864375 
20   20   8.000000   24.732000   6.183000 
5   5   16.000000   49.464000   12.366000 
