3 1 48 4
500 100
500 150
500 200
500 250
  0  23.627   3.963  0  0 0 0
  1  71.106  31.165 20 23 1 4 1 2 4 8
  2   0.549 -73.682 24  7 1 4 1 2 4 8
  3  15.039   4.950 12 24 1 4 1 2 4 8
  4  45.837  32.874 10  9 1 4 1 2 4 8
  5 -27.783  44.080 13 24 1 4 1 2 4 8
  6  34.906  20.526  4 17 1 4 1 2 4 8
  7  24.310  -7.532  6 19 1 4 1 2 4 8
  8  38.629  42.084  8 13 1 4 1 2 4 8
  9   7.281  63.531  7  6 1 4 1 2 4 8
 10   4.150  59.003 13 14 1 4 1 2 4 8
 11  72.937  62.488  5 12 1 4 1 2 4 8
 12 -22.791   9.644 17 15 1 4 1 2 4 8
 13  30.359   7.294 14 24 1 2 1 2
 14  -4.987 -34.198  8  5 1 2 4 8
 15  12.366  50.690  5 16 1 2 2 4
 16  -5.945 -51.447 13 22 1 2 2 4
 17   5.792  27.319 12  7 1 2 1 8
 18  14.374  37.646  2 17 1 2 1 2
 19 -39.008 -38.196 10  1 1 2 2 4
 20  20.477 -23.016 20 22 1 2 1 8
 21  12.036 -95.831 16  5 1 2 2 4
 22  11.102 -28.540  9  6 1 2 1 2
 23  21.722 -11.420  9 14 1 2 4 8
 24 -30.060 -57.104 16  1 1 2 2 4
 25  61.279  12.836  6 15 1 2 1 2
 26  28.094 -10.779 18 15 1 2 1 2
 27  53.424  18.237  1  7 1 2 1 2
 28  23.126 -24.481  1 21 1 2 4 8
 29  49.591  25.275  4 15 1 2 1 2
 30  18.158 -36.597 14  2 1 2 1 8
 31   8.051 -30.695 23 15 1 2 1 2
 32  46.057  -4.413  6 15 1 2 2 4
 33   4.742  -6.696  6  9 1 2 2 4
 34 -61.401 -81.763 15  3 1 2 1 8
 35 -21.790  33.777 24  1 1 2 1 2
 36   3.766 -49.152  8  5 1 2 4 8
 37  38.556  26.898  8  8 1 1 8
 38  19.128 -43.781  1 10 1 1 1
 39  27.637 -44.818 10 12 1 1 4
 40   6.873 -17.578  3  4 1 1 1
 41  11.401 -19.183  3 14 1 1 2
 42 -11.151   7.269 23 17 1 1 1
 43  72.046  15.271  2  9 1 1 2
 44  26.416  -8.600  6 22 1 1 4
 45  12.384  86.682 17  7 1 1 4
 46  76.721  32.355  6 20 1 1 4
 47  32.025  84.741 16  3 1 1 1
 48 -14.764 -79.437  3  2 1 1 2
