3 3 144 4
500 100
500 150
500 200
500 250
  0  -7.089   2.402  0  0 0 0
  1  18.884 -16.040 22  6 1 4 1 2 4 8
  2  -6.049  41.125 23 12 1 4 1 2 4 8
  3 -48.553 -29.407 14 22 1 4 1 2 4 8
  4 -20.337  52.478  8  4 1 4 1 2 4 8
  5  19.244  35.107  5  5 1 4 1 2 4 8
  6 -12.189 -45.801  3 16 1 4 1 2 4 8
  7 -16.956 -39.697 23  9 1 4 1 2 4 8
  8 -24.176 -51.526 23  7 1 4 1 2 4 8
  9  30.023 -14.740  6 21 1 4 1 2 4 8
 10 -19.269  34.711  1 18 1 4 1 2 4 8
 11  -5.286 -20.105 14  5 1 4 1 2 4 8
 12 -39.374 -10.303  8  4 1 4 1 2 4 8
 13  15.625 -36.688 24 13 1 4 1 2 4 8
 14 -35.919  80.383  9 16 1 4 1 2 4 8
 15  18.054  33.295 19  9 1 4 1 2 4 8
 16 -52.368 -18.463  3 15 1 4 1 2 4 8
 17  19.763  45.642 16  3 1 4 1 2 4 8
 18 -51.550 -30.908 18 10 1 4 1 2 4 8
 19  18.091  44.049 19 25 1 4 1 2 4 8
 20 -14.380 -62.408  1  8 1 4 1 2 4 8
 21   1.770  -5.847 17  5 1 4 1 2 4 8
 22  63.995 -11.792 10 14 1 4 1 2 4 8
 23  16.241  13.153  3  7 1 4 1 2 4 8
 24 -10.193  32.214  3 10 1 4 1 2 4 8
 25  -2.185  33.929 13 22 1 4 1 2 4 8
 26   9.674 -17.505 25  7 1 4 1 2 4 8
 27  10.559  32.007  7 10 1 4 1 2 4 8
 28 -75.110   4.510  2  2 1 4 1 2 4 8
 29 -17.352  -5.609 21 13 1 4 1 2 4 8
 30  41.479 -57.941  4  2 1 4 1 2 4 8
 31  40.948  -8.057 22 12 1 4 1 2 4 8
 32  27.118  -5.255 21 20 1 4 1 2 4 8
 33  14.093  -5.896 16  4 1 4 1 2 4 8
 34 -59.222 -12.811  8 15 1 4 1 2 4 8
 35 -32.751   2.216 21  9 1 4 1 2 4 8
 36  16.962 -66.901 10 20 1 4 1 2 4 8
 37  -2.686  18.994 15  2 1 2 2 4
 38 -48.499 -23.700 20 18 1 2 2 4
 39  -6.616 -13.336 10  1 1 2 1 2
 40 -86.798 -93.707  7  2 1 2 1 8
 41 -38.220  -5.066 11 21 1 2 1 2
 42  31.720 -36.578  4 25 1 2 1 8
 43  32.361  -1.740  3  4 1 2 1 2
 44   6.647  15.558  4  8 1 2 4 8
 45 -12.555  39.600 24  3 1 2 4 8
 46  23.071 -22.437 23 23 1 2 4 8
 47  13.739   3.558 14 25 1 2 1 8
 48  70.734 -43.695 24 14 1 2 1 2
 49  -8.771 -15.558 15 15 1 2 4 8
 50 -61.951  14.111  9 17 1 2 1 8
 51  -9.778  -4.926  8  5 1 2 2 4
 52  -2.765  17.938  4  9 1 2 2 4
 53  14.478 -41.650  1 12 1 2 1 2
 54 -51.910  26.892  8  8 1 2 1 8
 55  38.116 -98.456 12  9 1 2 1 2
 56 -31.421  11.328 17 14 1 2 4 8
 57  12.476  56.097 17 24 1 2 4 8
 58   2.399 -71.582 11  7 1 2 1 2
 59   8.411  49.017  5 15 1 2 1 2
 60  21.472  -8.655  6 16 1 2 2 4
 61 -54.492  17.676 22 19 1 2 1 2
 62  14.374  -0.012 12 22 1 2 2 4
 63 -14.001   8.032 21  8 1 2 2 4
 64  74.286 -16.187  8 14 1 2 4 8
 65  21.094 -11.499 25 22 1 2 1 8
 66 -54.370  20.740  4  1 1 2 4 8
 67  -7.458  74.432 20 13 1 2 4 8
 68   1.935  11.261 10 16 1 2 2 4
 69   6.305  36.768 11 13 1 2 1 8
 70 -31.317  -7.172  3 20 1 2 1 2
 71 -30.548  14.087 10  4 1 2 1 8
 72  18.665  87.811 16 15 1 2 2 4
 73 -36.780 -23.633 18 24 1 2 2 4
 74  35.870 -19.482  9  6 1 2 4 8
 75 -41.852  17.310 17 20 1 2 1 2
 76  56.519  58.289 24  3 1 2 4 8
 77 -43.036 -41.541 17  9 1 2 4 8
 78  27.344  70.087  1  6 1 2 1 2
 79  36.841  44.153 18 21 1 2 1 2
 80 -63.348 -14.856  6 19 1 2 1 2
 81 -45.312 -19.739  9  7 1 2 4 8
 82 -27.887  64.532  4 23 1 2 4 8
 83 -38.354  -4.034 13  5 1 2 4 8
 84 -35.638   6.610 17 12 1 2 2 4
 85   2.142  27.856  8  1 1 2 4 8
 86   6.610  -2.216 23  6 1 2 1 2
 87 -31.451  72.369 11  8 1 2 4 8
 88   2.655 -25.140 15 20 1 2 4 8
 89 -53.595  28.552  9 22 1 2 1 8
 90  -7.745  50.720 15  2 1 2 1 2
 91 -48.700 -17.981  4 22 1 2 1 8
 92 -40.582  -3.308 22  1 1 2 4 8
 93 -31.714  40.070  8 20 1 2 4 8
 94  -6.189  20.813  8 10 1 2 2 4
 95 -32.379  -7.910 12 12 1 2 1 8
 96 -19.482  13.544  7 12 1 2 4 8
 97  41.785  -2.728 25 10 1 2 1 8
 98 -69.745 -22.491  4 11 1 2 2 4
 99 -42.633  -6.836 10 17 1 2 2 4
100 -28.955  15.491  4  2 1 2 2 4
101  -9.161  29.657 21 20 1 2 4 8
102 -33.429  29.492  9  5 1 2 4 8
103 -30.872  20.654  7 14 1 2 2 4
104 -66.943  81.207  3 16 1 2 1 8
105 -14.404 -33.954  2 23 1 2 1 2
106 -70.544 -16.187 12 17 1 2 2 4
107 -31.909  48.224 14 12 1 2 1 8
108  -5.103  69.318 23 20 1 2 2 4
109  17.822 -40.405  4 12 1 1 1
110   6.653  28.217 22  7 1 1 1
111   7.343 -15.204  4 16 1 1 4
112  20.630 -56.732 12 18 1 1 8
113 -44.019 -13.092  1  3 1 1 8
114 -33.423  65.100  2  5 1 1 1
115  15.833 -14.282  9  2 1 1 2
116  -5.389  12.592 23 11 1 1 4
117  11.322 -13.574 11  1 1 1 2
118 -19.501  29.968 17 11 1 1 2
119  29.395  25.305 17  1 1 1 2
120  14.484 -49.243  3 16 1 1 2
121 -58.398  16.467 15 19 1 1 8
122  17.218 -12.415 11 23 1 1 2
123  -7.611 -15.790 15 20 1 1 4
124   3.857 -30.408 25 15 1 1 4
125  18.207 -12.823 21 22 1 1 1
126 -12.549  41.449 22 19 1 1 8
127   7.013 -20.862 14 21 1 1 4
128 -87.775 -40.820  7 18 1 1 8
129 -47.156  30.554 23 10 1 1 1
130 -16.583 -23.328  5  6 1 1 4
131  -2.637   0.049 12 21 1 1 8
132 -47.882   1.428 21  8 1 1 8
133  75.342 -28.101 14 22 1 1 4
134 -21.313  -1.727 15 14 1 1 1
135 -17.493  18.634  9 15 1 1 2
136   3.174  23.828  5 12 1 1 2
137 -33.099  55.963  3 18 1 1 2
138 -33.899   6.366  1 15 1 1 2
139   1.312  50.458  9 18 1 1 8
140 -38.715   3.235 20  6 1 1 4
141 -72.772  44.043 21 16 1 1 4
142  41.248  -4.797 12 23 1 1 8
143 -30.988  24.524  7  3 1 1 4
144  14.221  35.968  9 11 1 1 1
