3 2 144 6
500 125
500 150
500 175
500 200
500 225
500 250
  0 -10.674  16.160  0  0 0 0
  1  -2.374 -56.158  3 23 1 6 1 2 4 8 16 32
  2 -25.366 -51.691  2 13 1 6 1 2 4 8 16 32
  3  20.459 -52.020  8 15 1 6 1 2 4 8 16 32
  4 -68.463 -44.293 21 21 1 6 1 2 4 8 16 32
  5  51.794  -9.241 11  1 1 6 1 2 4 8 16 32
  6  19.818  74.152 10 21 1 6 1 2 4 8 16 32
  7  52.795   0.311  4  7 1 6 1 2 4 8 16 32
  8  12.976 -59.015 13 12 1 6 1 2 4 8 16 32
  9  11.871  24.915 13 23 1 6 1 2 4 8 16 32
 10  68.738 -50.494 12  9 1 6 1 2 4 8 16 32
 11 -22.046 -62.946  4  5 1 6 1 2 4 8 16 32
 12 -49.896 -29.114  6 18 1 6 1 2 4 8 16 32
 13 -13.593  27.863 25  5 1 6 1 2 4 8 16 32
 14 -20.868 -27.332 18 25 1 6 1 2 4 8 16 32
 15  81.989 -18.140 11  9 1 6 1 2 4 8 16 32
 16 -86.163  72.308  9 18 1 6 1 2 4 8 16 32
 17 -98.157 -15.424  9 25 1 6 1 2 4 8 16 32
 18 -59.534  11.157  5 11 1 6 1 2 4 8 16 32
 19  31.268  31.903  2  5 1 6 1 2 4 8 16 32
 20  -8.502 -99.738 18 11 1 6 1 2 4 8 16 32
 21  68.225  28.650 25 16 1 6 1 2 4 8 16 32
 22  43.201 -21.716  5  9 1 6 1 2 4 8 16 32
 23   1.892  18.744 20 15 1 6 1 2 4 8 16 32
 24  39.105 -19.037  3  8 1 6 1 2 4 8 16 32
 25 -37.854  82.397 13  6 1 6 1 2 4 8 16 32
 26  54.102  27.997 18  9 1 6 1 2 4 8 16 32
 27 -60.242   1.483 22 14 1 6 1 2 4 8 16 32
 28 -85.181  -8.716 14 19 1 6 1 2 4 8 16 32
 29 -48.267   6.116  8 21 1 6 1 2 4 8 16 32
 30 -26.855  16.559 10 15 1 6 1 2 4 8 16 32
 31 -72.589  96.625 13 23 1 6 1 2 4 8 16 32
 32  46.869   8.282 13  8 1 6 1 2 4 8 16 32
 33  49.261  35.828 14  1 1 6 1 2 4 8 16 32
 34 -32.465  39.050 20  3 1 6 1 2 4 8 16 32
 35  22.931  -2.979 24 12 1 6 1 2 4 8 16 32
 36 -92.950  25.201 13 25 1 6 1 2 4 8 16 32
 37 -33.472  38.977 13 11 1 3 8 16 32
 38 -56.763  55.975 21  1 1 3 8 16 32
 39  56.390  17.596  1 14 1 3 1 2 32
 40  22.302 -16.028 17 15 1 3 1 16 32
 41  -8.295  65.088 16 15 1 3 1 16 32
 42 -63.043  12.299 20  8 1 3 4 8 16
 43 -86.975  52.936 25 20 1 3 8 16 32
 44 -70.734   8.746  7 12 1 3 1 2 32
 45 -36.572  -8.435  9 11 1 3 4 8 16
 46 -24.951  -3.900 15 25 1 3 1 16 32
 47  47.260 -29.510 19  9 1 3 1 16 32
 48 -63.031   0.684  4 10 1 3 4 8 16
 49 -13.068  28.094 17 14 1 3 1 16 32
 50 -45.465  65.552  2 13 1 3 1 2 32
 51  70.374 -15.564 20 19 1 3 8 16 32
 52  93.805  16.101  8  5 1 3 2 4 8
 53 -13.397  72.491 23 10 1 3 1 16 32
 54 -27.136  -0.055  2  2 1 3 1 16 32
 55 -13.177  50.763 21 12 1 3 4 8 16
 56  31.781   2.045 21 15 1 3 8 16 32
 57  38.904  19.312 11  4 1 3 4 8 16
 58 -36.139  41.943  2 13 1 3 4 8 16
 59   4.498 -10.706 22 15 1 3 1 16 32
 60 -13.214  28.632 20  5 1 3 1 2 32
 61  38.287  -7.281 25 15 1 3 8 16 32
 62 -25.690  18.536 22  3 1 3 1 2 4
 63 -27.454   6.049 15  3 1 3 1 2 32
 64  -2.100  21.600  9  3 1 3 1 2 32
 65   0.403  84.155 22 22 1 3 8 16 32
 66   0.708  27.661 20  1 1 3 2 4 8
 67  77.692 -10.785 22  9 1 3 1 16 32
 68 -26.147  25.952 11  6 1 3 1 2 4
 69 -18.665  13.135 22  9 1 3 1 2 4
 70  62.195 -10.602 10 22 1 3 1 16 32
 71 -73.987  37.524 20 12 1 3 1 16 32
 72  36.780  -6.824 21 23 1 3 1 2 32
 73 -39.191  56.683 21 14 1 3 1 2 4
 74 -32.471 -41.089 11 25 1 3 1 2 32
 75 -24.951  -7.501 15 19 1 3 4 8 16
 76  -4.443  59.833 12  7 1 3 4 8 16
 77 -44.989   0.690  1 12 1 3 1 2 4
 78 -69.299 -15.179  1 18 1 3 1 16 32
 79 -71.448  19.934 21 21 1 3 1 16 32
 80  62.097   1.562 23 15 1 3 8 16 32
 81  -8.246 -20.026 10 12 1 3 1 16 32
 82  76.117   4.230 11 18 1 3 1 2 32
 83   1.044  16.125 13 24 1 3 8 16 32
 84 -16.962  26.697 13 23 1 3 8 16 32
 85 -19.781  -5.804 23  8 1 3 1 2 32
 86  -3.168  24.762 14 21 1 3 1 16 32
 87  -5.243  86.212  7  6 1 3 1 2 4
 88 -31.915  50.098  1 17 1 3 2 4 8
 89 -30.573 -44.318 23  9 1 3 1 2 4
 90  17.926 -31.097 19 20 1 3 2 4 8
 91  51.727  38.739 25  6 1 3 8 16 32
 92  -3.540  11.426 10  9 1 3 1 2 4
 93 -42.432  30.896 19 12 1 3 4 8 16
 94 -36.560  -3.644 23 10 1 3 4 8 16
 95 -37.054  59.918 20 18 1 3 8 16 32
 96 -18.976  85.504 15 20 1 3 8 16 32
 97 -27.539  23.267  4 12 1 3 4 8 16
 98 -42.212  83.582 23  3 1 3 1 16 32
 99  40.625  -1.154 12 14 1 3 1 16 32
100   8.185  67.072  7 17 1 3 8 16 32
101  28.564  92.499 21 23 1 3 4 8 16
102 -50.439  71.295 13  3 1 3 4 8 16
103  63.934 -12.543 10 10 1 3 4 8 16
104  -5.463  16.992  3  3 1 3 1 16 32
105 -74.139  13.538 22  2 1 3 2 4 8
106  -9.454 -24.591 11  1 1 3 1 2 32
107   9.814 -11.969 12 13 1 3 2 4 8
108  52.332 -41.431 11  9 1 3 4 8 16
109  37.860 -10.370  5 11 1 1 2
110 -46.783   4.974 16 18 1 1 32
111  43.732   4.797  3  8 1 1 2
112   9.857 -10.901  2 25 1 1 32
113  11.646  28.143 19  5 1 1 2
114 -69.403  20.288  9 18 1 1 1
115  44.220 -30.035 21  4 1 1 16
116  10.120  31.567 21 24 1 1 32
117 -59.918  14.838 24 20 1 1 1
118  53.375 -66.461  7 24 1 1 32
119  -5.597  40.900  1 11 1 1 2
120 -19.989  67.340 11 17 1 1 16
121  -8.807  44.873 20 13 1 1 8
122 -38.519  53.070  1  5 1 1 1
123 -24.371  29.340 17 24 1 1 2
124 -10.962 -10.962  3 17 1 1 2
125  48.309   0.159  7  1 1 1 2
126 -34.357  33.667 15 20 1 1 8
127 -49.359  92.407  9 18 1 1 32
128 -92.426 -27.319 15 12 1 1 2
129 -66.785   0.879 10 13 1 1 8
130 -16.174  56.451 24 13 1 1 2
131 -12.988  14.661  8 16 1 1 1
132 -37.244  75.409 14 14 1 1 8
133 -65.698 -84.882  8 12 1 1 32
134  59.088 -20.795 14 24 1 1 32
135  26.086  20.355 16 11 1 1 1
136  49.170 -13.330  1 10 1 1 16
137 -94.250 -28.485 16 24 1 1 8
138  -6.329  10.913  7 21 1 1 8
139 -42.163  26.801 20 12 1 1 16
140  32.715 -21.869 12  1 1 1 16
141 -27.362  46.771  3 22 1 1 2
142 -29.883  -5.585 12 17 1 1 4
143  -8.942   2.313  4  8 1 1 32
144  80.548  21.252 18 11 1 1 2
