3 3 216 6
500 125
500 150
500 175
500 200
500 225
500 250
  0 -16.492  -3.464  0  0 0 0
  1  83.081 -17.816 24  6 1 6 1 2 4 8 16 32
  2  50.372   7.709  3 21 1 6 1 2 4 8 16 32
  3 -52.576   2.002 25 16 1 6 1 2 4 8 16 32
  4 -39.685  38.171 18 12 1 6 1 2 4 8 16 32
  5 -19.183 -45.148  4  6 1 6 1 2 4 8 16 32
  6 -33.582  77.936 10  4 1 6 1 2 4 8 16 32
  7 -18.182  91.876  4 15 1 6 1 2 4 8 16 32
  8 -45.154 -55.219 13 12 1 6 1 2 4 8 16 32
  9  30.408  -4.572 12 18 1 6 1 2 4 8 16 32
 10 -73.322   4.419 24 25 1 6 1 2 4 8 16 32
 11   3.607   7.501 21 22 1 6 1 2 4 8 16 32
 12 -95.233  35.046 19 22 1 6 1 2 4 8 16 32
 13 -21.246  10.272 24  7 1 6 1 2 4 8 16 32
 14  -2.496  20.929  9 21 1 6 1 2 4 8 16 32
 15  30.676 -19.086 23  3 1 6 1 2 4 8 16 32
 16  24.591 -37.866  2 15 1 6 1 2 4 8 16 32
 17  10.425 -60.907 18  9 1 6 1 2 4 8 16 32
 18  90.692 -33.936 16  3 1 6 1 2 4 8 16 32
 19  43.073  -2.924 13 23 1 6 1 2 4 8 16 32
 20  39.679  35.138  8 13 1 6 1 2 4 8 16 32
 21 -19.623   5.505  7 16 1 6 1 2 4 8 16 32
 22 -17.834  15.631  5  1 1 6 1 2 4 8 16 32
 23  28.259 -19.708 22 15 1 6 1 2 4 8 16 32
 24  -9.985  90.167 20 23 1 6 1 2 4 8 16 32
 25 -61.023 -35.034 16  4 1 6 1 2 4 8 16 32
 26 -41.888   2.106 11 22 1 6 1 2 4 8 16 32
 27 -16.150  39.722  2  8 1 6 1 2 4 8 16 32
 28 -43.341   4.871  4  9 1 6 1 2 4 8 16 32
 29  32.397 -11.572 20  5 1 6 1 2 4 8 16 32
 30  90.875 -27.155  3 23 1 6 1 2 4 8 16 32
 31  60.193   0.214 21  9 1 6 1 2 4 8 16 32
 32 -60.577   9.521 10 12 1 6 1 2 4 8 16 32
 33 -28.363 -19.720  2  4 1 6 1 2 4 8 16 32
 34  52.185 -34.674 18 10 1 6 1 2 4 8 16 32
 35 -65.106  61.945 10  5 1 6 1 2 4 8 16 32
 36 -13.000 -32.410 13 23 1 6 1 2 4 8 16 32
 37 -25.500 -17.505 20 21 1 6 1 2 4 8 16 32
 38   4.944  76.404  8  9 1 6 1 2 4 8 16 32
 39 -18.207  97.510 24  7 1 6 1 2 4 8 16 32
 40   0.842  61.102 16 12 1 6 1 2 4 8 16 32
 41 -16.553  22.748 16  5 1 6 1 2 4 8 16 32
 42  39.966 -39.844  6  2 1 6 1 2 4 8 16 32
 43  18.030  16.010 19  2 1 6 1 2 4 8 16 32
 44 -75.250  59.186 17 22 1 6 1 2 4 8 16 32
 45 -58.881  -1.428  3 25 1 6 1 2 4 8 16 32
 46  37.549   5.212 19 11 1 6 1 2 4 8 16 32
 47 -31.311 -35.522  5  9 1 6 1 2 4 8 16 32
 48  13.525  61.719  8 23 1 6 1 2 4 8 16 32
 49 -55.634  33.759 16 13 1 6 1 2 4 8 16 32
 50  30.341  46.661 23 12 1 6 1 2 4 8 16 32
 51 -26.910 -12.115 15  6 1 6 1 2 4 8 16 32
 52  -4.797 -11.993  4  6 1 6 1 2 4 8 16 32
 53  39.435 -26.801  5  4 1 6 1 2 4 8 16 32
 54  74.689  -9.857  6 23 1 6 1 2 4 8 16 32
 55 -21.899 -33.807 14 22 1 3 1 16 32
 56  -2.039  14.075  7  1 1 3 8 16 32
 57  29.309  -5.408  4 13 1 3 4 8 16
 58 -45.935  48.926 21  1 1 3 4 8 16
 59  64.795  -3.589 10 12 1 3 1 16 32
 60 -21.198 -42.328 22 19 1 3 1 2 4
 61 -25.165 -53.003 25  3 1 3 1 2 4
 62  45.514 -76.337 25 13 1 3 1 2 4
 63  14.392  29.437 13 10 1 3 1 2 32
 64 -68.439   0.317 11 11 1 3 8 16 32
 65  50.500 -11.096 11  6 1 3 1 2 32
 66 -22.394 -13.745 19 17 1 3 1 2 4
 67  18.030 -78.595 11  6 1 3 2 4 8
 68  -9.399  39.172 19 14 1 3 1 2 4
 69  56.567 -43.518 20 12 1 3 1 2 32
 70 -82.501  -6.323 23 13 1 3 1 2 4
 71 -31.152 -26.050  2 25 1 3 8 16 32
 72 -28.882  16.229 18 17 1 3 1 2 4
 73  -6.427  -0.110 22 11 1 3 2 4 8
 74 -15.253  24.371 19 21 1 3 1 16 32
 75   8.295   3.833  2 16 1 3 1 2 4
 76  -1.385 -12.097 25  1 1 3 2 4 8
 77 -55.017  -0.586 12 25 1 3 4 8 16
 78   4.736 -42.163  9 24 1 3 2 4 8
 79  -7.233  11.523 11 14 1 3 4 8 16
 80  -1.440  11.200  5 14 1 3 2 4 8
 81  -4.816 -24.194 20  3 1 3 1 16 32
 82 -42.401  -1.758  4  4 1 3 8 16 32
 83   5.981  40.881 15  9 1 3 4 8 16
 84  48.517 -21.790 12 13 1 3 2 4 8
 85 -41.876 -41.919  5 25 1 3 1 2 4
 86 -51.636  -4.407  2 15 1 3 2 4 8
 87 -55.273 -48.853  7  8 1 3 4 8 16
 88 -27.094  22.418 13  2 1 3 1 2 32
 89  -0.934  58.923 20  1 1 3 1 16 32
 90 -45.642  48.645 16 20 1 3 2 4 8
 91 -45.367 -88.293 18  6 1 3 4 8 16
 92 -18.066 -18.640 12  2 1 3 8 16 32
 93  59.509  86.481 17 14 1 3 2 4 8
 94 -26.819 -13.904 19 16 1 3 1 2 4
 95 -17.822  25.342 11  3 1 3 2 4 8
 96  55.164 -13.739  6  7 1 3 4 8 16
 97 -62.299 -52.118 12  3 1 3 2 4 8
 98  -7.294  33.160  6  2 1 3 4 8 16
 99  80.884  53.357 21 11 1 3 1 2 32
100  43.085  -9.717  1  1 1 3 8 16 32
101 -39.069  50.055  7 18 1 3 1 2 4
102 -27.142 -20.642  3  2 1 3 8 16 32
103 -61.267  36.121 12 23 1 3 8 16 32
104  47.595 -30.164 21 16 1 3 8 16 32
105 -30.286  13.867  9 16 1 3 8 16 32
106 -13.867  11.676 11 11 1 3 8 16 32
107 -83.142 -31.775 17 21 1 3 1 2 32
108 -24.762 -38.818  7 11 1 3 2 4 8
109 -49.243  -4.987 10 13 1 3 8 16 32
110  23.291 -28.381  3 13 1 3 1 2 32
111  13.489 -32.697 13 23 1 3 1 2 32
112 -12.732   0.867 13  2 1 3 1 16 32
113 -91.016 -18.201 11  7 1 3 4 8 16
114  52.307 -15.839 10 16 1 3 4 8 16
115  47.388  20.465  5 20 1 3 1 2 4
116 -62.585 -13.684 15 12 1 3 2 4 8
117 -67.340  43.512 16 11 1 3 1 16 32
118 -13.330 -37.268  1  3 1 3 1 16 32
119 -49.384  10.876  2 20 1 3 2 4 8
120 -28.217 -22.821 22 11 1 3 8 16 32
121  69.635 -14.581  3 20 1 3 8 16 32
122   0.616  19.513 14  9 1 3 1 2 4
123  53.827 -57.684  7 15 1 3 4 8 16
124  52.850  28.961 10  3 1 3 2 4 8
125 -38.147  45.514 12 11 1 3 1 16 32
126  42.780 -42.810  6 19 1 3 4 8 16
127 -12.811 -13.416 12 24 1 3 1 2 32
128 -48.834 -10.089  5 15 1 3 1 2 4
129  -8.636 -11.206  6  4 1 3 2 4 8
130  72.626  -6.879  7 20 1 3 8 16 32
131 -66.730 -33.362 16 13 1 3 2 4 8
132  17.706   6.879 11 13 1 3 8 16 32
133 -44.379 -64.172 14 18 1 3 2 4 8
134 -25.195 -27.411  7 23 1 3 4 8 16
135 -65.485  28.015 22 18 1 3 1 16 32
136  28.784 -12.848 17  3 1 3 1 2 4
137 -21.204   0.543 20 10 1 3 8 16 32
138  68.732   9.192 15  3 1 3 4 8 16
139 -33.026  14.313 15 12 1 3 1 2 4
140 -11.267  30.835  1 18 1 3 4 8 16
141 -92.688  15.833 10 17 1 3 2 4 8
142 -37.109 -56.323 11 25 1 3 1 16 32
143  34.149 -23.962 14 14 1 3 8 16 32
144 -59.540  13.391 22 22 1 3 1 16 32
145  -7.849  11.029 18 13 1 3 1 2 32
146  56.299 -44.635 19  5 1 3 1 16 32
147 -20.331  30.322 17  2 1 3 4 8 16
148  86.078 -14.954 21 16 1 3 1 2 32
149  31.201   4.633 15  8 1 3 8 16 32
150 -57.208  10.315 21  1 1 3 1 2 4
151  16.620  74.371 24 24 1 3 1 2 4
152 -15.234   5.420 16 18 1 3 1 2 4
153 -35.950 -43.951 10 17 1 3 1 16 32
154 -12.073  23.749 25  1 1 3 1 16 32
155  15.967  -1.685 11 21 1 3 8 16 32
156 -21.399  17.310 20 13 1 3 1 16 32
157  22.137 -26.880 25 15 1 3 1 2 32
158   6.873 -58.301  5  9 1 3 8 16 32
159  49.457   4.272  8 13 1 3 8 16 32
160 -11.334  -5.560 17  2 1 3 1 16 32
161  50.903 -35.571  1 16 1 3 4 8 16
162 -35.046 -41.058 21 18 1 3 2 4 8
163 -45.111 -47.046  8 10 1 1 8
164  -3.973 -16.510  7 25 1 1 4
165 -20.221  -1.562  5 21 1 1 4
166 -52.228 -12.250  2  7 1 1 32
167 -59.430  63.312 23 21 1 1 16
168  14.484  14.276 22  8 1 1 2
169 -38.757  43.207  2  6 1 1 4
170   7.977  -3.540 23  4 1 1 8
171 -50.226 -26.874  7 10 1 1 16
172 -13.593  27.325 17  9 1 1 2
173 -25.043 -27.826 20 22 1 1 8
174  66.571 -16.284 25 25 1 1 4
175 -59.369  -2.856 10  5 1 1 1
176  -3.717  14.880  3 12 1 1 8
177 -84.845   5.481  8 24 1 1 32
178 -26.343  -3.369  6  6 1 1 16
179  -1.074  31.531 19 11 1 1 32
180 -52.881  37.372 19 16 1 1 1
181  -2.606  -8.893 17 14 1 1 2
182 -56.757  71.478  3  8 1 1 32
183 -67.432  18.280 15 11 1 1 32
184 -22.052 -25.549 15 22 1 1 4
185  26.031 -19.226 24  5 1 1 1
186  23.676 -13.342 16 12 1 1 1
187  27.930   1.965 16  1 1 1 2
188 -99.506  64.618 16  8 1 1 4
189   4.999 -16.595 14  6 1 1 8
190 -35.803 -34.259 18 25 1 1 2
191  66.705 -49.902  5 13 1 1 2
192   2.783   9.723 13  4 1 1 1
193 -35.083 -31.342 14 13 1 1 32
194  30.249  -7.568  4 17 1 1 16
195  -6.573 -15.350 12 14 1 1 4
196  17.157  46.906 17  6 1 1 1
197  -4.340  46.320  4  4 1 1 2
198 -28.815 -42.419  4 18 1 1 4
199 -77.509   2.087 13 20 1 1 2
200 -39.801  16.296  5 19 1 1 32
201  15.009   1.154  7  6 1 1 32
202 -32.544  -7.013 22 23 1 1 16
203 -42.010 -12.531  7 19 1 1 2
204 -33.698 -13.562  6 23 1 1 16
205 -10.260 -19.104 20 20 1 1 2
206  -3.040  -1.880 24  7 1 1 8
207  28.680 -41.412  5  3 1 1 4
208  35.797 -69.952 22  6 1 1 4
209 -49.683 -61.951 15  8 1 1 8
210 -66.827  31.494 15 14 1 1 8
211 -28.180 -73.029  3 12 1 1 1
212 -64.221 -16.107 16  3 1 1 2
213  36.279 -33.710  6 14 1 1 16
214 -53.467   6.854 16 24 1 1 2
215 -95.697 -50.623 14  4 1 1 32
216  70.813 -13.391 13  7 1 1 1
