3 21 1008 4
500 100
500 150
500 200
500 250
  0   23.627    3.963  0  0 0 0
  1   71.106   31.165 20 23 1 4 1 2 4 8
  2    0.549  -73.682 24  7 1 4 1 2 4 8
  3   15.039    4.950 12 24 1 4 1 2 4 8
  4   45.837   32.874 10  9 1 4 1 2 4 8
  5  -27.783   44.080 13 24 1 4 1 2 4 8
  6   34.906   20.526  4 17 1 4 1 2 4 8
  7   24.310   -7.532  6 19 1 4 1 2 4 8
  8   38.629   42.084  8 13 1 4 1 2 4 8
  9    7.281   63.531  7  6 1 4 1 2 4 8
 10    4.150   59.003 13 14 1 4 1 2 4 8
 11   72.937   62.488  5 12 1 4 1 2 4 8
 12  -22.791    9.644 17 15 1 4 1 2 4 8
 13   30.359    7.294 14 24 1 2 1 2
 14   -4.987  -34.198  8  5 1 2 4 8
 15   12.366   50.690  5 16 1 2 2 4
 16   -5.945  -51.447 13 22 1 2 2 4
 17    5.792   27.319 12  7 1 2 1 8
 18   14.374   37.646  2 17 1 2 1 2
 19  -39.008  -38.196 10  1 1 2 2 4
 20   20.477  -23.016 20 22 1 2 1 8
 21   12.036  -95.831 16  5 1 2 2 4
 22   11.102  -28.540  9  6 1 2 1 2
 23   21.722  -11.420  9 14 1 2 4 8
 24  -30.060  -57.104 16  1 1 2 2 4
 25   61.279   12.836  6 15 1 2 1 2
 26   28.094  -10.779 18 15 1 2 1 2
 27   53.424   18.237  1  7 1 2 1 2
 28   23.126  -24.481  1 21 1 2 4 8
 29   49.591   25.275  4 15 1 2 1 2
 30   18.158  -36.597 14  2 1 2 1 8
 31    8.051  -30.695 23 15 1 2 1 2
 32   46.057   -4.413  6 15 1 2 2 4
 33    4.742   -6.696  6  9 1 2 2 4
 34  -61.401  -81.763 15  3 1 2 1 8
 35  -21.790   33.777 24  1 1 2 1 2
 36    3.766  -49.152  8  5 1 2 4 8
 37   38.556   26.898  8  8 1 1 8
 38   19.128  -43.781  1 10 1 1 1
 39   27.637  -44.818 10 12 1 1 4
 40    6.873  -17.578  3  4 1 1 1
 41   11.401  -19.183  3 14 1 1 2
 42  -11.151    7.269 23 17 1 1 1
 43   72.046   15.271  2  9 1 1 2
 44   26.416   -8.600  6 22 1 1 4
 45   12.384   86.682 17  7 1 1 4
 46   76.721   32.355  6 20 1 1 4
 47   32.025   84.741 16  3 1 1 1
 48  -14.764  -79.437  3  2 1 1 2
 49  -16.412    5.396 23 25 1 4 1 2 4 8
 50   20.190    8.527  9  8 1 4 1 2 4 8
 51   12.085   36.420  2 15 1 4 1 2 4 8
 52   51.642   37.671 19 13 1 4 1 2 4 8
 53  -24.896   27.045  9  8 1 4 1 2 4 8
 54   58.136  -70.673 10 11 1 4 1 2 4 8
 55   16.418   28.979 14  8 1 4 1 2 4 8
 56   55.542  -46.954 12  7 1 4 1 2 4 8
 57   52.472  -61.682 17  7 1 4 1 2 4 8
 58   23.572  -26.721 14  1 1 4 1 2 4 8
 59    5.792   50.482  5 23 1 4 1 2 4 8
 60   46.429  -99.872 17  6 1 4 1 2 4 8
 61  -35.999   77.466 15 18 1 4 1 2 4 8
 62    4.822  -23.743 10 16 1 4 1 2 4 8
 63    5.042  -41.986  4 11 1 4 1 2 4 8
 64   -5.896   -9.009 24 12 1 4 1 2 4 8
 65   89.520  -47.461 19 19 1 4 1 2 4 8
 66   24.176   42.108  4 22 1 4 1 2 4 8
 67   41.675  -35.040  7 13 1 4 1 2 4 8
 68   76.843   31.683 18  6 1 4 1 2 4 8
 69    3.949  -24.646  8 18 1 4 1 2 4 8
 70   77.942  -10.742 16 14 1 4 1 2 4 8
 71   78.876  -26.440 21 17 1 4 1 2 4 8
 72   44.397  -15.332  4  1 1 4 1 2 4 8
 73   15.961   36.847 10 19 1 2 1 8
 74   69.397  -54.626 12 18 1 2 1 2
 75   14.874   83.002  5 18 1 2 4 8
 76   30.078   24.780 11 14 1 2 2 4
 77   83.313   10.638 12 25 1 2 1 8
 78    5.786   -2.856 14 19 1 2 2 4
 79   62.177   22.217 16  6 1 2 2 4
 80   65.588  -41.077  2  2 1 2 2 4
 81  -10.004   51.379 19 13 1 2 4 8
 82   63.391    8.636 16  5 1 2 1 8
 83   -5.695    1.202  2 21 1 2 1 2
 84   -8.167    4.395  5 25 1 2 2 4
 85    3.253   -4.755  1 13 1 2 2 4
 86   46.057  -63.452  7  6 1 2 1 2
 87   63.416   -5.261 15 19 1 2 2 4
 88   13.092  -36.743 15 11 1 2 1 8
 89   23.669  -26.154  2 10 1 2 4 8
 90    9.027   90.192 13 21 1 2 1 8
 91   76.624    6.805 10 17 1 2 1 2
 92   -1.208   -8.875 21  3 1 2 4 8
 93   37.042   60.815  5  8 1 2 4 8
 94   65.265   37.909  3  6 1 2 1 8
 95  -10.120  -15.631 24  6 1 2 4 8
 96    9.680  -28.711  9 17 1 2 1 2
 97    7.550  -56.458  2 11 1 2 4 8
 98   14.795   62.445 23  4 1 2 1 8
 99    7.269  -24.066  3 11 1 2 1 2
100   21.490   50.092 12 18 1 2 1 2
101  -17.242   -6.396 25 24 1 2 2 4
102   65.985  -14.948 25 12 1 2 2 4
103   49.139  -25.116 18 15 1 2 1 8
104  -19.012  -76.208 15  5 1 2 2 4
105   96.301   -6.873 10 10 1 2 1 8
106   66.113   68.481  3 14 1 2 1 8
107   30.048   27.020  5  3 1 2 2 4
108   72.052   -6.567 17 25 1 2 1 8
109    7.550  -39.832 11 25 1 2 1 2
110   53.082  -10.693 13  7 1 2 1 2
111  -25.073  -58.185 19  8 1 2 2 4
112   36.761  -14.014 22 24 1 2 1 2
113   19.366   30.005 24  8 1 2 4 8
114   23.315   44.336 16 22 1 2 1 2
115   36.548   -2.161  8 15 1 2 1 8
116   81.311  -73.871 11  5 1 2 1 2
117   87.250  -86.615 15 14 1 2 1 2
118   17.725   73.309  8 23 1 2 2 4
119   57.953   17.877  3 12 1 2 2 4
120   -8.344   38.257  9  9 1 2 1 2
121   10.443   47.455 24 20 1 1 8
122   71.143   44.336  6  1 1 1 2
123   39.014   35.083 12 14 1 1 2
124   62.701  -59.564 21 18 1 1 8
125   18.237   -8.545  8 11 1 1 4
126   34.857   14.148 11 23 1 1 2
127  -91.144  -76.550  3  1 1 1 2
128   15.460  -76.562 16 17 1 1 1
129   74.957  -24.280 18  9 1 1 1
130  -62.354  -39.624 14 20 1 1 8
131   30.884    4.156  2  5 1 1 4
132   45.197  -28.235  1  3 1 1 4
133    0.262    9.045 21 16 1 1 2
134   -2.850   31.848  1 15 1 1 1
135   14.685  -22.229 10  4 1 1 1
136  -39.490  -20.728 18 17 1 1 4
137   26.331   30.322 10 24 1 1 4
138  -23.291   24.756  9 20 1 1 1
139   35.669   -5.322  9 20 1 1 2
140   56.512  -32.996 25 23 1 1 4
141   54.388   56.714 25 24 1 1 4
142   25.116    8.917  1 10 1 1 8
143   40.240   90.057  5  7 1 1 2
144  -18.970  -44.684  9 11 1 1 4
145   18.884  -16.040 22  6 1 4 1 2 4 8
146   -6.049   41.125 23 12 1 4 1 2 4 8
147  -48.553  -29.407 14 22 1 4 1 2 4 8
148  -20.337   52.478  8  4 1 4 1 2 4 8
149   19.244   35.107  5  5 1 4 1 2 4 8
150  -12.189  -45.801  3 16 1 4 1 2 4 8
151  -16.956  -39.697 23  9 1 4 1 2 4 8
152  -24.176  -51.526 23  7 1 4 1 2 4 8
153   30.023  -14.740  6 21 1 4 1 2 4 8
154  -19.269   34.711  1 18 1 4 1 2 4 8
155   -5.286  -20.105 14  5 1 4 1 2 4 8
156  -39.374  -10.303  8  4 1 4 1 2 4 8
157   15.625  -36.688 24 13 1 4 1 2 4 8
158  -35.919   80.383  9 16 1 4 1 2 4 8
159   18.054   33.295 19  9 1 4 1 2 4 8
160  -52.368  -18.463  3 15 1 4 1 2 4 8
161   19.763   45.642 16  3 1 4 1 2 4 8
162  -51.550  -30.908 18 10 1 4 1 2 4 8
163   18.091   44.049 19 25 1 4 1 2 4 8
164  -14.380  -62.408  1  8 1 4 1 2 4 8
165    1.770   -5.847 17  5 1 4 1 2 4 8
166   63.995  -11.792 10 14 1 4 1 2 4 8
167   16.241   13.153  3  7 1 4 1 2 4 8
168  -10.193   32.214  3 10 1 4 1 2 4 8
169   -2.185   33.929 13 22 1 4 1 2 4 8
170    9.674  -17.505 25  7 1 4 1 2 4 8
171   10.559   32.007  7 10 1 4 1 2 4 8
172  -75.110    4.510  2  2 1 4 1 2 4 8
173  -17.352   -5.609 21 13 1 4 1 2 4 8
174   41.479  -57.941  4  2 1 4 1 2 4 8
175   40.948   -8.057 22 12 1 4 1 2 4 8
176   27.118   -5.255 21 20 1 4 1 2 4 8
177   14.093   -5.896 16  4 1 4 1 2 4 8
178  -59.222  -12.811  8 15 1 4 1 2 4 8
179  -32.751    2.216 21  9 1 4 1 2 4 8
180   16.962  -66.901 10 20 1 4 1 2 4 8
181   -2.686   18.994 15  2 1 2 2 4
182  -48.499  -23.700 20 18 1 2 2 4
183   -6.616  -13.336 10  1 1 2 1 2
184  -86.798  -93.707  7  2 1 2 1 8
185  -38.220   -5.066 11 21 1 2 1 2
186   31.720  -36.578  4 25 1 2 1 8
187   32.361   -1.740  3  4 1 2 1 2
188    6.647   15.558  4  8 1 2 4 8
189  -12.555   39.600 24  3 1 2 4 8
190   23.071  -22.437 23 23 1 2 4 8
191   13.739    3.558 14 25 1 2 1 8
192   70.734  -43.695 24 14 1 2 1 2
193   -8.771  -15.558 15 15 1 2 4 8
194  -61.951   14.111  9 17 1 2 1 8
195   -9.778   -4.926  8  5 1 2 2 4
196   -2.765   17.938  4  9 1 2 2 4
197   14.478  -41.650  1 12 1 2 1 2
198  -51.910   26.892  8  8 1 2 1 8
199   38.116  -98.456 12  9 1 2 1 2
200  -31.421   11.328 17 14 1 2 4 8
201   12.476   56.097 17 24 1 2 4 8
202    2.399  -71.582 11  7 1 2 1 2
203    8.411   49.017  5 15 1 2 1 2
204   21.472   -8.655  6 16 1 2 2 4
205  -54.492   17.676 22 19 1 2 1 2
206   14.374   -0.012 12 22 1 2 2 4
207  -14.001    8.032 21  8 1 2 2 4
208   74.286  -16.187  8 14 1 2 4 8
209   21.094  -11.499 25 22 1 2 1 8
210  -54.370   20.740  4  1 1 2 4 8
211   -7.458   74.432 20 13 1 2 4 8
212    1.935   11.261 10 16 1 2 2 4
213    6.305   36.768 11 13 1 2 1 8
214  -31.317   -7.172  3 20 1 2 1 2
215  -30.548   14.087 10  4 1 2 1 8
216   18.665   87.811 16 15 1 2 2 4
217  -36.780  -23.633 18 24 1 2 2 4
218   35.870  -19.482  9  6 1 2 4 8
219  -41.852   17.310 17 20 1 2 1 2
220   56.519   58.289 24  3 1 2 4 8
221  -43.036  -41.541 17  9 1 2 4 8
222   27.344   70.087  1  6 1 2 1 2
223   36.841   44.153 18 21 1 2 1 2
224  -63.348  -14.856  6 19 1 2 1 2
225  -45.312  -19.739  9  7 1 2 4 8
226  -27.887   64.532  4 23 1 2 4 8
227  -38.354   -4.034 13  5 1 2 4 8
228  -35.638    6.610 17 12 1 2 2 4
229    2.142   27.856  8  1 1 2 4 8
230    6.610   -2.216 23  6 1 2 1 2
231  -31.451   72.369 11  8 1 2 4 8
232    2.655  -25.140 15 20 1 2 4 8
233  -53.595   28.552  9 22 1 2 1 8
234   -7.745   50.720 15  2 1 2 1 2
235  -48.700  -17.981  4 22 1 2 1 8
236  -40.582   -3.308 22  1 1 2 4 8
237  -31.714   40.070  8 20 1 2 4 8
238   -6.189   20.813  8 10 1 2 2 4
239  -32.379   -7.910 12 12 1 2 1 8
240  -19.482   13.544  7 12 1 2 4 8
241   41.785   -2.728 25 10 1 2 1 8
242  -69.745  -22.491  4 11 1 2 2 4
243  -42.633   -6.836 10 17 1 2 2 4
244  -28.955   15.491  4  2 1 2 2 4
245   -9.161   29.657 21 20 1 2 4 8
246  -33.429   29.492  9  5 1 2 4 8
247  -30.872   20.654  7 14 1 2 2 4
248  -66.943   81.207  3 16 1 2 1 8
249  -14.404  -33.954  2 23 1 2 1 2
250  -70.544  -16.187 12 17 1 2 2 4
251  -31.909   48.224 14 12 1 2 1 8
252   -5.103   69.318 23 20 1 2 2 4
253   17.822  -40.405  4 12 1 1 1
254    6.653   28.217 22  7 1 1 1
255    7.343  -15.204  4 16 1 1 4
256   20.630  -56.732 12 18 1 1 8
257  -44.019  -13.092  1  3 1 1 8
258  -33.423   65.100  2  5 1 1 1
259   15.833  -14.282  9  2 1 1 2
260   -5.389   12.592 23 11 1 1 4
261   11.322  -13.574 11  1 1 1 2
262  -19.501   29.968 17 11 1 1 2
263   29.395   25.305 17  1 1 1 2
264   14.484  -49.243  3 16 1 1 2
265  -58.398   16.467 15 19 1 1 8
266   17.218  -12.415 11 23 1 1 2
267   -7.611  -15.790 15 20 1 1 4
268    3.857  -30.408 25 15 1 1 4
269   18.207  -12.823 21 22 1 1 1
270  -12.549   41.449 22 19 1 1 8
271    7.013  -20.862 14 21 1 1 4
272  -87.775  -40.820  7 18 1 1 8
273  -47.156   30.554 23 10 1 1 1
274  -16.583  -23.328  5  6 1 1 4
275   -2.637    0.049 12 21 1 1 8
276  -47.882    1.428 21  8 1 1 8
277   75.342  -28.101 14 22 1 1 4
278  -21.313   -1.727 15 14 1 1 1
279  -17.493   18.634  9 15 1 1 2
280    3.174   23.828  5 12 1 1 2
281  -33.099   55.963  3 18 1 1 2
282  -33.899    6.366  1 15 1 1 2
283    1.312   50.458  9 18 1 1 8
284  -38.715    3.235 20  6 1 1 4
285  -72.772   44.043 21 16 1 1 4
286   41.248   -4.797 12 23 1 1 8
287  -30.988   24.524  7  3 1 1 4
288   14.221   35.968  9 11 1 1 1
289   -1.410   38.470 18  3 1 4 1 2 4 8
290    2.948  -20.251 18  8 1 4 1 2 4 8
291  -32.855   20.105  3  6 1 4 1 2 4 8
292  -10.516   26.233 14  8 1 4 1 2 4 8
293  -28.339   59.308  4 13 1 4 1 2 4 8
294  -40.582   51.685 13 20 1 4 1 2 4 8
295  -31.183   40.466 25 18 1 4 1 2 4 8
296   62.915   78.546 10 24 1 4 1 2 4 8
297  -21.381  -10.602 11 20 1 4 1 2 4 8
298  -22.058   -8.765 14 14 1 4 1 2 4 8
299   41.406  -32.452 11 15 1 4 1 2 4 8
300   -5.786   14.954  9  1 1 4 1 2 4 8
301   -6.671  -36.298 17 21 1 4 1 2 4 8
302  -53.668   33.014 19 15 1 4 1 2 4 8
303    6.342   81.238  7 12 1 4 1 2 4 8
304   17.767  -31.000 18 18 1 4 1 2 4 8
305  -49.341    7.861 20  4 1 4 1 2 4 8
306   12.341  -23.999 10 25 1 4 1 2 4 8
307  -39.502    6.250 22 21 1 4 1 2 4 8
308    7.117   14.441  9 15 1 4 1 2 4 8
309   19.897   -9.216  7 17 1 4 1 2 4 8
310  -24.402   29.694 23  9 1 4 1 2 4 8
311   26.147  -12.207  2  1 1 4 1 2 4 8
312   31.183   40.344 22 25 1 4 1 2 4 8
313   27.069  -17.627 20 18 1 4 1 2 4 8
314   28.534  -43.945 15 19 1 4 1 2 4 8
315   10.797  -53.784 11 22 1 4 1 2 4 8
316  -85.785   29.449  4  2 1 4 1 2 4 8
317  -17.273   72.626  2  2 1 4 1 2 4 8
318  -35.657  -24.512 13 23 1 4 1 2 4 8
319  -26.807   42.059  7 24 1 4 1 2 4 8
320   19.434    4.730 21 12 1 4 1 2 4 8
321  -47.821   30.426 13 21 1 4 1 2 4 8
322   10.547  -31.482  4  8 1 4 1 2 4 8
323  -38.544   19.873 12 21 1 4 1 2 4 8
324  -27.972   15.851  2  2 1 4 1 2 4 8
325  -47.919   73.254 13 23 1 4 1 2 4 8
326  -13.141  -96.667  7 13 1 4 1 2 4 8
327    9.131   37.061  3  5 1 4 1 2 4 8
328   -4.053  -78.888 12 12 1 4 1 2 4 8
329  -27.838   32.208 20 17 1 4 1 2 4 8
330  -50.439   41.803  3 11 1 4 1 2 4 8
331  -17.767  -49.957  8  5 1 4 1 2 4 8
332  -16.132   20.935 15  8 1 4 1 2 4 8
333  -33.234   36.536 23 16 1 4 1 2 4 8
334   42.529  -41.534 19 22 1 4 1 2 4 8
335  -19.342    1.129 18  9 1 4 1 2 4 8
336  -11.493   12.109  7  2 1 4 1 2 4 8
337  -67.175    5.920 19  6 1 2 1 8
338  -71.765   44.427  7 25 1 2 1 8
339  -98.322   39.105 20  9 1 2 1 8
340   85.083   16.327 23  5 1 2 1 8
341    0.757   27.405  1 16 1 2 1 8
342    8.380  -80.713 18 18 1 2 2 4
343   51.917  -71.155 22  6 1 2 1 2
344  -33.997  -20.868  7 10 1 2 4 8
345    0.513  -30.981 15 24 1 2 1 2
346   22.046  -13.397  3  3 1 2 1 8
347   28.656  -22.156 19 23 1 2 1 2
348   24.670   28.107 21 22 1 2 1 2
349  -89.880   39.508 22  6 1 2 1 2
350  -37.097   70.959 22 11 1 2 2 4
351   11.005  -19.946 10 17 1 2 4 8
352   10.309  -65.625 12 25 1 2 1 2
353  -69.287   41.223 18 20 1 2 4 8
354  -45.929   -8.801 19 25 1 2 2 4
355   36.548    1.031 10 15 1 2 2 4
356  -44.592   18.787 14 20 1 2 1 2
357  -28.937    6.421 17  6 1 2 1 8
358   89.532  -53.479  5 10 1 2 4 8
359   23.676  -63.177 23 24 1 2 4 8
360  -37.421  -35.944 10 14 1 2 1 2
361  -47.870   30.127  5 11 1 2 4 8
362  -74.377   76.648 15 20 1 2 4 8
363   -8.374  -13.135  2 13 1 2 4 8
364   34.760   58.545 11 13 1 2 2 4
365    1.813   -4.907  6  2 1 2 2 4
366   31.061  -38.373  1 22 1 2 1 8
367   51.373   14.001  6 12 1 2 2 4
368  -44.470   30.817  2  7 1 2 1 2
369   40.186  -57.477 21  7 1 2 1 2
370   27.374  -14.917 18  8 1 2 1 2
371   20.258  -59.399  8  1 1 2 4 8
372   49.377   25.946 19  4 1 2 2 4
373  -37.646   26.044 25 24 1 2 4 8
374  -42.578    5.573 10  6 1 2 1 8
375  -67.859   -9.814 22 24 1 2 4 8
376  -19.629   61.621 17  4 1 2 4 8
377   -7.611  -27.032 16 17 1 2 4 8
378  -19.092   56.018 24 19 1 2 4 8
379   69.287  -77.911  6 15 1 2 1 2
380   66.772  -51.709 22 14 1 2 2 4
381  -36.047   27.246 12  6 1 2 2 4
382    7.928  -33.582  3 11 1 2 4 8
383  -37.366   30.859 13 13 1 2 1 8
384  -10.748   32.288 14 22 1 2 4 8
385   -3.943  -35.229 25 12 1 2 1 8
386  -71.057  -17.004  1 10 1 2 1 2
387  -12.622   16.211 12  5 1 2 1 8
388   31.042  -33.923 15 19 1 2 4 8
389  -18.195    9.235 15 23 1 2 1 2
390  -21.411  -39.404 15  6 1 2 2 4
391  -37.433   43.152  9  4 1 2 1 8
392  -64.417   43.829 17 14 1 2 1 8
393  -43.756   30.029  1 12 1 2 1 8
394   74.457    6.378 10 10 1 2 1 2
395  -25.787    7.117  6 11 1 2 1 2
396   24.487   70.093 13 11 1 2 1 2
397   60.449  -30.676  6 12 1 2 1 2
398  -50.641  -59.888 21 18 1 2 4 8
399   18.976  -40.289  8 23 1 2 4 8
400   -0.104    8.582  4  7 1 2 1 2
401    3.485  -18.616  9 13 1 2 2 4
402   43.085  -29.810 10  9 1 2 1 8
403   26.807  -26.422 12 14 1 2 1 2
404  -21.234   -1.752 25  3 1 2 4 8
405  -46.417   49.591 25 25 1 2 1 8
406   18.195   50.830 16 18 1 2 1 8
407  -38.171  -14.099 23 22 1 2 4 8
408  -32.214   37.982 24 15 1 2 4 8
409    6.964   83.862 12 21 1 2 1 8
410  -26.190    6.647  4 19 1 2 1 8
411   33.972  -24.603 23  3 1 2 4 8
412   52.417  -18.445  8 23 1 2 4 8
413   -8.313   12.677  3  1 1 2 1 8
414  -25.183   52.484  2 10 1 2 4 8
415   15.729  -26.508 14 22 1 2 1 8
416  -34.674   -8.313 12 23 1 2 1 8
417  -36.700    0.629 22  9 1 2 4 8
418  -33.002  -60.052 18 20 1 2 2 4
419  -25.360   18.481 20 21 1 2 1 2
420  -15.192   29.132 19 13 1 2 1 2
421    2.325   11.346 10 15 1 2 2 4
422   17.615   -2.563  2  1 1 2 1 8
423   48.303  -47.656 12 20 1 2 2 4
424  -26.471  -30.414 25  9 1 2 2 4
425  -54.053   43.549  1  7 1 2 4 8
426  -28.442   24.884 10  8 1 2 2 4
427    1.501  -14.636 19  2 1 2 1 8
428  -80.255   39.062 16 19 1 2 1 2
429   33.313   -9.253 15  8 1 2 4 8
430   23.328   72.046 18 21 1 2 1 2
431   23.895  -12.463 13 22 1 2 2 4
432  -17.218   12.891  4  1 1 2 1 8
433  -21.326   14.978 16  5 1 1 4
434    5.548  -24.408 10 22 1 1 2
435   16.333  -32.629 16  8 1 1 4
436   39.185  -41.602  3 16 1 1 8
437  -28.918   -9.113  3 21 1 1 8
438   12.152   95.117 14  9 1 1 8
439  -40.717   70.312 22  8 1 1 2
440   27.655    3.101 18 18 1 1 4
441   18.616   -3.699 25 12 1 1 2
442  -70.093   32.147 25 22 1 1 1
443  -17.279   50.616 16  5 1 1 1
444   38.818  -17.389 25 10 1 1 8
445  -15.594  -11.432  4 12 1 1 1
446   60.101  -38.263 11 13 1 1 2
447  -81.720  -27.301  1 14 1 1 4
448   98.914  -31.921 14 16 1 1 8
449   35.760  -50.830  1 12 1 1 2
450   19.409  -20.288 20 19 1 1 8
451  -41.351   45.343 21 22 1 1 4
452  -15.015   16.290  2 24 1 1 1
453  -74.829  -22.644 14 10 1 1 4
454   -4.803  -19.629  7 11 1 1 4
455  -35.339   42.651 16  5 1 1 2
456   18.707  -24.500 14  8 1 1 4
457  -23.273   58.026 14  7 1 1 4
458  -50.159   56.805 19 11 1 1 8
459  -41.974   16.254 15  7 1 1 1
460  -77.063   28.723 21  7 1 1 1
461  -34.705  -49.426 10  2 1 1 1
462  -30.005   50.018 13 13 1 1 8
463  -82.294   54.059  4  2 1 1 8
464  -49.640   30.554 16 14 1 1 8
465   26.434   -4.578  8  9 1 1 2
466   91.473  -89.404  1  9 1 1 8
467    5.652   92.957  2  1 1 1 4
468   -0.049   26.697 20 24 1 1 8
469   26.868  -55.914  1  2 1 1 1
470   -7.196   -8.972  4 10 1 1 8
471  -24.011    7.373 15  4 1 1 2
472   -0.720   18.884 12  2 1 1 2
473   19.690   57.098 10 18 1 1 1
474   24.768  -86.151 24  3 1 1 1
475  -55.389   18.152 23  8 1 1 4
476  -41.986   43.701 22 18 1 1 8
477   72.864  -97.382 20  7 1 1 1
478   14.319  -28.888 10 10 1 1 8
479   34.210    9.076 13 16 1 1 4
480    0.922  -11.090 13 22 1 1 8
481  -34.686   24.048  1 24 1 4 1 2 4 8
482    9.717  -10.956 12 18 1 4 1 2 4 8
483   54.742  -41.296 20 15 1 4 1 2 4 8
484   51.898   89.935  5 18 1 4 1 2 4 8
485   -0.006   24.420 10  7 1 4 1 2 4 8
486    7.379  -12.677 12  1 1 4 1 2 4 8
487  -56.360   19.299 19 17 1 4 1 2 4 8
488    0.604   24.774  8  7 1 4 1 2 4 8
489   44.183   55.829 18  5 1 4 1 2 4 8
490  -24.292   27.118 25 16 1 4 1 2 4 8
491    2.789   54.303 23  8 1 4 1 2 4 8
492   57.104   66.650  3  8 1 4 1 2 4 8
493  -51.465   30.646 21 21 1 4 1 2 4 8
494   47.546  -20.782  5  9 1 4 1 2 4 8
495    6.696   32.458  1 18 1 4 1 2 4 8
496   41.144   18.518 15  6 1 4 1 2 4 8
497  -62.811   59.491  9 23 1 4 1 2 4 8
498   20.728  -37.500 19  9 1 4 1 2 4 8
499  -59.039   38.422 13 14 1 4 1 2 4 8
500   36.731  -50.226 24  5 1 4 1 2 4 8
501  -62.030   33.521  7 22 1 4 1 2 4 8
502   46.210   17.157  8 11 1 4 1 2 4 8
503   27.307   21.722 12 21 1 4 1 2 4 8
504    6.403  -18.994 13 19 1 4 1 2 4 8
505   20.776  -15.387 25 15 1 4 1 2 4 8
506  -53.625   34.863 23 13 1 4 1 2 4 8
507  -12.903   37.512 20  4 1 4 1 2 4 8
508  -13.123    2.655  8 19 1 4 1 2 4 8
509   24.396   51.978  5 24 1 4 1 2 4 8
510   78.394   64.496 19 19 1 4 1 2 4 8
511  -11.444   69.794 24  7 1 4 1 2 4 8
512  -33.502    7.501  4 17 1 4 1 2 4 8
513   33.228  -22.797 13 18 1 4 1 2 4 8
514   -5.127  -26.282 15 24 1 4 1 2 4 8
515    0.305  -79.218 15  2 1 4 1 2 4 8
516   24.768  -88.690 21 25 1 4 1 2 4 8
517    5.243  -67.346 21  8 1 4 1 2 4 8
518  -19.440   50.104 24 21 1 4 1 2 4 8
519   19.061  -29.480 18  7 1 4 1 2 4 8
520  -10.083   36.786 13  5 1 4 1 2 4 8
521   57.715   71.362  4 14 1 4 1 2 4 8
522  -47.406   63.544 11 15 1 4 1 2 4 8
523   15.790  -17.041  4  2 1 4 1 2 4 8
524   70.361   27.753 25  5 1 4 1 2 4 8
525   -2.551   51.666 13  1 1 4 1 2 4 8
526  -68.878    4.053 17  3 1 4 1 2 4 8
527  -19.385   12.677 14 23 1 4 1 2 4 8
528   41.693  -93.585 15 10 1 4 1 2 4 8
529   28.082  -18.262 19 23 1 4 1 2 4 8
530   28.845  -16.473 10 12 1 4 1 2 4 8
531  -52.032   26.703 23 10 1 4 1 2 4 8
532  -27.356   38.708 19  6 1 4 1 2 4 8
533  -34.302   25.995 25  4 1 4 1 2 4 8
534  -41.425   78.906 21 25 1 4 1 2 4 8
535   24.786  -35.925  5 19 1 4 1 2 4 8
536  -22.522   18.536  4  8 1 4 1 2 4 8
537   -7.550   23.572 22 21 1 4 1 2 4 8
538  -45.129   30.438  9  1 1 4 1 2 4 8
539  -33.136   30.731 19 11 1 4 1 2 4 8
540  -31.482    9.351 11  4 1 4 1 2 4 8
541    9.686    7.294 14 23 1 2 1 2
542   43.884  -23.669 12 12 1 2 1 8
543   49.188   59.290 11  6 1 2 1 8
544  -39.551  -10.968  3 17 1 2 4 8
545  -96.521   45.508 17 21 1 2 1 2
546  -59.076   41.669  2 20 1 2 2 4
547  -68.811    4.315  1 24 1 2 1 8
548   10.510   19.092  5 25 1 2 2 4
549   40.820   65.723 11 21 1 2 4 8
550   28.833  -57.672  7 25 1 2 2 4
551   29.303  -49.371 19  7 1 2 1 2
552   -6.238  -52.020 22 14 1 2 1 2
553  -75.037   46.448  2 17 1 2 2 4
554  -57.495   13.574 10  3 1 2 4 8
555  -15.704   13.940 20  3 1 2 2 4
556   36.322   71.411  8  9 1 2 1 8
557   39.429   30.835 21 16 1 2 1 8
558  -93.097   84.552 20 21 1 2 1 2
559   45.367   -8.905 18 11 1 2 2 4
560   96.985  -19.165 23 12 1 2 1 2
561  -53.088   53.790  8  4 1 2 1 2
562  -23.102   61.108 15  8 1 2 4 8
563   28.400  -35.272 24 13 1 2 4 8
564  -31.110  -51.361 16  6 1 2 2 4
565   82.385   46.893 24 10 1 2 1 8
566  -19.629    0.769 11  4 1 2 4 8
567   13.965   91.473 19 23 1 2 2 4
568  -87.347    5.078 21 13 1 2 2 4
569  -27.386  -58.612  6 22 1 2 4 8
570  -39.404   54.022  6 12 1 2 2 4
571    7.391  -32.019 23 19 1 2 1 8
572   54.401   29.810 10 22 1 2 2 4
573   28.650   63.910 16 22 1 2 4 8
574    1.117  -56.006 23 24 1 2 2 4
575   14.471   14.288 25 10 1 2 4 8
576  -17.572  -79.858 19 19 1 2 2 4
577  -20.978  -34.015  8  9 1 2 1 8
578   81.104   94.263  2 16 1 2 2 4
579    1.190   56.055  6 23 1 2 1 2
580   21.112  -47.125 20 19 1 2 1 8
581   75.848   86.322  5 14 1 2 2 4
582    7.880   -5.750 13  6 1 2 1 2
583  -69.318   28.619  3 25 1 2 4 8
584   10.931  -29.095 18 20 1 2 1 2
585  -22.272   -1.086  9  1 1 2 4 8
586   32.770   29.266 17 14 1 2 2 4
587   11.786   15.375 18 22 1 2 4 8
588   10.645    6.067 11  1 1 2 2 4
589    3.345   17.041  9 20 1 2 2 4
590    5.615  -87.604  5 13 1 2 2 4
591   20.490  -30.389 16 16 1 2 1 2
592    2.661   66.876 19 24 1 2 1 8
593   14.752   22.925  9  9 1 2 1 2
594   25.201  -47.119  5 25 1 2 1 2
595  -16.949   67.664 11 18 1 2 2 4
596  -28.986   28.894 15  6 1 2 1 8
597   35.413  -48.401 24 22 1 2 1 2
598  -29.620   72.046 19 22 1 2 1 8
599  -31.281  -15.088  6  2 1 2 4 8
600  -46.460   48.151 10  8 1 2 1 2
601   56.378  -25.140 20 15 1 2 2 4
602   30.255  -25.458 23 20 1 2 4 8
603  -54.669   25.677 22 19 1 2 2 4
604  -61.542   35.144  5  7 1 2 4 8
605   32.532  -18.872 21 22 1 2 4 8
606  -92.487  -22.693  7  7 1 2 1 8
607   70.404  -72.443 14 15 1 2 2 4
608    8.783  -69.360 22 19 1 2 4 8
609   26.794   57.440 15  4 1 2 1 8
610    6.421   62.018  7 10 1 2 2 4
611  -99.670   11.475 10 14 1 2 1 8
612  -44.159   41.980 12  4 1 2 1 2
613  -55.664   39.050  8 25 1 2 4 8
614  -43.549   30.188 11 12 1 2 1 8
615   38.019  -18.427  2 24 1 2 1 2
616   31.653   63.483  7  3 1 2 1 2
617   26.068  -10.266 12 18 1 2 1 2
618  -73.022   25.958 24 25 1 2 1 2
619  -41.949   22.791 15 19 1 2 4 8
620    6.207   44.769 11  3 1 2 1 8
621   25.104   78.876  2 18 1 2 1 8
622   34.998   16.058 17  9 1 2 1 8
623  -43.262    8.588 18 20 1 2 1 8
624  -12.598   48.462 11 23 1 2 2 4
625  -15.387   67.053 17 13 1 2 1 2
626   -8.099   40.924 15  6 1 2 2 4
627  -33.551   34.430  8 13 1 2 1 2
628   28.937  -22.119  4 12 1 2 1 8
629   78.638   -8.209  9 24 1 2 4 8
630   51.001   45.770 18 14 1 2 2 4
631   49.200   20.630 10 18 1 2 2 4
632  -41.656   51.086  2 16 1 2 2 4
633   19.690  -28.058 22  9 1 2 4 8
634   56.927   15.271  2  6 1 2 2 4
635   28.503   -6.470 17  4 1 2 4 8
636   -1.367   -9.375 23  4 1 2 4 8
637  -81.995   -2.673 21 16 1 2 2 4
638  -24.945  -41.241 14 22 1 2 4 8
639  -86.847   69.415  9  1 1 2 2 4
640   46.558   15.570 22  2 1 2 1 8
641  -85.394   44.781 18 18 1 2 1 2
642   -7.013   53.424 17 22 1 2 1 2
643  -26.520   62.097  5  3 1 2 2 4
644  -81.604   30.640 25  3 1 2 4 8
645   82.147   44.208 22 24 1 2 1 8
646   17.316  -35.895  1 14 1 2 1 2
647   48.181   22.577 11 22 1 2 4 8
648  -31.110   16.931 14 11 1 2 1 2
649  -43.066   16.962  9 14 1 2 2 4
650  -11.420  -25.311  5 13 1 2 4 8
651   29.364  -51.721 18 12 1 2 2 4
652   55.597  -65.259  4 10 1 2 2 4
653   29.919  -46.252  8 12 1 2 4 8
654   17.883  -68.549  6 22 1 2 4 8
655  -89.935   64.575 25 10 1 2 4 8
656    7.159  -28.467  3  6 1 2 1 2
657   -0.745  -38.892  9  4 1 2 4 8
658   73.029  -66.461  5 11 1 2 1 8
659   11.572  -44.574 16 14 1 2 2 4
660   15.710   34.839  3 20 1 2 1 2
661   29.022  -40.002  6  5 1 1 8
662   67.542   32.446 23  4 1 1 1
663    5.292  -51.556  2 14 1 1 1
664  -74.139    9.161 24 21 1 1 1
665  -51.196   40.833 18 21 1 1 1
666  -67.139   19.141  7 23 1 1 8
667  -30.927  -11.401 24  2 1 1 1
668  -44.891  -23.718 21 13 1 1 8
669  -79.999   60.114  2 18 1 1 4
670  -44.556   19.623  7 16 1 1 4
671   27.057    8.679 23 10 1 1 1
672  -61.267   59.912 24 25 1 1 8
673  -56.812   45.544  3 18 1 1 1
674   19.965  -44.220 16 17 1 1 2
675  -69.049   62.891 13 19 1 1 4
676   -7.928   97.266 25 25 1 1 4
677   20.404   44.513 14 24 1 1 4
678   42.505  -14.215 17 20 1 1 8
679   33.752   32.294 11  6 1 1 4
680   17.975   32.782  1 24 1 1 8
681   52.118   21.033 22 25 1 1 8
682  -26.489   43.903 11 10 1 1 2
683   37.103   53.345  6 19 1 1 8
684   72.357   62.030 18  7 1 1 4
685  -53.674   48.523 19 11 1 1 2
686  -97.900   67.920 10 21 1 1 4
687  -69.232   35.602 17 24 1 1 2
688  -27.686  -26.093 17  1 1 1 1
689   16.370  -15.546  7 23 1 1 4
690   42.493  -51.324 22 10 1 1 8
691  -54.779   35.907  4 21 1 1 4
692  -12.848   51.459  4 17 1 1 8
693   57.916   18.445  9 13 1 1 8
694   43.469  -98.682 12  6 1 1 2
695   10.449  -42.487  5 22 1 1 1
696   -8.252   37.714 15 14 1 1 8
697   68.695  -30.060 22 13 1 1 8
698   31.604  -53.210  5 15 1 1 2
699  -49.097    5.194 17 17 1 1 1
700   -1.782  -45.105 24  6 1 1 4
701   27.814  -24.841 15 18 1 1 4
702   -1.111    8.301  4 12 1 1 2
703   16.614  -30.084  5 11 1 1 4
704  -54.858   56.482  1  6 1 1 4
705  -65.692   41.821  2  2 1 1 4
706  -73.962   74.353  1 16 1 1 4
707  -10.944   82.013  8 22 1 1 4
708   13.953  -25.842 16  7 1 1 1
709  -88.318   31.061  7 15 1 1 8
710  -48.724   50.220  7 16 1 1 8
711  -21.863   75.830 17 25 1 1 2
712  -19.391  -40.826 13  2 1 1 8
713  -21.112   42.914  8 18 1 1 8
714   46.967   34.076 25  3 1 1 1
715   55.475   40.869 22  5 1 1 2
716   25.330   47.449 12 16 1 1 2
717   54.816   -6.958 23 10 1 1 8
718   33.441  -40.125  7 15 1 1 4
719    9.705  -35.016 20 14 1 1 8
720    1.617  -72.998 12  1 1 1 4
721  -26.599  -50.415  5  9 1 4 1 2 4 8
722   32.990  -35.767 21  7 1 4 1 2 4 8
723   17.780  -14.044 18 22 1 4 1 2 4 8
724  -19.708  -27.600 20 16 1 4 1 2 4 8
725   26.007   39.270  5  9 1 4 1 2 4 8
726   -4.315   -7.166 16  5 1 4 1 2 4 8
727  -14.636  -40.906 24 19 1 4 1 2 4 8
728    9.052  -28.381  7  6 1 4 1 2 4 8
729    7.159  -19.171  1 16 1 4 1 2 4 8
730    8.087  -60.339 14 16 1 4 1 2 4 8
731  -51.520   45.697  5  4 1 4 1 2 4 8
732   92.395   15.039 11 13 1 4 1 2 4 8
733   63.556  -13.025 21 15 1 4 1 2 4 8
734   25.714  -18.573 22 21 1 4 1 2 4 8
735   41.541  -26.318 18  7 1 4 1 2 4 8
736    0.006  -73.206 17 12 1 4 1 2 4 8
737  -73.352  -46.521 16 24 1 4 1 2 4 8
738  -57.227   22.089 11 15 1 4 1 2 4 8
739  -18.372  -42.267 24 19 1 4 1 2 4 8
740   51.764   21.436 12 16 1 4 1 2 4 8
741  -70.996   -2.527  8 18 1 4 1 2 4 8
742   24.939   35.095 15 23 1 4 1 2 4 8
743   15.253  -34.937 10  3 1 4 1 2 4 8
744   31.091   28.845 14  6 1 4 1 2 4 8
745   16.437  -20.740 10 20 1 4 1 2 4 8
746   59.692   40.546 21 14 1 4 1 2 4 8
747  -15.936   78.101  7 24 1 4 1 2 4 8
748   -4.236  -52.222 16  8 1 4 1 2 4 8
749    9.247  -14.722 14  8 1 4 1 2 4 8
750   11.462  -10.034  4 25 1 4 1 2 4 8
751   70.282   53.497 23 23 1 4 1 2 4 8
752   39.526  -49.115 14  1 1 4 1 2 4 8
753   89.606   30.585  5  5 1 4 1 2 4 8
754   60.895  -60.400 13 20 1 4 1 2 4 8
755   43.652   53.912 21 20 1 4 1 2 4 8
756    3.680    4.504  7 15 1 4 1 2 4 8
757   32.336  -40.875 24 12 1 4 1 2 4 8
758   54.791    0.610  8 21 1 4 1 2 4 8
759   80.487  -64.923 10 19 1 4 1 2 4 8
760   50.250  -47.650 24 24 1 4 1 2 4 8
761   45.404   10.706 19 16 1 4 1 2 4 8
762   48.932   82.941  1  2 1 4 1 2 4 8
763   41.400  -20.111 23 24 1 4 1 2 4 8
764   45.239  -71.399  1  2 1 4 1 2 4 8
765   29.498  -18.292 11 10 1 4 1 2 4 8
766   54.620  -30.090 15 21 1 4 1 2 4 8
767  -17.743    9.668 17 19 1 4 1 2 4 8
768   54.169   13.745 20 11 1 4 1 2 4 8
769   21.466   17.517 14 18 1 4 1 2 4 8
770   40.173   15.912 12  6 1 4 1 2 4 8
771   70.599  -53.308 16  4 1 4 1 2 4 8
772   68.982   55.853 22 21 1 4 1 2 4 8
773   36.151   45.081 21 15 1 4 1 2 4 8
774   45.020  -56.799 24 12 1 4 1 2 4 8
775  -13.617  -37.646 14 22 1 4 1 2 4 8
776  -20.007  -70.490 17  3 1 4 1 2 4 8
777  -37.952   15.259 25 19 1 4 1 2 4 8
778   43.982   54.730 10 14 1 4 1 2 4 8
779   -2.063  -55.255 10 21 1 4 1 2 4 8
780   95.447  -10.864  1 10 1 4 1 2 4 8
781   10.162  -29.303 11  6 1 4 1 2 4 8
782   38.794   -1.343 10  4 1 4 1 2 4 8
783    7.800   39.795  2 13 1 4 1 2 4 8
784   59.827   17.059 18 12 1 4 1 2 4 8
785   23.157   -3.613  7 10 1 4 1 2 4 8
786  -18.689  -46.082  4  1 1 4 1 2 4 8
787   41.162  -55.701 22  5 1 4 1 2 4 8
788   -4.492  -65.601  1 17 1 4 1 2 4 8
789  -22.009  -24.548  8 20 1 4 1 2 4 8
790   76.746  -10.284 21 18 1 4 1 2 4 8
791   26.343  -10.150 11  8 1 4 1 2 4 8
792  -13.879  -78.888  9  5 1 4 1 2 4 8
793    7.281    7.202 13  4 1 2 1 8
794   11.591   49.310 20 22 1 2 1 2
795   43.164   -1.636 12 19 1 2 2 4
796   38.544   64.191 24 24 1 2 2 4
797  -40.308  -56.445 15 24 1 2 1 2
798    6.757   47.290 21  7 1 2 1 8
799   37.543   81.061 23 24 1 2 1 8
800  -58.691  -46.558 11 24 1 2 2 4
801   52.313   34.717 16 15 1 2 4 8
802  -14.410  -42.194  9 19 1 2 1 2
803  -35.138  -52.094 24  5 1 2 1 2
804   54.260   29.712  3 14 1 2 2 4
805  -21.674   -6.073 14 18 1 2 2 4
806   23.645  -35.681 15 25 1 2 1 8
807   50.800  -16.821  8 14 1 2 1 2
808   36.023   10.773 19 14 1 2 1 8
809    2.350  -16.180 20  2 1 2 2 4
810  -52.924   40.356 13  6 1 2 1 2
811   22.980  -54.181 11  8 1 2 1 2
812  -12.830    0.177 19 16 1 2 4 8
813   82.477   74.963 13  4 1 2 2 4
814  -62.720    8.038  4 23 1 2 4 8
815   28.400  -27.057 13  4 1 2 1 2
816   27.985  -15.912  3 23 1 2 1 2
817   66.284  -26.245 24 18 1 2 1 8
818   11.804  -17.334 17  2 1 2 1 8
819   43.707    0.409  2 16 1 2 1 8
820   37.451  -36.420 23  3 1 2 4 8
821  -18.805   86.713 12 16 1 2 1 2
822   21.051   48.309  6 10 1 2 4 8
823  -83.020  -85.339 10 20 1 2 1 2
824  -19.415   -9.625 19 12 1 2 2 4
825   12.976   51.575  1 23 1 2 2 4
826   74.207   69.849 25 23 1 2 1 2
827  -58.978  -11.096  7 23 1 2 2 4
828   78.174   10.992  8 14 1 2 4 8
829   25.189   47.394 21  9 1 2 2 4
830   -1.477   -8.820 22  2 1 2 4 8
831   48.889    2.588 24 12 1 2 4 8
832   69.037   32.819  3 24 1 2 2 4
833   84.973   -2.039 16  5 1 2 2 4
834  -40.521   -6.641 24  2 1 2 1 8
835   44.879   -0.092 23 15 1 2 1 2
836  -11.023    6.812 19 18 1 2 1 2
837   46.204  -17.596 12 25 1 2 1 8
838    0.757  -32.788 12  1 1 2 2 4
839   27.899  -30.914 22 23 1 2 1 8
840   64.355   45.862  3 15 1 2 2 4
841   -3.467   -6.384 19  5 1 2 1 8
842   26.331  -46.967  9  3 1 2 1 2
843   28.821   -7.794 18  3 1 2 1 2
844   26.178    7.202 14 17 1 2 1 8
845   47.766   54.364  3 17 1 2 4 8
846   39.966  -22.839  7 21 1 2 2 4
847   14.142  -16.034 14 24 1 2 4 8
848   34.155  -19.122  6 15 1 2 2 4
849   31.750   54.358 14  9 1 2 4 8
850  -50.214   84.717  5 23 1 2 4 8
851   81.323  -51.587  3  6 1 2 1 2
852   -4.645  -26.776  4  2 1 2 1 2
853   26.678  -44.141  4 14 1 2 4 8
854   -3.052   -1.495 10  2 1 2 1 8
855   30.225   43.164 13 22 1 2 1 2
856    7.819   73.907 10 24 1 2 1 8
857   57.397   42.554 22 13 1 2 1 8
858   23.688  -48.816 17 12 1 2 1 2
859   74.866  -38.715 11  6 1 2 2 4
860   -8.453  -12.573 17  7 1 2 1 8
861    5.237  -11.212 18  9 1 2 4 8
862   47.620   44.366  9  4 1 2 2 4
863  -18.597   -2.570  5  2 1 2 1 8
864   50.470   18.756 11  7 1 2 2 4
865   42.157   64.746  6 15 1 2 4 8
866   96.051  -67.590 20 20 1 2 2 4
867    6.921  -24.457 25 14 1 2 1 8
868   55.994  -20.325  1  5 1 2 1 2
869   42.157  -54.663 15 14 1 2 1 8
870   45.435   45.410 14 23 1 2 4 8
871  -19.891  -49.286 12 22 1 2 1 8
872  -60.046  -76.849  6 13 1 2 2 4
873   55.566   38.599 12 19 1 2 1 2
874    7.135   17.950 17 18 1 2 1 2
875    6.689  -22.656  2 10 1 2 4 8
876   39.410   11.682 12 16 1 2 4 8
877   37.512   82.794 23 17 1 2 4 8
878   66.467   49.182 22 25 1 2 1 8
879   -6.744  -13.989  7  8 1 2 1 8
880   56.165   18.091 22  2 1 2 1 2
881   35.791   21.869 19 21 1 2 2 4
882   76.868   29.285  9  2 1 2 4 8
883   65.326   36.261  4 22 1 2 2 4
884   -1.306   97.784 11  3 1 2 1 2
885   10.083   74.182  3 15 1 2 2 4
886   27.618   47.205 23  8 1 2 1 8
887   -3.821  -50.934 16 10 1 2 1 8
888   32.452   28.693  1 10 1 2 1 8
889   11.597  -32.635  5 13 1 2 2 4
890   -2.594   58.691  5  6 1 2 1 8
891   52.911   45.007  9 11 1 2 1 8
892  -18.817   88.580 14 10 1 2 1 8
893   81.812   77.612  5 22 1 2 4 8
894    1.495   61.572 20 20 1 2 4 8
895   53.656   39.490  4 11 1 2 1 2
896   13.800   44.049  6 20 1 2 4 8
897  -27.478  -20.758 13  8 1 2 2 4
898    2.570  -34.857 17  3 1 2 4 8
899    2.399   53.168  4 17 1 2 1 8
900   -1.324   83.740  6  8 1 2 1 8
901   26.251   43.134  3 12 1 2 4 8
902   48.364   60.938 21  5 1 2 1 8
903   35.004  -13.428 24  5 1 2 4 8
904  -62.830  -20.056 19 18 1 2 1 8
905   43.817  -89.404 23  6 1 2 4 8
906   57.294   28.101  3 23 1 2 1 2
907    9.106   -4.449 20 14 1 2 1 2
908   53.284   67.542 17 17 1 2 1 2
909   28.503   77.966  2  1 1 2 1 8
910   56.830  -67.926 12 16 1 2 1 8
911   51.862   70.691  2 19 1 2 1 8
912   52.032   24.188  9 10 1 2 1 8
913   70.178   35.199  5 23 1 2 1 8
914  -25.531  -25.195  5  4 1 2 1 8
915   55.560   22.424 18  1 1 2 1 2
916   19.055  -10.608 13 19 1 2 1 2
917   75.696   69.031 23 24 1 2 1 2
918   81.702    6.732 22 16 1 2 4 8
919  -22.113   63.953 13  9 1 2 1 2
920   -7.098  -14.240  7 14 1 2 1 8
921   42.242   37.061 25  3 1 2 1 2
922   88.544  -58.319 13  2 1 2 1 2
923   46.039   16.638 25 13 1 2 4 8
924   46.887   10.150  4 23 1 2 1 2
925   15.039   -6.903  8 24 1 2 1 2
926   57.159  -59.515 23  5 1 2 2 4
927   -4.199  -21.991  8 18 1 2 1 8
928   69.482   29.919 16 19 1 2 1 8
929    9.930   54.114 12 18 1 2 4 8
930  -32.428   53.387  9 12 1 2 2 4
931   23.444   54.944  2 23 1 2 2 4
932   68.512   68.317 20  5 1 2 1 8
933   81.866   42.072  7  3 1 2 2 4
934   12.335  -76.672 19  5 1 2 1 8
935   77.252  -17.963  2 16 1 2 1 8
936  -40.710  -72.260 20 14 1 2 1 8
937  -20.618  -18.665  2  3 1 1 2
938   51.868   41.345  4 16 1 1 8
939   45.673   33.350 11 14 1 1 2
940  -49.432   14.960  9 16 1 1 2
941  -48.279  -15.643 15 16 1 1 2
942  -42.786  -18.353 18  5 1 1 1
943   19.922   -9.149 11 14 1 1 8
944   24.518  -28.003 17 18 1 1 1
945   39.099  -24.023 15  5 1 1 8
946   83.716  -57.886 25 13 1 1 1
947   41.455    5.505 17  9 1 1 1
948   47.174  -36.285 15 13 1 1 4
949  -28.925  -20.648 19  1 1 1 2
950   25.934  -46.606 24 23 1 1 8
951   27.405   77.545 11  3 1 1 4
952   75.897   19.006 20 18 1 1 8
953   33.899  -20.923  8  8 1 1 2
954  -44.910  -65.680 24 14 1 1 4
955   -4.755  -25.751 14 20 1 1 2
956   53.723  -46.741 24 14 1 1 1
957   38.464   43.787 22 24 1 1 4
958  -21.112  -27.582 16 16 1 1 1
959   -7.660  -56.677 10  4 1 1 4
960   32.513   31.396 10  7 1 1 2
961   56.091   70.782 10 20 1 1 1
962  -21.326  -21.417  5  4 1 1 8
963   55.902  -31.177  8  9 1 1 4
964   72.119   31.763 24 10 1 1 1
965    4.071   -8.002  9 15 1 1 2
966  -11.414    3.003 20 10 1 1 4
967   54.840   53.693 21  4 1 1 4
968   22.699   46.997 10 21 1 1 1
969    7.587  -17.499 19 10 1 1 1
970    5.896   69.861  8 16 1 1 2
971   55.011   98.767 18 19 1 1 1
972   -9.351  -36.456  9 24 1 1 8
973   39.319  -54.199 20 23 1 1 1
974   43.451  -17.584  7 16 1 1 4
975   17.169  -62.042 17 19 1 1 2
976   34.650   -7.678 25  5 1 1 4
977   64.752   33.301 21 14 1 1 2
978    2.924  -25.763 24 12 1 1 4
979   45.404   15.741  1  8 1 1 2
980   54.694   22.314 25 15 1 1 2
981  -15.405  -12.952 17  1 1 1 8
982   31.683  -21.844  8 13 1 1 8
983   22.174   53.149 20 25 1 1 1
984   42.767   31.641  3 23 1 1 4
985   30.402  -23.260 21 11 1 1 2
986   16.449   80.701 12 10 1 1 8
987   -7.361  -32.324 19 25 1 1 4
988    0.024   41.956 19  6 1 1 2
989   10.150  -15.253  1 17 1 1 2
990   33.313  -19.092 24 15 1 1 2
991   16.522   95.453 17  8 1 1 4
992  -68.506  -32.721 14 10 1 1 2
993  -25.806  -20.636 13 12 1 1 1
994   14.197   38.538  3  5 1 1 8
995   24.988  -24.658  4  8 1 1 8
996   33.893   15.979 20 17 1 1 1
997   37.500  -13.385 14 23 1 1 8
998    9.167  -32.874 16 19 1 1 2
999  -40.308   68.945 11  7 1 1 8
1000   70.184   56.030  3 14 1 1 8
1001  -30.566  -10.370 14 19 1 1 8
1002   14.209  -12.085 16  3 1 1 8
1003   36.963   44.897 23  4 1 1 8
1004  -21.027  -58.649  3 13 1 1 1
1005   24.133  -17.712 25  7 1 1 2
1006   36.792  -11.603 16 20 1 1 1
1007   59.753    5.817 19  6 1 1 1
1008   25.214  -87.634  6  8 1 1 1
