1 1 50 5
0 0
0 0
0 0
0 0
0 0
 0 30 40 0 0 0 0
 1 37 52 0 0 1 5 1 2 4 8 16
 2 49 49 0 0 1 5 1 2 4 8 16
 3 52 64 0 0 1 5 1 2 4 8 16
 4 20 26 0 0 1 5 1 2 4 8 16
 5 40 30 0 0 1 5 1 2 4 8 16
 6 21 47 0 0 1 5 1 2 4 8 16
 7 17 63 0 0 1 5 1 2 4 8 16
 8 31 62 0 0 1 5 1 2 4 8 16
 9 52 33 0 0 1 5 1 2 4 8 16
10 51 21 0 0 1 5 1 2 4 8 16
11 42 41 0 0 1 5 1 2 4 8 16
12 31 32 0 0 1 5 1 2 4 8 16
13  5 25 0 0 1 5 1 2 4 8 16
14 12 42 0 0 1 5 1 2 4 8 16
15 36 16 0 0 1 5 1 2 4 8 16
16 52 41 0 0 1 5 1 2 4 8 16
17 27 23 0 0 1 5 1 2 4 8 16
18 17 33 0 0 1 5 1 2 4 8 16
19 13 13 0 0 1 5 1 2 4 8 16
20 57 58 0 0 1 5 1 2 4 8 16
21 62 42 0 0 1 5 1 2 4 8 16
22 42 57 0 0 1 5 1 2 4 8 16
23 16 57 0 0 1 5 1 2 4 8 16
24  8 52 0 0 1 5 1 2 4 8 16
25  7 38 0 0 1 5 1 2 4 8 16
26 27 68 0 0 1 5 1 2 4 8 16
27 30 48 0 0 1 5 1 2 4 8 16
28 43 67 0 0 1 5 1 2 4 8 16
29 58 48 0 0 1 5 1 2 4 8 16
30 58 27 0 0 1 5 1 2 4 8 16
31 37 69 0 0 1 5 1 2 4 8 16
32 38 46 0 0 1 5 1 2 4 8 16
33 46 10 0 0 1 5 1 2 4 8 16
34 61 33 0 0 1 5 1 2 4 8 16
35 62 63 0 0 1 5 1 2 4 8 16
36 63 69 0 0 1 5 1 2 4 8 16
37 32 22 0 0 1 5 1 2 4 8 16
38 45 35 0 0 1 5 1 2 4 8 16
39 59 15 0 0 1 5 1 2 4 8 16
40  5  6 0 0 1 5 1 2 4 8 16
41 10 17 0 0 1 5 1 2 4 8 16
42 21 10 0 0 1 5 1 2 4 8 16
43  5 64 0 0 1 5 1 2 4 8 16
44 30 15 0 0 1 5 1 2 4 8 16
45 39 10 0 0 1 5 1 2 4 8 16
46 32 39 0 0 1 5 1 2 4 8 16
47 25 32 0 0 1 5 1 2 4 8 16
48 25 55 0 0 1 5 1 2 4 8 16
49 48 28 0 0 1 5 1 2 4 8 16
50 56 37 0 0 1 5 1 2 4 8 16
