1 1 100 5
0 0
0 0
0 0
0 0
0 0
  0 35 35 0 0 0 0
  1 41 49 0 0 1 5 1 2 4 8 16
  2 35 17 0 0 1 5 1 2 4 8 16
  3 55 45 0 0 2 3 5 10 20
  4 55 20 0 0 2 3 5 10 20
  5 15 30 0 0 3 3 11 21 26
  6 25 30 0 0 1 5 1 2 4 8 16
  7 20 50 0 0 1 5 1 2 4 8 16
  8 10 43 0 0 1 5 1 2 4 8 16
  9 55 60 0 0 2 3 5 10 20
 10 30 60 0 0 2 3 5 10 20
 11 20 65 0 0 2 3 5 10 20
 12 50 35 0 0 2 3 5 10 20
 13 30 25 0 0 2 3 5 10 20
 14 15 10 0 0 2 3 5 10 20
 15 30  5 0 0 1 5 1 2 4 8 16
 16 10 20 0 0 2 3 5 10 20
 17  5 30 0 0 1 5 1 2 4 8 16
 18 20 40 0 0 2 3 5 10 20
 19 15 60 0 0 2 3 5 10 20
 20 45 65 0 0 1 5 1 2 4 8 16
 21 45 20 0 0 2 3 5 10 20
 22 45 10 0 0 2 3 5 10 20
 23 55  5 0 0 3 3 11 21 26
 24 65 35 0 0 1 5 1 2 4 8 16
 25 65 20 0 0 1 5 1 2 4 8 16
 26 45 30 0 0 2 3 5 10 20
 27 35 40 0 0 2 3 5 10 20
 28 41 37 0 0 2 3 5 10 20
 29 64 42 0 0 1 5 1 2 4 8 16
 30 40 60 0 0 2 3 5 10 20
 31 31 52 0 0 3 3 11 21 26
 32 35 69 0 0 2 3 5 10 20
 33 53 52 0 0 2 3 5 10 20
 34 65 55 0 0 2 3 5 10 20
 35 63 65 0 0 1 5 1 2 4 8 16
 36  2 60 0 0 1 5 1 2 4 8 16
 37 20 20 0 0 1 5 1 2 4 8 16
 38  5  5 0 0 2 3 5 10 20
 39 60 12 0 0 3 3 11 21 26
 40 40 25 0 0 1 5 1 2 4 8 16
 41 42  7 0 0 1 5 1 2 4 8 16
 42 24 12 0 0 1 5 1 2 4 8 16
 43 23  3 0 0 1 5 1 2 4 8 16
 44 11 14 0 0 2 3 5 10 20
 45  6 38 0 0 2 3 5 10 20
 46  2 48 0 0 1 5 1 2 4 8 16
 47  8 56 0 0 3 3 11 21 26
 48 13 52 0 0 3 3 11 21 26
 49  6 68 0 0 3 3 11 21 26
 50 47 47 0 0 2 3 5 10 20
 51 49 58 0 0 1 5 1 2 4 8 16
 52 27 43 0 0 1 5 1 2 4 8 16
 53 37 31 0 0 2 3 5 10 20
 54 57 29 0 0 2 3 5 10 20
 55 63 23 0 0 1 5 1 2 4 8 16
 56 53 12 0 0 1 5 1 2 4 8 16
 57 32 12 0 0 1 5 1 2 4 8 16
 58 36 26 0 0 2 3 5 10 20
 59 21 24 0 0 3 3 11 21 26
 60 17 34 0 0 1 5 1 2 4 8 16
 61 12 24 0 0 2 3 5 10 20
 62 24 58 0 0 2 3 5 10 20
 63 27 69 0 0 1 5 1 2 4 8 16
 64 15 77 0 0 1 5 1 2 4 8 16
 65 62 77 0 0 2 3 5 10 20
 66 49 73 0 0 2 3 5 10 20
 67 67  5 0 0 2 3 5 10 20
 68 56 39 0 0 3 3 11 21 26
 69 37 47 0 0 1 5 1 2 4 8 16
 70 37 56 0 0 1 5 1 2 4 8 16
 71 57 68 0 0 2 3 5 10 20
 72 47 16 0 0 2 3 5 10 20
 73 44 17 0 0 1 5 1 2 4 8 16
 74 46 13 0 0 1 5 1 2 4 8 16
 75 49 11 0 0 2 3 5 10 20
 76 49 42 0 0 2 3 5 10 20
 77 53 43 0 0 2 3 5 10 20
 78 61 52 0 0 1 5 1 2 4 8 16
 79 57 48 0 0 2 3 5 10 20
 80 56 37 0 0 1 5 1 2 4 8 16
 81 55 54 0 0 3 3 11 21 26
 82 15 47 0 0 2 3 5 10 20
 83 14 37 0 0 2 3 5 10 20
 84 11 31 0 0 1 5 1 2 4 8 16
 85 16 22 0 0 3 3 11 21 26
 86  4 18 0 0 3 3 11 21 26
 87 28 18 0 0 3 3 11 21 26
 88 26 52 0 0 1 5 1 2 4 8 16
 89 26 35 0 0 2 3 5 10 20
 90 31 67 0 0 1 5 1 2 4 8 16
 91 15 19 0 0 1 5 1 2 4 8 16
 92 22 22 0 0 1 5 1 2 4 8 16
 93 18 24 0 0 2 3 5 10 20
 94 26 27 0 0 3 3 11 21 26
 95 25 24 0 0 2 3 5 10 20
 96 22 27 0 0 2 3 5 10 20
 97 25 21 0 0 2 3 5 10 20
 98 19 21 0 0 1 5 1 2 4 8 16
 99 20 26 0 0 1 5 1 2 4 8 16
100 18 18 0 0 2 3 5 10 20
