1 1 65 4
0 0
0 0
0 0
0 0
 0   0.00   0.00 0 0 0 0
 1  -5.88   8.09 0 0 4 1 15
 2 -19.02  -6.18 0 0 4 1 15
 3   0.00 -30.00 0 0 4 1 15
 4  19.02  -6.18 0 0 4 1 15
 5   5.88   8.09 0 0 4 1 15
 6  -2.13   4.63 0 0 2 2 5 10
 7  -3.75   3.46 0 0 2 2 5 10
 8 -13.88   2.27 0 0 2 2 5 10
 9 -11.02  -0.36 0 0 2 2 5 10
10  -7.13 -16.19 0 0 2 2 5 10
11 -11.89 -19.99 0 0 2 2 5 10
12   7.13 -16.19 0 0 2 2 5 10
13  11.89 -19.99 0 0 2 2 5 10
14  13.88   2.27 0 0 2 2 5 10
15  11.02  -0.36 0 0 2 2 5 10
16   2.13   4.63 0 0 2 2 5 10
17   3.75   3.46 0 0 2 2 5 10
18  -0.83   2.42 0 0 1 4 1 2 4 8
19  -1.30   2.21 0 0 1 4 1 2 4 8
20  -1.70   1.92 0 0 1 4 1 2 4 8
21  -2.05   1.54 0 0 1 4 1 2 4 8
22  -3.83   6.55 0 0 1 4 1 2 4 8
23  -4.18   6.17 0 0 1 4 1 2 4 8
24  -4.58   5.88 0 0 1 4 1 2 4 8
25  -5.04   5.67 0 0 1 4 1 2 4 8
26 -10.17   5.58 0 0 1 4 1 2 4 8
27  -9.59   4.78 0 0 1 4 1 2 4 8
28  -8.87   4.12 0 0 1 4 1 2 4 8
29  -8.03   3.61 0 0 1 4 1 2 4 8
30 -16.87  -1.70 0 0 1 4 1 2 4 8
31 -16.03  -2.21 0 0 1 4 1 2 4 8
32 -15.31  -2.87 0 0 1 4 1 2 4 8
33 -14.73  -3.67 0 0 1 4 1 2 4 8
34 -12.57 -10.59 0 0 1 4 1 2 4 8
35 -13.58 -11.78 0 0 1 4 1 2 4 8
36 -14.77 -12.73 0 0 1 4 1 2 4 8
37 -16.15 -13.44 0 0 1 4 1 2 4 8
38  -2.87 -22.74 0 0 1 4 1 2 4 8
39  -4.25 -23.45 0 0 1 4 1 2 4 8
40  -5.45 -24.40 0 0 1 4 1 2 4 8
41  -6.45 -25.59 0 0 1 4 1 2 4 8
42   2.87 -22.74 0 0 1 4 1 2 4 8
43   4.25 -23.45 0 0 1 4 1 2 4 8
44   5.45 -24.40 0 0 1 4 1 2 4 8
45   6.45 -25.59 0 0 1 4 1 2 4 8
46  12.57 -10.59 0 0 1 4 1 2 4 8
47  13.58 -11.78 0 0 1 4 1 2 4 8
48  14.77 -12.73 0 0 1 4 1 2 4 8
49  16.15 -13.44 0 0 1 4 1 2 4 8
50  16.87  -1.70 0 0 1 4 1 2 4 8
51  16.03  -2.21 0 0 1 4 1 2 4 8
52  15.31  -2.87 0 0 1 4 1 2 4 8
53  14.73  -3.67 0 0 1 4 1 2 4 8
54  10.17   5.58 0 0 1 4 1 2 4 8
55   9.59   4.78 0 0 1 4 1 2 4 8
56   8.87   4.12 0 0 1 4 1 2 4 8
57   8.03   3.61 0 0 1 4 1 2 4 8
58   3.83   6.55 0 0 1 4 1 2 4 8
59   4.18   6.17 0 0 1 4 1 2 4 8
60   4.58   5.88 0 0 1 4 1 2 4 8
61   5.04   5.67 0 0 1 4 1 2 4 8
62   0.83   2.42 0 0 1 4 1 2 4 8
63   1.30   2.21 0 0 1 4 1 2 4 8
64   1.70   1.92 0 0 1 4 1 2 4 8
65   2.05   1.54 0 0 1 4 1 2 4 8
