1 1 87 4
0 0
0 0
0 0
0 0
 0   0.00   0.00 0 0 0 0
 1  -4.34   9.01 0 0 4 1 15
 2 -19.50   4.45 0 0 4 1 15
 3 -23.45 -18.70 0 0 4 1 15
 4   0.00 -40.00 0 0 4 1 15
 5  23.45 -18.70 0 0 4 1 15
 6  19.50   4.45 0 0 4 1 15
 7   4.34   9.01 0 0 4 1 15
 8  -1.27   4.94 0 0 2 2 5 10
 9  -3.07   4.07 0 0 2 2 5 10
10 -12.37   8.25 0 0 2 2 5 10
11 -11.46   5.21 0 0 2 2 5 10
12 -23.79  -6.73 0 0 2 2 5 10
13 -19.16  -7.52 0 0 2 2 5 10
14  -9.60 -27.01 0 0 2 2 5 10
15 -13.86 -31.70 0 0 2 2 5 10
16   9.60 -27.01 0 0 2 2 5 10
17  13.86 -31.70 0 0 2 2 5 10
18  23.79  -6.73 0 0 2 2 5 10
19  19.16  -7.52 0 0 2 2 5 10
20  12.37   8.25 0 0 2 2 5 10
21  11.46   5.21 0 0 2 2 5 10
22   1.27   4.94 0 0 2 2 5 10
23   3.07   4.07 0 0 2 2 5 10
24  -0.39   2.53 0 0 1 4 1 2 4 8
25  -0.88   2.41 0 0 1 4 1 2 4 8
26  -1.33   2.19 0 0 1 4 1 2 4 8
27  -1.74   1.88 0 0 1 4 1 2 4 8
28  -2.60   7.13 0 0 1 4 1 2 4 8
29  -3.01   6.82 0 0 1 4 1 2 4 8
30  -3.46   6.60 0 0 1 4 1 2 4 8
31  -3.95   6.48 0 0 1 4 1 2 4 8
32  -8.39   9.03 0 0 1 4 1 2 4 8
33  -8.32   8.23 0 0 1 4 1 2 4 8
34  -8.09   7.47 0 0 1 4 1 2 4 8
35  -7.71   6.76 0 0 1 4 1 2 4 8
36 -16.13   6.70 0 0 1 4 1 2 4 8
37 -15.75   5.99 0 0 1 4 1 2 4 8
38 -15.52   5.23 0 0 1 4 1 2 4 8
39 -15.44   4.43 0 0 1 4 1 2 4 8
40 -22.20  -0.93 0 0 1 4 1 2 4 8
41 -21.09  -1.36 0 0 1 4 1 2 4 8
42 -18.73  -1.52 0 0 1 4 1 2 4 8
43 -19.93  -1.55 0 0 1 4 1 2 4 8
44 -23.02 -12.70 0 0 1 4 1 2 4 8
45 -24.22 -12.73 0 0 1 4 1 2 4 8
46 -21.87 -12.90 0 0 1 4 1 2 4 8
47 -20.75 -13.33 0 0 1 4 1 2 4 8
48 -16.11 -22.16 0 0 1 4 1 2 4 8
49 -16.94 -23.55 0 0 1 4 1 2 4 8
50 -18.01 -24.72 0 0 1 4 1 2 4 8
51 -19.31 -25.68 0 0 1 4 1 2 4 8
52  -4.15 -33.02 0 0 1 4 1 2 4 8
53  -5.45 -33.98 0 0 1 4 1 2 4 8
54  -6.51 -35.16 0 0 1 4 1 2 4 8
55  -7.34 -36.54 0 0 1 4 1 2 4 8
56   4.15 -33.02 0 0 1 4 1 2 4 8
57   5.45 -33.98 0 0 1 4 1 2 4 8
58   6.51 -35.16 0 0 1 4 1 2 4 8
59   7.34 -36.54 0 0 1 4 1 2 4 8
60  16.11 -22.16 0 0 1 4 1 2 4 8
61  16.94 -23.55 0 0 1 4 1 2 4 8
62  18.01 -24.72 0 0 1 4 1 2 4 8
63  19.31 -25.68 0 0 1 4 1 2 4 8
64  23.02 -12.70 0 0 1 4 1 2 4 8
65  24.22 -12.73 0 0 1 4 1 2 4 8
66  21.87 -12.90 0 0 1 4 1 2 4 8
67  20.75 -13.33 0 0 1 4 1 2 4 8
68  22.20  -0.93 0 0 1 4 1 2 4 8
69  21.09  -1.36 0 0 1 4 1 2 4 8
70  18.73  -1.52 0 0 1 4 1 2 4 8
71  19.93  -1.55 0 0 1 4 1 2 4 8
72  16.13   6.70 0 0 1 4 1 2 4 8
73  15.75   5.99 0 0 1 4 1 2 4 8
74  15.52   5.23 0 0 1 4 1 2 4 8
75  15.44   4.43 0 0 1 4 1 2 4 8
76   8.39   9.03 0 0 1 4 1 2 4 8
77   8.32   8.23 0 0 1 4 1 2 4 8
78   8.09   7.47 0 0 1 4 1 2 4 8
79   7.71   6.76 0 0 1 4 1 2 4 8
80   2.60   7.13 0 0 1 4 1 2 4 8
81   3.01   6.82 0 0 1 4 1 2 4 8
82   3.46   6.60 0 0 1 4 1 2 4 8
83   3.95   6.48 0 0 1 4 1 2 4 8
84   0.39   2.53 0 0 1 4 1 2 4 8
85   0.88   2.41 0 0 1 4 1 2 4 8
86   1.33   2.19 0 0 1 4 1 2 4 8
87   1.74   1.88 0 0 1 4 1 2 4 8
