1 1 109 4
0 0
0 0
0 0
0 0
  0   0.00   0.00 0 0 0 0
  1  -3.42   9.40 0 0 4 1 15
  2 -17.32  10.00 0 0 4 1 15
  3 -29.54  -5.21 0 0 4 1 15
  4 -25.71 -30.64 0 0 4 1 15
  5   0.00 -50.00 0 0 4 1 15
  6  25.71 -30.64 0 0 4 1 15
  7  29.54  -5.21 0 0 4 1 15
  8  17.32  10.00 0 0 4 1 15
  9   3.42   9.40 0 0 4 1 15
 10  -0.77   5.04 0 0 2 2 5 10
 11  -2.65   4.36 0 0 2 2 5 10
 12 -10.31  11.09 0 0 2 2 5 10
 13 -10.43   8.31 0 0 2 2 5 10
 14 -24.95   3.62 0 0 2 2 5 10
 15 -21.91   1.17 0 0 2 2 5 10
 16 -25.08 -17.54 0 0 2 2 5 10
 17 -30.17 -18.31 0 0 2 2 5 10
 18 -10.92 -37.75 0 0 2 2 5 10
 19 -14.79 -42.89 0 0 2 2 5 10
 20  10.92 -37.75 0 0 2 2 5 10
 21  14.79 -42.89 0 0 2 2 5 10
 22  25.08 -17.54 0 0 2 2 5 10
 23  30.17 -18.31 0 0 2 2 5 10
 24  24.95   3.62 0 0 2 2 5 10
 25  21.91   1.17 0 0 2 2 5 10
 26  10.31  11.09 0 0 2 2 5 10
 27  10.43   8.31 0 0 2 2 5 10
 28   0.77   5.04 0 0 2 2 5 10
 29   2.65   4.36 0 0 2 2 5 10
 30  -0.13   2.56 0 0 1 4 1 2 4 8
 31  -0.64   2.48 0 0 1 4 1 2 4 8
 32  -1.11   2.31 0 0 1 4 1 2 4 8
 33  -1.54   2.05 0 0 1 4 1 2 4 8
 34  -1.88   7.35 0 0 1 4 1 2 4 8
 35  -2.31   7.09 0 0 1 4 1 2 4 8
 36  -2.78   6.92 0 0 1 4 1 2 4 8
 37  -3.29   6.84 0 0 1 4 1 2 4 8
 38  -6.78  10.59 0 0 1 4 1 2 4 8
 39  -6.95   9.90 0 0 1 4 1 2 4 8
 40  -6.98   9.20 0 0 1 4 1 2 4 8
 41  -6.87   8.50 0 0 1 4 1 2 4 8
 42 -13.87  10.89 0 0 1 4 1 2 4 8
 43 -13.76  10.19 0 0 1 4 1 2 4 8
 44 -13.79   9.50 0 0 1 4 1 2 4 8
 45 -13.96   8.81 0 0 1 4 1 2 4 8
 46 -21.46   7.19 0 0 1 4 1 2 4 8
 47 -20.82   6.43 0 0 1 4 1 2 4 8
 48 -20.06   5.82 0 0 1 4 1 2 4 8
 49 -19.17   5.36 0 0 1 4 1 2 4 8
 50 -27.69  -0.57 0 0 1 4 1 2 4 8
 51 -26.81  -1.03 0 0 1 4 1 2 4 8
 52 -26.05  -1.64 0 0 1 4 1 2 4 8
 53 -25.41  -2.40 0 0 1 4 1 2 4 8
 54 -26.70 -11.15 0 0 1 4 1 2 4 8
 55 -27.93 -11.60 0 0 1 4 1 2 4 8
 56 -30.51 -11.73 0 0 1 4 1 2 4 8
 57 -29.20 -11.79 0 0 1 4 1 2 4 8
 58 -26.05 -24.06 0 0 1 4 1 2 4 8
 59 -24.74 -24.12 0 0 1 4 1 2 4 8
 60 -27.32 -24.25 0 0 1 4 1 2 4 8
 61 -28.56 -24.70 0 0 1 4 1 2 4 8
 62 -17.96 -33.46 0 0 1 4 1 2 4 8
 63 -18.67 -34.94 0 0 1 4 1 2 4 8
 64 -19.64 -36.22 0 0 1 4 1 2 4 8
 65 -20.86 -37.31 0 0 1 4 1 2 4 8
 66  -4.85 -43.33 0 0 1 4 1 2 4 8
 67  -6.07 -44.42 0 0 1 4 1 2 4 8
 68  -7.04 -45.71 0 0 1 4 1 2 4 8
 69  -7.75 -47.19 0 0 1 4 1 2 4 8
 70   4.85 -43.33 0 0 1 4 1 2 4 8
 71   6.07 -44.42 0 0 1 4 1 2 4 8
 72   7.04 -45.71 0 0 1 4 1 2 4 8
 73   7.75 -47.19 0 0 1 4 1 2 4 8
 74  17.96 -33.46 0 0 1 4 1 2 4 8
 75  18.67 -34.94 0 0 1 4 1 2 4 8
 76  19.64 -36.22 0 0 1 4 1 2 4 8
 77  20.86 -37.31 0 0 1 4 1 2 4 8
 78  26.05 -24.06 0 0 1 4 1 2 4 8
 79  24.74 -24.12 0 0 1 4 1 2 4 8
 80  27.32 -24.25 0 0 1 4 1 2 4 8
 81  28.56 -24.70 0 0 1 4 1 2 4 8
 82  26.70 -11.15 0 0 1 4 1 2 4 8
 83  27.93 -11.60 0 0 1 4 1 2 4 8
 84  30.51 -11.73 0 0 1 4 1 2 4 8
 85  29.20 -11.79 0 0 1 4 1 2 4 8
 86  27.69  -0.57 0 0 1 4 1 2 4 8
 87  26.81  -1.03 0 0 1 4 1 2 4 8
 88  26.05  -1.64 0 0 1 4 1 2 4 8
 89  25.41  -2.40 0 0 1 4 1 2 4 8
 90  21.46   7.19 0 0 1 4 1 2 4 8
 91  20.82   6.43 0 0 1 4 1 2 4 8
 92  20.06   5.82 0 0 1 4 1 2 4 8
 93  19.17   5.36 0 0 1 4 1 2 4 8
 94  13.87  10.89 0 0 1 4 1 2 4 8
 95  13.76  10.19 0 0 1 4 1 2 4 8
 96  13.79   9.50 0 0 1 4 1 2 4 8
 97  13.96   8.81 0 0 1 4 1 2 4 8
 98   6.78  10.59 0 0 1 4 1 2 4 8
 99   6.95   9.90 0 0 1 4 1 2 4 8
100   6.98   9.20 0 0 1 4 1 2 4 8
101   6.87   8.50 0 0 1 4 1 2 4 8
102   1.88   7.35 0 0 1 4 1 2 4 8
103   2.31   7.09 0 0 1 4 1 2 4 8
104   2.78   6.92 0 0 1 4 1 2 4 8
105   3.29   6.84 0 0 1 4 1 2 4 8
106   0.13   2.56 0 0 1 4 1 2 4 8
107   0.64   2.48 0 0 1 4 1 2 4 8
108   1.11   2.31 0 0 1 4 1 2 4 8
109   1.54   2.05 0 0 1 4 1 2 4 8
