1 1 131 4
0 0
0 0
0 0
0 0
  0   0.00   0.00 0 0 0 0
  1  -2.82   9.59 0 0 4 1 15
  2 -15.11  13.10 0 0 4 1 15
  3 -29.69   4.27 0 0 4 1 15
  4 -36.39 -16.62 0 0 4 1 15
  5 -27.03 -42.06 0 0 4 1 15
  6   0.00 -60.00 0 0 4 1 15
  7  27.03 -42.06 0 0 4 1 15
  8  36.39 -16.62 0 0 4 1 15
  9  29.69   4.27 0 0 4 1 15
 10  15.11  13.10 0 0 4 1 15
 11   2.82   9.59 0 0 4 1 15
 12  -0.45   5.08 0 0 2 2 5 10
 13  -2.37   4.52 0 0 2 2 5 10
 14  -8.62  12.58 0 0 2 2 5 10
 15  -9.32  10.12 0 0 2 2 5 10
 16 -23.29  10.14 0 0 2 2 5 10
 17 -21.52   7.23 0 0 2 2 5 10
 18 -35.13  -5.50 0 0 2 2 5 10
 19 -30.95  -6.84 0 0 2 2 5 10
 20 -29.16 -28.40 0 0 2 2 5 10
 21 -34.25 -30.27 0 0 2 2 5 10
 22 -11.72 -48.33 0 0 2 2 5 10
 23 -15.31 -53.73 0 0 2 2 5 10
 24  11.72 -48.33 0 0 2 2 5 10
 25  15.31 -53.73 0 0 2 2 5 10
 26  29.16 -28.40 0 0 2 2 5 10
 27  34.25 -30.27 0 0 2 2 5 10
 28  35.13  -5.50 0 0 2 2 5 10
 29  30.95  -6.84 0 0 2 2 5 10
 30  23.29  10.14 0 0 2 2 5 10
 31  21.52   7.23 0 0 2 2 5 10
 32   8.62  12.58 0 0 2 2 5 10
 33   9.32  10.12 0 0 2 2 5 10
 34   0.45   5.08 0 0 2 2 5 10
 35   2.37   4.52 0 0 2 2 5 10
 36   0.03   2.56 0 0 1 4 1 2 4 8
 37  -0.48   2.52 0 0 1 4 1 2 4 8
 38  -0.96   2.38 0 0 1 4 1 2 4 8
 39  -1.41   2.14 0 0 1 4 1 2 4 8
 40  -1.41   7.46 0 0 1 4 1 2 4 8
 41  -1.86   7.22 0 0 1 4 1 2 4 8
 42  -2.34   7.08 0 0 1 4 1 2 4 8
 43  -2.85   7.03 0 0 1 4 1 2 4 8
 44  -5.57  11.38 0 0 1 4 1 2 4 8
 45  -5.87  10.80 0 0 1 4 1 2 4 8
 46  -6.04  10.18 0 0 1 4 1 2 4 8
 47  -6.09   9.53 0 0 1 4 1 2 4 8
 48 -11.84  13.16 0 0 1 4 1 2 4 8
 49 -11.89  12.51 0 0 1 4 1 2 4 8
 50 -12.07  11.90 0 0 1 4 1 2 4 8
 51 -12.36  11.32 0 0 1 4 1 2 4 8
 52 -19.35  12.03 0 0 1 4 1 2 4 8
 53 -19.05  11.21 0 0 1 4 1 2 4 8
 54 -18.61  10.48 0 0 1 4 1 2 4 8
 55 -18.02   9.84 0 0 1 4 1 2 4 8
 56 -26.78   7.53 0 0 1 4 1 2 4 8
 57 -26.20   6.89 0 0 1 4 1 2 4 8
 58 -25.76   6.16 0 0 1 4 1 2 4 8
 59 -25.46   5.34 0 0 1 4 1 2 4 8
 60 -32.90  -0.35 0 0 1 4 1 2 4 8
 61 -31.92  -0.89 0 0 1 4 1 2 4 8
 62 -30.88  -1.22 0 0 1 4 1 2 4 8
 63 -29.77  -1.35 0 0 1 4 1 2 4 8
 64 -36.31 -11.00 0 0 1 4 1 2 4 8
 65 -35.20 -11.12 0 0 1 4 1 2 4 8
 66 -34.16 -11.46 0 0 1 4 1 2 4 8
 67 -33.18 -12.00 0 0 1 4 1 2 4 8
 68 -32.19 -22.15 0 0 1 4 1 2 4 8
 69 -33.36 -22.87 0 0 1 4 1 2 4 8
 70 -34.64 -23.34 0 0 1 4 1 2 4 8
 71 -36.00 -23.55 0 0 1 4 1 2 4 8
 72 -27.42 -35.13 0 0 1 4 1 2 4 8
 73 -28.78 -35.34 0 0 1 4 1 2 4 8
 74 -30.05 -35.81 0 0 1 4 1 2 4 8
 75 -31.23 -36.53 0 0 1 4 1 2 4 8
 76 -19.06 -44.43 0 0 1 4 1 2 4 8
 77 -19.69 -45.96 0 0 1 4 1 2 4 8
 78 -20.59 -47.31 0 0 1 4 1 2 4 8
 79 -21.75 -48.48 0 0 1 4 1 2 4 8
 80  -5.28 -53.58 0 0 1 4 1 2 4 8
 81  -6.44 -54.75 0 0 1 4 1 2 4 8
 82  -7.34 -56.10 0 0 1 4 1 2 4 8
 83  -7.97 -57.63 0 0 1 4 1 2 4 8
 84   5.28 -53.58 0 0 1 4 1 2 4 8
 85   6.44 -54.75 0 0 1 4 1 2 4 8
 86   7.34 -56.10 0 0 1 4 1 2 4 8
 87   7.97 -57.63 0 0 1 4 1 2 4 8
 88  19.06 -44.43 0 0 1 4 1 2 4 8
 89  19.69 -45.96 0 0 1 4 1 2 4 8
 90  20.59 -47.31 0 0 1 4 1 2 4 8
 91  21.75 -48.48 0 0 1 4 1 2 4 8
 92  27.42 -35.13 0 0 1 4 1 2 4 8
 93  28.78 -35.34 0 0 1 4 1 2 4 8
 94  30.05 -35.81 0 0 1 4 1 2 4 8
 95  31.23 -36.53 0 0 1 4 1 2 4 8
 96  32.19 -22.15 0 0 1 4 1 2 4 8
 97  33.36 -22.87 0 0 1 4 1 2 4 8
 98  34.64 -23.34 0 0 1 4 1 2 4 8
 99  36.00 -23.55 0 0 1 4 1 2 4 8
100  36.31 -11.00 0 0 1 4 1 2 4 8
101  35.20 -11.12 0 0 1 4 1 2 4 8
102  34.16 -11.46 0 0 1 4 1 2 4 8
103  33.18 -12.00 0 0 1 4 1 2 4 8
104  32.90  -0.35 0 0 1 4 1 2 4 8
105  31.92  -0.89 0 0 1 4 1 2 4 8
106  30.88  -1.22 0 0 1 4 1 2 4 8
107  29.77  -1.35 0 0 1 4 1 2 4 8
108  26.78   7.53 0 0 1 4 1 2 4 8
109  26.20   6.89 0 0 1 4 1 2 4 8
110  25.76   6.16 0 0 1 4 1 2 4 8
111  25.46   5.34 0 0 1 4 1 2 4 8
112  19.35  12.03 0 0 1 4 1 2 4 8
113  19.05  11.21 0 0 1 4 1 2 4 8
114  18.61  10.48 0 0 1 4 1 2 4 8
115  18.02   9.84 0 0 1 4 1 2 4 8
116  11.84  13.16 0 0 1 4 1 2 4 8
117  11.89  12.51 0 0 1 4 1 2 4 8
118  12.07  11.90 0 0 1 4 1 2 4 8
119  12.36  11.32 0 0 1 4 1 2 4 8
120   5.57  11.38 0 0 1 4 1 2 4 8
121   5.87  10.80 0 0 1 4 1 2 4 8
122   6.04  10.18 0 0 1 4 1 2 4 8
123   6.09   9.53 0 0 1 4 1 2 4 8
124   1.41   7.46 0 0 1 4 1 2 4 8
125   1.86   7.22 0 0 1 4 1 2 4 8
126   2.34   7.08 0 0 1 4 1 2 4 8
127   2.85   7.03 0 0 1 4 1 2 4 8
128  -0.03   2.56 0 0 1 4 1 2 4 8
129   0.48   2.52 0 0 1 4 1 2 4 8
130   0.96   2.38 0 0 1 4 1 2 4 8
131   1.41   2.14 0 0 1 4 1 2 4 8
