1 1 153 4
0 0
0 0
0 0
0 0
  0   0.00   0.00 0 0 0 0
  1  -2.39   9.71 0 0 4 1 15
  2 -13.26  14.97 0 0 4 1 15
  3 -28.05  10.64 0 0 4 1 15
  4 -39.71  -4.82 0 0 4 1 15
  5 -41.15 -28.40 0 0 4 1 15
  6 -27.88 -53.13 0 0 4 1 15
  7   0.00 -70.00 0 0 4 1 15
  8  27.88 -53.13 0 0 4 1 15
  9  41.15 -28.40 0 0 4 1 15
 10  39.71  -4.82 0 0 4 1 15
 11  28.05  10.64 0 0 4 1 15
 12  13.26  14.97 0 0 4 1 15
 13   2.39   9.71 0 0 4 1 15
 14  -0.23   5.09 0 0 2 2 5 10
 15  -2.17   4.62 0 0 2 2 5 10
 16  -7.30  13.43 0 0 2 2 5 10
 17  -8.35  11.25 0 0 2 2 5 10
 18 -21.09  14.28 0 0 2 2 5 10
 19 -20.22  11.33 0 0 2 2 5 10
 20 -35.43   4.07 0 0 2 2 5 10
 21 -32.33   1.74 0 0 2 2 5 10
 22 -42.79 -16.47 0 0 2 2 5 10
 23 -38.07 -16.76 0 0 2 2 5 10
 24 -32.04 -39.44 0 0 2 2 5 10
 25 -36.99 -42.09 0 0 2 2 5 10
 26 -12.25 -58.78 0 0 2 2 5 10
 27 -15.63 -64.35 0 0 2 2 5 10
 28  12.25 -58.78 0 0 2 2 5 10
 29  15.63 -64.35 0 0 2 2 5 10
 30  32.04 -39.44 0 0 2 2 5 10
 31  36.99 -42.09 0 0 2 2 5 10
 32  42.79 -16.47 0 0 2 2 5 10
 33  38.07 -16.76 0 0 2 2 5 10
 34  35.43   4.07 0 0 2 2 5 10
 35  32.33   1.74 0 0 2 2 5 10
 36  21.09  14.28 0 0 2 2 5 10
 37  20.22  11.33 0 0 2 2 5 10
 38   7.30  13.43 0 0 2 2 5 10
 39   8.35  11.25 0 0 2 2 5 10
 40   0.23   5.09 0 0 2 2 5 10
 41   2.17   4.62 0 0 2 2 5 10
 42   0.14   2.56 0 0 1 4 1 2 4 8
 43  -0.37   2.54 0 0 1 4 1 2 4 8
 44  -0.85   2.42 0 0 1 4 1 2 4 8
 45  -1.31   2.20 0 0 1 4 1 2 4 8
 46  -1.08   7.51 0 0 1 4 1 2 4 8
 47  -1.54   7.29 0 0 1 4 1 2 4 8
 48  -2.03   7.17 0 0 1 4 1 2 4 8
 49  -2.54   7.15 0 0 1 4 1 2 4 8
 50  -4.66  11.81 0 0 1 4 1 2 4 8
 51  -5.03  11.32 0 0 1 4 1 2 4 8
 52  -5.30  10.78 0 0 1 4 1 2 4 8
 53  -5.45  10.18 0 0 1 4 1 2 4 8
 54 -10.20  14.50 0 0 1 4 1 2 4 8
 55 -10.36  13.90 0 0 1 4 1 2 4 8
 56 -10.62  13.36 0 0 1 4 1 2 4 8
 57 -10.99  12.87 0 0 1 4 1 2 4 8
 58 -17.21  15.02 0 0 1 4 1 2 4 8
 59 -17.14  14.24 0 0 1 4 1 2 4 8
 60 -16.93  13.50 0 0 1 4 1 2 4 8
 61 -16.56  12.80 0 0 1 4 1 2 4 8
 62 -24.75  12.81 0 0 1 4 1 2 4 8
 63 -24.39  12.11 0 0 1 4 1 2 4 8
 64 -24.17  11.37 0 0 1 4 1 2 4 8
 65 -24.10  10.59 0 0 1 4 1 2 4 8
 66 -32.07   7.72 0 0 1 4 1 2 4 8
 67 -31.41   6.99 0 0 1 4 1 2 4 8
 68 -30.64   6.40 0 0 1 4 1 2 4 8
 69 -29.75   5.98 0 0 1 4 1 2 4 8
 70 -38.01  -0.16 0 0 1 4 1 2 4 8
 71 -37.12  -0.59 0 0 1 4 1 2 4 8
 72 -36.35  -1.17 0 0 1 4 1 2 4 8
 73 -35.69  -1.91 0 0 1 4 1 2 4 8
 74 -41.83 -10.49 0 0 1 4 1 2 4 8
 75 -40.67 -10.80 0 0 1 4 1 2 4 8
 76 -38.29 -10.71 0 0 1 4 1 2 4 8
 77 -39.49 -10.87 0 0 1 4 1 2 4 8
 78 -41.37 -22.35 0 0 1 4 1 2 4 8
 79 -42.56 -22.52 0 0 1 4 1 2 4 8
 80 -40.19 -22.43 0 0 1 4 1 2 4 8
 81 -39.03 -22.73 0 0 1 4 1 2 4 8
 82 -36.04 -33.47 0 0 1 4 1 2 4 8
 83 -37.15 -34.38 0 0 1 4 1 2 4 8
 84 -38.38 -35.04 0 0 1 4 1 2 4 8
 85 -39.75 -35.46 0 0 1 4 1 2 4 8
 86 -29.28 -46.08 0 0 1 4 1 2 4 8
 87 -30.65 -46.49 0 0 1 4 1 2 4 8
 88 -31.88 -47.15 0 0 1 4 1 2 4 8
 89 -32.99 -48.06 0 0 1 4 1 2 4 8
 90 -19.79 -55.17 0 0 1 4 1 2 4 8
 91 -20.35 -56.73 0 0 1 4 1 2 4 8
 92 -21.19 -58.13 0 0 1 4 1 2 4 8
 93 -22.32 -59.35 0 0 1 4 1 2 4 8
 94  -5.57 -63.77 0 0 1 4 1 2 4 8
 95  -6.69 -65.00 0 0 1 4 1 2 4 8
 96  -7.53 -66.39 0 0 1 4 1 2 4 8
 97  -8.10 -67.96 0 0 1 4 1 2 4 8
 98   5.57 -63.77 0 0 1 4 1 2 4 8
 99   6.69 -65.00 0 0 1 4 1 2 4 8
100   7.53 -66.39 0 0 1 4 1 2 4 8
101   8.10 -67.96 0 0 1 4 1 2 4 8
102  19.79 -55.17 0 0 1 4 1 2 4 8
103  20.35 -56.73 0 0 1 4 1 2 4 8
104  21.19 -58.13 0 0 1 4 1 2 4 8
105  22.32 -59.35 0 0 1 4 1 2 4 8
106  29.28 -46.08 0 0 1 4 1 2 4 8
107  30.65 -46.49 0 0 1 4 1 2 4 8
108  31.88 -47.15 0 0 1 4 1 2 4 8
109  32.99 -48.06 0 0 1 4 1 2 4 8
110  36.04 -33.47 0 0 1 4 1 2 4 8
111  37.15 -34.38 0 0 1 4 1 2 4 8
112  38.38 -35.04 0 0 1 4 1 2 4 8
113  39.75 -35.46 0 0 1 4 1 2 4 8
114  41.37 -22.35 0 0 1 4 1 2 4 8
115  42.56 -22.52 0 0 1 4 1 2 4 8
116  40.19 -22.43 0 0 1 4 1 2 4 8
117  39.03 -22.73 0 0 1 4 1 2 4 8
118  41.83 -10.49 0 0 1 4 1 2 4 8
119  40.67 -10.80 0 0 1 4 1 2 4 8
120  38.29 -10.71 0 0 1 4 1 2 4 8
121  39.49 -10.87 0 0 1 4 1 2 4 8
122  38.01  -0.16 0 0 1 4 1 2 4 8
123  37.12  -0.59 0 0 1 4 1 2 4 8
124  36.35  -1.17 0 0 1 4 1 2 4 8
125  35.69  -1.91 0 0 1 4 1 2 4 8
126  32.07   7.72 0 0 1 4 1 2 4 8
127  31.41   6.99 0 0 1 4 1 2 4 8
128  30.64   6.40 0 0 1 4 1 2 4 8
129  29.75   5.98 0 0 1 4 1 2 4 8
130  24.75  12.81 0 0 1 4 1 2 4 8
131  24.39  12.11 0 0 1 4 1 2 4 8
132  24.17  11.37 0 0 1 4 1 2 4 8
133  24.10  10.59 0 0 1 4 1 2 4 8
134  17.21  15.02 0 0 1 4 1 2 4 8
135  17.14  14.24 0 0 1 4 1 2 4 8
136  16.93  13.50 0 0 1 4 1 2 4 8
137  16.56  12.80 0 0 1 4 1 2 4 8
138  10.20  14.50 0 0 1 4 1 2 4 8
139  10.36  13.90 0 0 1 4 1 2 4 8
140  10.62  13.36 0 0 1 4 1 2 4 8
141  10.99  12.87 0 0 1 4 1 2 4 8
142   4.66  11.81 0 0 1 4 1 2 4 8
143   5.03  11.32 0 0 1 4 1 2 4 8
144   5.30  10.78 0 0 1 4 1 2 4 8
145   5.45  10.18 0 0 1 4 1 2 4 8
146   1.08   7.51 0 0 1 4 1 2 4 8
147   1.54   7.29 0 0 1 4 1 2 4 8
148   2.03   7.17 0 0 1 4 1 2 4 8
149   2.54   7.15 0 0 1 4 1 2 4 8
150  -0.14   2.56 0 0 1 4 1 2 4 8
151   0.37   2.54 0 0 1 4 1 2 4 8
152   0.85   2.42 0 0 1 4 1 2 4 8
153   1.31   2.20 0 0 1 4 1 2 4 8
