1 1 48 4
0 0
0 0
0 0
0 0
 0   0.00   0.00 0 0 0 0
 1  -5.88   8.09 0 0 2 2 5 10
 2 -13.45  -4.37 0 0 2 2 5 10
 3   0.00 -17.32 0 0 2 2 5 10
 4  13.45  -4.37 0 0 2 2 5 10
 5   5.88   8.09 0 0 2 2 5 10
 6  -5.63  19.19 0 0 2 2 5 10
 7 -21.38  18.52 0 0 2 2 5 10
 8 -34.29   4.93 0 0 2 2 5 10
 9 -36.39 -16.62 0 0 2 2 5 10
10 -24.18 -37.62 0 0 2 2 5 10
11   0.00 -48.99 0 0 2 2 5 10
12  24.18 -37.62 0 0 2 2 5 10
13  36.39 -16.62 0 0 2 2 5 10
14  34.29   4.93 0 0 2 2 5 10
15  21.38  18.52 0 0 2 2 5 10
16   5.63  19.19 0 0 2 2 5 10
17  -2.13   4.63 0 0 1 4 1 2 4 8
18  -3.75   3.46 0 0 1 4 1 2 4 8
19 -10.91   2.62 0 0 1 4 1 2 4 8
20  -8.42   1.10 0 0 1 4 1 2 4 8
21  -5.43  -9.50 0 0 1 4 1 2 4 8
22  -8.02 -12.19 0 0 1 4 1 2 4 8
23   5.43  -9.50 0 0 1 4 1 2 4 8
24   8.02 -12.19 0 0 1 4 1 2 4 8
25  10.91   2.62 0 0 1 4 1 2 4 8
26   8.42   1.10 0 0 1 4 1 2 4 8
27   2.13   4.63 0 0 1 4 1 2 4 8
28   3.75   3.46 0 0 1 4 1 2 4 8
29 -13.57  20.43 0 0 1 4 1 2 4 8
30 -13.44  17.28 0 0 1 4 1 2 4 8
31 -29.19  13.02 0 0 1 4 1 2 4 8
32 -26.47  10.43 0 0 1 4 1 2 4 8
33 -37.49  -5.63 0 0 1 4 1 2 4 8
34 -33.18  -6.05 0 0 1 4 1 2 4 8
35 -28.18 -25.90 0 0 1 4 1 2 4 8
36 -32.38 -28.34 0 0 1 4 1 2 4 8
37 -10.95 -40.89 0 0 1 4 1 2 4 8
38 -13.23 -45.72 0 0 1 4 1 2 4 8
39  10.95 -40.89 0 0 1 4 1 2 4 8
40  13.23 -45.72 0 0 1 4 1 2 4 8
41  28.18 -25.90 0 0 1 4 1 2 4 8
42  32.38 -28.34 0 0 1 4 1 2 4 8
43  37.49  -5.63 0 0 1 4 1 2 4 8
44  33.18  -6.05 0 0 1 4 1 2 4 8
45  29.19  13.02 0 0 1 4 1 2 4 8
46  26.47  10.43 0 0 1 4 1 2 4 8
47  13.57  20.43 0 0 1 4 1 2 4 8
48  13.44  17.28 0 0 1 4 1 2 4 8
