1 1 66 4
0 0
0 0
0 0
0 0
 0   0.00   0.00 0 0 0 0
 1  -4.34   9.01 0 0 2 2 5 10
 2 -13.79   3.15 0 0 2 2 5 10
 3 -13.54 -10.80 0 0 2 2 5 10
 4   0.00 -20.00 0 0 2 2 5 10
 5  13.54 -10.80 0 0 2 2 5 10
 6  13.79   3.15 0 0 2 2 5 10
 7   4.34   9.01 0 0 2 2 5 10
 8  -4.16  19.56 0 0 2 2 5 10
 9 -16.63  22.88 0 0 2 2 5 10
10 -30.00  17.32 0 0 2 2 5 10
11 -39.78   4.18 0 0 2 2 5 10
12 -42.53 -13.82 0 0 2 2 5 10
13 -36.41 -32.78 0 0 2 2 5 10
14 -21.52 -48.34 0 0 2 2 5 10
15   0.00 -56.57 0 0 2 2 5 10
16  21.52 -48.34 0 0 2 2 5 10
17  36.41 -32.78 0 0 2 2 5 10
18  42.53 -13.82 0 0 2 2 5 10
19  39.78   4.18 0 0 2 2 5 10
20  30.00  17.32 0 0 2 2 5 10
21  16.63  22.88 0 0 2 2 5 10
22   4.16  19.56 0 0 2 2 5 10
23  -1.27   4.94 0 0 1 4 1 2 4 8
24  -3.07   4.07 0 0 1 4 1 2 4 8
25  -9.65   7.02 0 0 1 4 1 2 4 8
26  -8.48   5.13 0 0 1 4 1 2 4 8
27 -12.27  -3.80 0 0 1 4 1 2 4 8
28 -15.06  -3.85 0 0 1 4 1 2 4 8
29  -5.85 -14.05 0 0 1 4 1 2 4 8
30  -7.69 -16.75 0 0 1 4 1 2 4 8
31   5.85 -14.05 0 0 1 4 1 2 4 8
32   7.69 -16.75 0 0 1 4 1 2 4 8
33  12.27  -3.80 0 0 1 4 1 2 4 8
34  15.06  -3.85 0 0 1 4 1 2 4 8
35   9.65   7.02 0 0 1 4 1 2 4 8
36   8.48   5.13 0 0 1 4 1 2 4 8
37   1.27   4.94 0 0 1 4 1 2 4 8
38   3.07   4.07 0 0 1 4 1 2 4 8
39 -10.06  22.47 0 0 1 4 1 2 4 8
40 -10.72  19.98 0 0 1 4 1 2 4 8
41 -23.87  21.44 0 0 1 4 1 2 4 8
42 -22.76  18.76 0 0 1 4 1 2 4 8
43 -36.20  11.73 0 0 1 4 1 2 4 8
44 -33.58   9.77 0 0 1 4 1 2 4 8
45 -42.96  -4.54 0 0 1 4 1 2 4 8
46 -39.36  -5.09 0 0 1 4 1 2 4 8
47 -37.57 -22.69 0 0 1 4 1 2 4 8
48 -41.37 -23.91 0 0 1 4 1 2 4 8
49 -27.41 -39.07 0 0 1 4 1 2 4 8
50 -30.52 -42.05 0 0 1 4 1 2 4 8
51  -9.94 -50.30 0 0 1 4 1 2 4 8
52 -11.58 -54.61 0 0 1 4 1 2 4 8
53   9.94 -50.30 0 0 1 4 1 2 4 8
54  11.58 -54.61 0 0 1 4 1 2 4 8
55  27.41 -39.07 0 0 1 4 1 2 4 8
56  30.52 -42.05 0 0 1 4 1 2 4 8
57  37.57 -22.69 0 0 1 4 1 2 4 8
58  41.37 -23.91 0 0 1 4 1 2 4 8
59  42.96  -4.54 0 0 1 4 1 2 4 8
60  39.36  -5.09 0 0 1 4 1 2 4 8
61  36.20  11.73 0 0 1 4 1 2 4 8
62  33.58   9.77 0 0 1 4 1 2 4 8
63  23.87  21.44 0 0 1 4 1 2 4 8
64  22.76  18.76 0 0 1 4 1 2 4 8
65  10.06  22.47 0 0 1 4 1 2 4 8
66  10.72  19.98 0 0 1 4 1 2 4 8
