1 1 84 4
0 0
0 0
0 0
0 0
 0   0.00   0.00 0 0 0 0
 1  -3.42   9.40 0 0 2 2 5 10
 2 -12.25   7.07 0 0 2 2 5 10
 3 -17.06  -3.01 0 0 2 2 5 10
 4 -12.86 -15.32 0 0 2 2 5 10
 5   0.00 -22.36 0 0 2 2 5 10
 6  12.86 -15.32 0 0 2 2 5 10
 7  17.06  -3.01 0 0 2 2 5 10
 8  12.25   7.07 0 0 2 2 5 10
 9   3.42   9.40 0 0 2 2 5 10
10  -3.29  19.73 0 0 2 2 5 10
11 -13.46  24.88 0 0 2 2 5 10
12 -25.49  23.46 0 0 2 2 5 10
13 -36.63  16.07 0 0 2 2 5 10
14 -44.57   3.69 0 0 2 2 5 10
15 -47.49 -12.03 0 0 2 2 5 10
16 -44.30 -28.94 0 0 2 2 5 10
17 -34.75 -44.64 0 0 2 2 5 10
18 -19.48 -56.75 0 0 2 2 5 10
19   0.00 -63.25 0 0 2 2 5 10
20  19.48 -56.75 0 0 2 2 5 10
21  34.75 -44.64 0 0 2 2 5 10
22  44.30 -28.94 0 0 2 2 5 10
23  47.49 -12.03 0 0 2 2 5 10
24  44.57   3.69 0 0 2 2 5 10
25  36.63  16.07 0 0 2 2 5 10
26  25.49  23.46 0 0 2 2 5 10
27  13.46  24.88 0 0 2 2 5 10
28   3.29  19.73 0 0 2 2 5 10
29  -0.77   5.04 0 0 1 4 1 2 4 8
30  -2.65   4.36 0 0 1 4 1 2 4 8
31  -8.07   9.12 0 0 1 4 1 2 4 8
32  -7.60   7.35 0 0 1 4 1 2 4 8
33 -15.66   2.51 0 0 1 4 1 2 4 8
34 -13.64   1.55 0 0 1 4 1 2 4 8
35 -13.73  -8.74 0 0 1 4 1 2 4 8
36 -16.19  -9.58 0 0 1 4 1 2 4 8
37  -5.72 -17.56 0 0 1 4 1 2 4 8
38  -7.13 -20.13 0 0 1 4 1 2 4 8
39   5.72 -17.56 0 0 1 4 1 2 4 8
40   7.13 -20.13 0 0 1 4 1 2 4 8
41  13.73  -8.74 0 0 1 4 1 2 4 8
42  16.19  -9.58 0 0 1 4 1 2 4 8
43  15.66   2.51 0 0 1 4 1 2 4 8
44  13.64   1.55 0 0 1 4 1 2 4 8
45   8.07   9.12 0 0 1 4 1 2 4 8
46   7.60   7.35 0 0 1 4 1 2 4 8
47   0.77   5.04 0 0 1 4 1 2 4 8
48   2.65   4.36 0 0 1 4 1 2 4 8
49  -7.86  23.32 0 0 1 4 1 2 4 8
50  -8.89  21.28 0 0 1 4 1 2 4 8
51 -19.62  25.37 0 0 1 4 1 2 4 8
52 -19.33  22.97 0 0 1 4 1 2 4 8
53 -31.80  20.88 0 0 1 4 1 2 4 8
54 -30.32  18.65 0 0 1 4 1 2 4 8
55 -41.84  10.67 0 0 1 4 1 2 4 8
56 -39.36   9.09 0 0 1 4 1 2 4 8
57 -47.60  -3.87 0 0 1 4 1 2 4 8
58 -44.46  -4.46 0 0 1 4 1 2 4 8
59 -44.20 -20.16 0 0 1 4 1 2 4 8
60 -47.59 -20.80 0 0 1 4 1 2 4 8
61 -37.95 -35.84 0 0 1 4 1 2 4 8
62 -41.09 -37.75 0 0 1 4 1 2 4 8
63 -25.90 -49.17 0 0 1 4 1 2 4 8
64 -28.32 -52.22 0 0 1 4 1 2 4 8
65  -9.09 -58.05 0 0 1 4 1 2 4 8
66 -10.39 -61.95 0 0 1 4 1 2 4 8
67   9.09 -58.05 0 0 1 4 1 2 4 8
68  10.39 -61.95 0 0 1 4 1 2 4 8
69  25.90 -49.17 0 0 1 4 1 2 4 8
70  28.32 -52.22 0 0 1 4 1 2 4 8
71  37.95 -35.84 0 0 1 4 1 2 4 8
72  41.09 -37.75 0 0 1 4 1 2 4 8
73  44.20 -20.16 0 0 1 4 1 2 4 8
74  47.59 -20.80 0 0 1 4 1 2 4 8
75  47.60  -3.87 0 0 1 4 1 2 4 8
76  44.46  -4.46 0 0 1 4 1 2 4 8
77  41.84  10.67 0 0 1 4 1 2 4 8
78  39.36   9.09 0 0 1 4 1 2 4 8
79  31.80  20.88 0 0 1 4 1 2 4 8
80  30.32  18.65 0 0 1 4 1 2 4 8
81  19.62  25.37 0 0 1 4 1 2 4 8
82  19.33  22.97 0 0 1 4 1 2 4 8
83   7.86  23.32 0 0 1 4 1 2 4 8
84   8.89  21.28 0 0 1 4 1 2 4 8
