1 1 102 4
0 0
0 0
0 0
0 0
  0   0.00   0.00 0 0 0 0
  1  -2.82   9.59 0 0 2 2 5 10
  2 -10.69   9.26 0 0 2 2 5 10
  3 -17.14   2.46 0 0 2 2 5 10
  4 -18.19  -8.31 0 0 2 2 5 10
  5 -12.09 -18.81 0 0 2 2 5 10
  6   0.00 -24.49 0 0 2 2 5 10
  7  12.09 -18.81 0 0 2 2 5 10
  8  18.19  -8.31 0 0 2 2 5 10
  9  17.14   2.46 0 0 2 2 5 10
 10  10.69   9.26 0 0 2 2 5 10
 11   2.82   9.59 0 0 2 2 5 10
 12  -2.72  19.81 0 0 2 2 5 10
 13 -11.27  25.94 0 0 2 2 5 10
 14 -21.86  26.87 0 0 2 2 5 10
 15 -32.68  23.07 0 0 2 2 5 10
 16 -42.14  14.98 0 0 2 2 5 10
 17 -48.88   3.34 0 0 2 2 5 10
 18 -51.81 -10.77 0 0 2 2 5 10
 19 -50.23 -26.03 0 0 2 2 5 10
 20 -43.85 -40.95 0 0 2 2 5 10
 21 -32.86 -54.04 0 0 2 2 5 10
 22 -17.90 -63.87 0 0 2 2 5 10
 23   0.00 -69.28 0 0 2 2 5 10
 24  17.90 -63.87 0 0 2 2 5 10
 25  32.86 -54.04 0 0 2 2 5 10
 26  43.85 -40.95 0 0 2 2 5 10
 27  50.23 -26.03 0 0 2 2 5 10
 28  51.81 -10.77 0 0 2 2 5 10
 29  48.88   3.34 0 0 2 2 5 10
 30  42.14  14.98 0 0 2 2 5 10
 31  32.68  23.07 0 0 2 2 5 10
 32  21.86  26.87 0 0 2 2 5 10
 33  11.27  25.94 0 0 2 2 5 10
 34   2.72  19.81 0 0 2 2 5 10
 35  -0.45   5.08 0 0 1 4 1 2 4 8
 36  -2.37   4.52 0 0 1 4 1 2 4 8
 37  -6.79  10.22 0 0 1 4 1 2 4 8
 38  -6.72   8.64 0 0 1 4 1 2 4 8
 39 -14.60   6.51 0 0 1 4 1 2 4 8
 40 -13.24   5.22 0 0 1 4 1 2 4 8
 41 -18.75  -2.82 0 0 1 4 1 2 4 8
 42 -16.59  -3.03 0 0 1 4 1 2 4 8
 43 -14.09 -12.95 0 0 1 4 1 2 4 8
 44 -16.19 -14.17 0 0 1 4 1 2 4 8
 45  -5.48 -20.44 0 0 1 4 1 2 4 8
 46  -6.61 -22.86 0 0 1 4 1 2 4 8
 47   5.48 -20.44 0 0 1 4 1 2 4 8
 48   6.61 -22.86 0 0 1 4 1 2 4 8
 49  14.09 -12.95 0 0 1 4 1 2 4 8
 50  16.19 -14.17 0 0 1 4 1 2 4 8
 51  18.75  -2.82 0 0 1 4 1 2 4 8
 52  16.59  -3.03 0 0 1 4 1 2 4 8
 53  14.60   6.51 0 0 1 4 1 2 4 8
 54  13.24   5.22 0 0 1 4 1 2 4 8
 55   6.79  10.22 0 0 1 4 1 2 4 8
 56   6.72   8.64 0 0 1 4 1 2 4 8
 57   0.45   5.08 0 0 1 4 1 2 4 8
 58   2.37   4.52 0 0 1 4 1 2 4 8
 59  -6.38  23.73 0 0 1 4 1 2 4 8
 60  -7.61  22.02 0 0 1 4 1 2 4 8
 61 -16.47  27.47 0 0 1 4 1 2 4 8
 62 -16.66  25.35 0 0 1 4 1 2 4 8
 63 -27.65  26.05 0 0 1 4 1 2 4 8
 64 -26.89  23.89 0 0 1 4 1 2 4 8
 65 -38.22  19.97 0 0 1 4 1 2 4 8
 66 -36.60  18.08 0 0 1 4 1 2 4 8
 67 -46.67   9.83 0 0 1 4 1 2 4 8
 68 -44.34   8.49 0 0 1 4 1 2 4 8
 69 -51.75  -3.42 0 0 1 4 1 2 4 8
 70 -48.93  -4.00 0 0 1 4 1 2 4 8
 71 -49.49 -18.24 0 0 1 4 1 2 4 8
 72 -52.54 -18.55 0 0 1 4 1 2 4 8
 73 -45.55 -32.85 0 0 1 4 1 2 4 8
 74 -48.53 -34.13 0 0 1 4 1 2 4 8
 75 -37.05 -46.40 0 0 1 4 1 2 4 8
 76 -39.66 -48.59 0 0 1 4 1 2 4 8
 77 -24.40 -57.46 0 0 1 4 1 2 4 8
 78 -26.36 -60.45 0 0 1 4 1 2 4 8
 79  -8.41 -64.79 0 0 1 4 1 2 4 8
 80  -9.49 -68.37 0 0 1 4 1 2 4 8
 81   8.41 -64.79 0 0 1 4 1 2 4 8
 82   9.49 -68.37 0 0 1 4 1 2 4 8
 83  24.40 -57.46 0 0 1 4 1 2 4 8
 84  26.36 -60.45 0 0 1 4 1 2 4 8
 85  37.05 -46.40 0 0 1 4 1 2 4 8
 86  39.66 -48.59 0 0 1 4 1 2 4 8
 87  45.55 -32.85 0 0 1 4 1 2 4 8
 88  48.53 -34.13 0 0 1 4 1 2 4 8
 89  49.49 -18.24 0 0 1 4 1 2 4 8
 90  52.54 -18.55 0 0 1 4 1 2 4 8
 91  51.75  -3.42 0 0 1 4 1 2 4 8
 92  48.93  -4.00 0 0 1 4 1 2 4 8
 93  46.67   9.83 0 0 1 4 1 2 4 8
 94  44.34   8.49 0 0 1 4 1 2 4 8
 95  38.22  19.97 0 0 1 4 1 2 4 8
 96  36.60  18.08 0 0 1 4 1 2 4 8
 97  27.65  26.05 0 0 1 4 1 2 4 8
 98  26.89  23.89 0 0 1 4 1 2 4 8
 99  16.47  27.47 0 0 1 4 1 2 4 8
100  16.66  25.35 0 0 1 4 1 2 4 8
101   6.38  23.73 0 0 1 4 1 2 4 8
102   7.61  22.02 0 0 1 4 1 2 4 8
