1 1 120 4
0 0
0 0
0 0
0 0
  0   0.00   0.00 0 0 0 0
  1  -2.39   9.71 0 0 2 2 5 10
  2  -9.38  10.59 0 0 2 2 5 10
  3 -16.19   6.14 0 0 2 2 5 10
  4 -19.85  -2.41 0 0 2 2 5 10
  5 -18.40 -12.70 0 0 2 2 5 10
  6 -11.38 -21.69 0 0 2 2 5 10
  7   0.00 -26.46 0 0 2 2 5 10
  8  11.38 -21.69 0 0 2 2 5 10
  9  18.40 -12.70 0 0 2 2 5 10
 10  19.85  -2.41 0 0 2 2 5 10
 11  16.19   6.14 0 0 2 2 5 10
 12   9.38  10.59 0 0 2 2 5 10
 13   2.39   9.71 0 0 2 2 5 10
 14  -2.32  19.86 0 0 2 2 5 10
 15  -9.67  26.58 0 0 2 2 5 10
 16 -19.04  28.94 0 0 2 2 5 10
 17 -29.09  27.45 0 0 2 2 5 10
 18 -38.73  22.36 0 0 2 2 5 10
 19 -46.93  14.05 0 0 2 2 5 10
 20 -52.83   3.08 0 0 2 2 5 10
 21 -55.71  -9.82 0 0 2 2 5 10
 22 -55.09 -23.76 0 0 2 2 5 10
 23 -50.73 -37.77 0 0 2 2 5 10
 24 -42.64 -50.81 0 0 2 2 5 10
 25 -31.09 -61.91 0 0 2 2 5 10
 26 -16.63 -70.17 0 0 2 2 5 10
 27   0.00 -74.83 0 0 2 2 5 10
 28  16.63 -70.17 0 0 2 2 5 10
 29  31.09 -61.91 0 0 2 2 5 10
 30  42.64 -50.81 0 0 2 2 5 10
 31  50.73 -37.77 0 0 2 2 5 10
 32  55.09 -23.76 0 0 2 2 5 10
 33  55.71  -9.82 0 0 2 2 5 10
 34  52.83   3.08 0 0 2 2 5 10
 35  46.93  14.05 0 0 2 2 5 10
 36  38.73  22.36 0 0 2 2 5 10
 37  29.09  27.45 0 0 2 2 5 10
 38  19.04  28.94 0 0 2 2 5 10
 39   9.67  26.58 0 0 2 2 5 10
 40   2.32  19.86 0 0 2 2 5 10
 41  -0.23   5.09 0 0 1 4 1 2 4 8
 42  -2.17   4.62 0 0 1 4 1 2 4 8
 43  -5.80  10.85 0 0 1 4 1 2 4 8
 44  -5.97   9.45 0 0 1 4 1 2 4 8
 45 -13.23   9.05 0 0 1 4 1 2 4 8
 46 -12.34   7.68 0 0 1 4 1 2 4 8
 47 -18.88   2.23 0 0 1 4 1 2 4 8
 48 -17.17   1.50 0 0 1 4 1 2 4 8
 49 -18.10  -7.41 0 0 1 4 1 2 4 8
 50 -20.16  -7.70 0 0 1 4 1 2 4 8
 51 -13.99 -16.49 0 0 1 4 1 2 4 8
 52 -15.79 -17.90 0 0 1 4 1 2 4 8
 53  -5.21 -22.93 0 0 1 4 1 2 4 8
 54  -6.17 -25.21 0 0 1 4 1 2 4 8
 55   5.21 -22.93 0 0 1 4 1 2 4 8
 56   6.17 -25.21 0 0 1 4 1 2 4 8
 57  13.99 -16.49 0 0 1 4 1 2 4 8
 58  15.79 -17.90 0 0 1 4 1 2 4 8
 59  18.10  -7.41 0 0 1 4 1 2 4 8
 60  20.16  -7.70 0 0 1 4 1 2 4 8
 61  18.88   2.23 0 0 1 4 1 2 4 8
 62  17.17   1.50 0 0 1 4 1 2 4 8
 63  13.23   9.05 0 0 1 4 1 2 4 8
 64  12.34   7.68 0 0 1 4 1 2 4 8
 65   5.80  10.85 0 0 1 4 1 2 4 8
 66   5.97   9.45 0 0 1 4 1 2 4 8
 67   0.23   5.09 0 0 1 4 1 2 4 8
 68   2.17   4.62 0 0 1 4 1 2 4 8
 69  -5.33  23.96 0 0 1 4 1 2 4 8
 70  -6.67  22.49 0 0 1 4 1 2 4 8
 71 -14.12  28.70 0 0 1 4 1 2 4 8
 72 -14.59  26.82 0 0 1 4 1 2 4 8
 73 -24.21  29.20 0 0 1 4 1 2 4 8
 74 -23.92  27.19 0 0 1 4 1 2 4 8
 75 -34.42  25.87 0 0 1 4 1 2 4 8
 76 -33.40  23.94 0 0 1 4 1 2 4 8
 77 -43.66  19.03 0 0 1 4 1 2 4 8
 78 -42.00  17.39 0 0 1 4 1 2 4 8
 79 -50.98   9.15 0 0 1 4 1 2 4 8
 80 -48.78   7.97 0 0 1 4 1 2 4 8
 81 -55.56  -3.08 0 0 1 4 1 2 4 8
 82 -52.98  -3.66 0 0 1 4 1 2 4 8
 83 -54.01 -16.73 0 0 1 4 1 2 4 8
 84 -56.80 -16.86 0 0 1 4 1 2 4 8
 85 -51.51 -30.33 0 0 1 4 1 2 4 8
 86 -54.31 -31.20 0 0 1 4 1 2 4 8
 87 -45.38 -43.48 0 0 1 4 1 2 4 8
 88 -47.99 -45.10 0 0 1 4 1 2 4 8
 89 -35.76 -55.21 0 0 1 4 1 2 4 8
 90 -37.98 -57.52 0 0 1 4 1 2 4 8
 91 -23.04 -64.59 0 0 1 4 1 2 4 8
 92 -24.69 -67.49 0 0 1 4 1 2 4 8
 93  -7.85 -70.84 0 0 1 4 1 2 4 8
 94  -8.78 -74.16 0 0 1 4 1 2 4 8
 95   7.85 -70.84 0 0 1 4 1 2 4 8
 96   8.78 -74.16 0 0 1 4 1 2 4 8
 97  23.04 -64.59 0 0 1 4 1 2 4 8
 98  24.69 -67.49 0 0 1 4 1 2 4 8
 99  35.76 -55.21 0 0 1 4 1 2 4 8
100  37.98 -57.52 0 0 1 4 1 2 4 8
101  45.38 -43.48 0 0 1 4 1 2 4 8
102  47.99 -45.10 0 0 1 4 1 2 4 8
103  51.51 -30.33 0 0 1 4 1 2 4 8
104  54.31 -31.20 0 0 1 4 1 2 4 8
105  54.01 -16.73 0 0 1 4 1 2 4 8
106  56.80 -16.86 0 0 1 4 1 2 4 8
107  55.56  -3.08 0 0 1 4 1 2 4 8
108  52.98  -3.66 0 0 1 4 1 2 4 8
109  50.98   9.15 0 0 1 4 1 2 4 8
110  48.78   7.97 0 0 1 4 1 2 4 8
111  43.66  19.03 0 0 1 4 1 2 4 8
112  42.00  17.39 0 0 1 4 1 2 4 8
113  34.42  25.87 0 0 1 4 1 2 4 8
114  33.40  23.94 0 0 1 4 1 2 4 8
115  24.21  29.20 0 0 1 4 1 2 4 8
116  23.92  27.19 0 0 1 4 1 2 4 8
117  14.12  28.70 0 0 1 4 1 2 4 8
118  14.59  26.82 0 0 1 4 1 2 4 8
119   5.33  23.96 0 0 1 4 1 2 4 8
120   6.67  22.49 0 0 1 4 1 2 4 8
