1 1 77 4
0 0
0 0
0 0
0 0
 0   0.00   0.00 0 0 0 0
 1  -4.34   9.01 0 0 4 1 15
 2 -19.50   4.45 0 0 4 1 15
 3 -23.45 -18.70 0 0 4 1 15
 4   0.00 -40.00 0 0 4 1 15
 5  39.09 -31.17 0 0 4 1 15
 6  58.50  13.35 0 0 4 1 15
 7  19.47  85.31 0 0 4 1 15
 8  -1.27   4.94 0 0 2 2 5 10
 9  -3.07   4.07 0 0 2 2 5 10
10 -12.37   8.25 0 0 2 2 5 10
11 -11.46   5.21 0 0 2 2 5 10
12 -23.79  -6.73 0 0 2 2 5 10
13 -19.16  -7.52 0 0 2 2 5 10
14  -9.60 -27.01 0 0 2 2 5 10
15 -13.86 -31.70 0 0 2 2 5 10
16  18.66 -31.68 0 0 2 2 5 10
17  20.43 -39.50 0 0 2 2 5 10
18  44.34  -6.97 0 0 2 2 5 10
19  53.25 -10.85 0 0 2 2 5 10
20  46.18  53.23 0 0 2 2 5 10
21  31.79  45.43 0 0 2 2 5 10
22  -0.39   2.53 0 0 1 4 1 2 4 8
23  -0.88   2.41 0 0 1 4 1 2 4 8
24  -1.33   2.19 0 0 1 4 1 2 4 8
25  -1.74   1.88 0 0 1 4 1 2 4 8
26  -2.60   7.13 0 0 1 4 1 2 4 8
27  -3.01   6.82 0 0 1 4 1 2 4 8
28  -3.46   6.60 0 0 1 4 1 2 4 8
29  -3.95   6.48 0 0 1 4 1 2 4 8
30  -8.39   9.03 0 0 1 4 1 2 4 8
31  -8.32   8.23 0 0 1 4 1 2 4 8
32  -8.09   7.47 0 0 1 4 1 2 4 8
33  -7.71   6.76 0 0 1 4 1 2 4 8
34 -16.13   6.70 0 0 1 4 1 2 4 8
35 -15.75   5.99 0 0 1 4 1 2 4 8
36 -15.52   5.23 0 0 1 4 1 2 4 8
37 -15.44   4.43 0 0 1 4 1 2 4 8
38 -22.20  -0.93 0 0 1 4 1 2 4 8
39 -21.09  -1.36 0 0 1 4 1 2 4 8
40 -18.73  -1.52 0 0 1 4 1 2 4 8
41 -19.93  -1.55 0 0 1 4 1 2 4 8
42 -23.02 -12.70 0 0 1 4 1 2 4 8
43 -24.22 -12.73 0 0 1 4 1 2 4 8
44 -21.87 -12.90 0 0 1 4 1 2 4 8
45 -20.75 -13.33 0 0 1 4 1 2 4 8
46 -16.11 -22.16 0 0 1 4 1 2 4 8
47 -16.94 -23.55 0 0 1 4 1 2 4 8
48 -18.01 -24.72 0 0 1 4 1 2 4 8
49 -19.31 -25.68 0 0 1 4 1 2 4 8
50  -4.15 -33.02 0 0 1 4 1 2 4 8
51  -5.45 -33.98 0 0 1 4 1 2 4 8
52  -6.51 -35.16 0 0 1 4 1 2 4 8
53  -7.34 -36.54 0 0 1 4 1 2 4 8
54   8.92 -34.91 0 0 1 4 1 2 4 8
55   9.75 -36.77 0 0 1 4 1 2 4 8
56  10.19 -38.73 0 0 1 4 1 2 4 8
57  10.24 -40.77 0 0 1 4 1 2 4 8
58  28.85 -30.40 0 0 1 4 1 2 4 8
59  28.90 -32.45 0 0 1 4 1 2 4 8
60  29.34 -34.40 0 0 1 4 1 2 4 8
61  30.18 -36.27 0 0 1 4 1 2 4 8
62  40.51 -18.81 0 0 1 4 1 2 4 8
63  42.93 -19.34 0 0 1 4 1 2 4 8
64  45.15 -20.31 0 0 1 4 1 2 4 8
65  47.19 -21.72 0 0 1 4 1 2 4 8
66  50.40   3.90 0 0 1 4 1 2 4 8
67  52.43   2.48 0 0 1 4 1 2 4 8
68  54.66   1.51 0 0 1 4 1 2 4 8
69  57.08   0.99 0 0 1 4 1 2 4 8
70  54.33  33.91 0 0 1 4 1 2 4 8
71  50.34  32.68 0 0 1 4 1 2 4 8
72  46.75  30.72 0 0 1 4 1 2 4 8
73  43.54  28.05 0 0 1 4 1 2 4 8
74  34.43  70.60 0 0 1 4 1 2 4 8
75  31.22  67.93 0 0 1 4 1 2 4 8
76  27.62  65.98 0 0 1 4 1 2 4 8
77  23.64  64.75 0 0 1 4 1 2 4 8
