1 1 154 4
0 0
0 0
0 0
0 0
  0    0.00    0.00 0 0 0 0
  1   -4.34    9.01 0 0 4 1 15
  2  -19.50    4.45 0 0 4 1 15
  3  -23.45  -18.70 0 0 4 1 15
  4    0.00  -40.00 0 0 4 1 15
  5   39.09  -31.17 0 0 4 1 15
  6   58.50   13.35 0 0 4 1 15
  7   30.37   63.07 0 0 4 1 15
  8  -34.71   72.08 0 0 4 1 15
  9  -87.74   20.03 0 0 4 1 15
 10  -78.18  -62.35 0 0 4 1 15
 11    0.00 -110.00 0 0 4 1 15
 12   93.82  -74.82 0 0 4 1 15
 13  126.74   28.93 0 0 4 1 15
 14   38.94  170.61 0 0 4 1 15
 15   -1.27    4.94 0 0 2 2 5 10
 16   -3.07    4.07 0 0 2 2 5 10
 17  -12.37    8.25 0 0 2 2 5 10
 18  -11.46    5.21 0 0 2 2 5 10
 19  -23.79   -6.73 0 0 2 2 5 10
 20  -19.16   -7.52 0 0 2 2 5 10
 21   -9.60  -27.01 0 0 2 2 5 10
 22  -13.86  -31.70 0 0 2 2 5 10
 23   18.66  -31.68 0 0 2 2 5 10
 24   20.43  -39.50 0 0 2 2 5 10
 25   44.34   -6.97 0 0 2 2 5 10
 26   53.25  -10.85 0 0 2 2 5 10
 27   49.41   41.02 0 0 2 2 5 10
 28   39.46   35.40 0 0 2 2 5 10
 29   -1.27   74.08 0 0 2 2 5 10
 30   -3.07   61.06 0 0 2 2 5 10
 31  -66.43   51.36 0 0 2 2 5 10
 32  -56.02   40.75 0 0 2 2 5 10
 33  -74.73  -20.21 0 0 2 2 5 10
 34  -91.20  -22.12 0 0 2 2 5 10
 35  -34.33  -78.36 0 0 2 2 5 10
 36  -43.86  -93.99 0 0 2 2 5 10
 37   43.39  -83.03 0 0 2 2 5 10
 38   50.43 -101.79 0 0 2 2 5 10
 39   99.91  -19.65 0 0 2 2 5 10
 40  120.65  -26.24 0 0 2 2 5 10
 41   97.01  108.55 0 0 2 2 5 10
 42   68.67   90.99 0 0 2 2 5 10
 43   -0.39    2.53 0 0 1 4 1 2 4 8
 44   -0.88    2.41 0 0 1 4 1 2 4 8
 45   -1.33    2.19 0 0 1 4 1 2 4 8
 46   -1.74    1.88 0 0 1 4 1 2 4 8
 47   -2.60    7.13 0 0 1 4 1 2 4 8
 48   -3.01    6.82 0 0 1 4 1 2 4 8
 49   -3.46    6.60 0 0 1 4 1 2 4 8
 50   -3.95    6.48 0 0 1 4 1 2 4 8
 51   -8.39    9.03 0 0 1 4 1 2 4 8
 52   -8.32    8.23 0 0 1 4 1 2 4 8
 53   -8.09    7.47 0 0 1 4 1 2 4 8
 54   -7.71    6.76 0 0 1 4 1 2 4 8
 55  -16.13    6.70 0 0 1 4 1 2 4 8
 56  -15.75    5.99 0 0 1 4 1 2 4 8
 57  -15.52    5.23 0 0 1 4 1 2 4 8
 58  -15.44    4.43 0 0 1 4 1 2 4 8
 59  -22.20   -0.93 0 0 1 4 1 2 4 8
 60  -21.09   -1.36 0 0 1 4 1 2 4 8
 61  -18.73   -1.52 0 0 1 4 1 2 4 8
 62  -19.93   -1.55 0 0 1 4 1 2 4 8
 63  -23.02  -12.70 0 0 1 4 1 2 4 8
 64  -24.22  -12.73 0 0 1 4 1 2 4 8
 65  -21.87  -12.90 0 0 1 4 1 2 4 8
 66  -20.75  -13.33 0 0 1 4 1 2 4 8
 67  -16.11  -22.16 0 0 1 4 1 2 4 8
 68  -16.94  -23.55 0 0 1 4 1 2 4 8
 69  -18.01  -24.72 0 0 1 4 1 2 4 8
 70  -19.31  -25.68 0 0 1 4 1 2 4 8
 71   -4.15  -33.02 0 0 1 4 1 2 4 8
 72   -5.45  -33.98 0 0 1 4 1 2 4 8
 73   -6.51  -35.16 0 0 1 4 1 2 4 8
 74   -7.34  -36.54 0 0 1 4 1 2 4 8
 75    8.92  -34.91 0 0 1 4 1 2 4 8
 76    9.75  -36.77 0 0 1 4 1 2 4 8
 77   10.19  -38.73 0 0 1 4 1 2 4 8
 78   10.24  -40.77 0 0 1 4 1 2 4 8
 79   28.85  -30.40 0 0 1 4 1 2 4 8
 80   28.90  -32.45 0 0 1 4 1 2 4 8
 81   29.34  -34.40 0 0 1 4 1 2 4 8
 82   30.18  -36.27 0 0 1 4 1 2 4 8
 83   40.51  -18.81 0 0 1 4 1 2 4 8
 84   42.93  -19.34 0 0 1 4 1 2 4 8
 85   45.15  -20.31 0 0 1 4 1 2 4 8
 86   47.19  -21.72 0 0 1 4 1 2 4 8
 87   50.40    3.90 0 0 1 4 1 2 4 8
 88   52.43    2.48 0 0 1 4 1 2 4 8
 89   54.66    1.51 0 0 1 4 1 2 4 8
 90   57.08    0.99 0 0 1 4 1 2 4 8
 91   55.33   27.64 0 0 1 4 1 2 4 8
 92   52.57   26.73 0 0 1 4 1 2 4 8
 93   50.08   25.33 0 0 1 4 1 2 4 8
 94   47.88   23.42 0 0 1 4 1 2 4 8
 95   40.99   53.00 0 0 1 4 1 2 4 8
 96   38.79   51.09 0 0 1 4 1 2 4 8
 97   36.30   49.69 0 0 1 4 1 2 4 8
 98   33.53   48.78 0 0 1 4 1 2 4 8
 99   15.10   70.16 0 0 1 4 1 2 4 8
100   14.00   66.99 0 0 1 4 1 2 4 8
101   13.55   63.74 0 0 1 4 1 2 4 8
102   13.75   60.39 0 0 1 4 1 2 4 8
103  -18.09   74.75 0 0 1 4 1 2 4 8
104  -17.89   71.41 0 0 1 4 1 2 4 8
105  -18.34   68.15 0 0 1 4 1 2 4 8
106  -19.44   64.99 0 0 1 4 1 2 4 8
107  -51.61   63.30 0 0 1 4 1 2 4 8
108  -49.54   60.13 0 0 1 4 1 2 4 8
109  -46.93   57.48 0 0 1 4 1 2 4 8
110  -43.80   55.35 0 0 1 4 1 2 4 8
111  -78.65   36.76 0 0 1 4 1 2 4 8
112  -75.52   34.63 0 0 1 4 1 2 4 8
113  -72.92   31.97 0 0 1 4 1 2 4 8
114  -70.85   28.80 0 0 1 4 1 2 4 8
115  -79.22    0.56 0 0 1 4 1 2 4 8
116  -83.25   -0.74 0 0 1 4 1 2 4 8
117  -91.58   -0.87 0 0 1 4 1 2 4 8
118  -87.37   -1.22 0 0 1 4 1 2 4 8
119  -78.56  -41.10 0 0 1 4 1 2 4 8
120  -74.35  -41.45 0 0 1 4 1 2 4 8
121  -82.68  -41.58 0 0 1 4 1 2 4 8
122  -86.70  -42.88 0 0 1 4 1 2 4 8
123  -55.45  -68.16 0 0 1 4 1 2 4 8
124  -57.06  -72.55 0 0 1 4 1 2 4 8
125  -59.44  -76.45 0 0 1 4 1 2 4 8
126  -62.60  -79.89 0 0 1 4 1 2 4 8
127  -15.58  -92.46 0 0 1 4 1 2 4 8
128  -18.75  -95.89 0 0 1 4 1 2 4 8
129  -21.13  -99.80 0 0 1 4 1 2 4 8
130  -22.73 -104.19 0 0 1 4 1 2 4 8
131   20.35  -94.34 0 0 1 4 1 2 4 8
132   23.04  -98.68 0 0 1 4 1 2 4 8
133   24.80 -103.37 0 0 1 4 1 2 4 8
134   25.62 -108.42 0 0 1 4 1 2 4 8
135   68.20  -76.40 0 0 1 4 1 2 4 8
136   69.02  -81.44 0 0 1 4 1 2 4 8
137   70.78  -86.14 0 0 1 4 1 2 4 8
138   73.47  -90.47 0 0 1 4 1 2 4 8
139   94.10  -46.93 0 0 1 4 1 2 4 8
140   99.62  -47.54 0 0 1 4 1 2 4 8
141  104.81  -49.19 0 0 1 4 1 2 4 8
142  109.67  -51.87 0 0 1 4 1 2 4 8
143  110.89    5.98 0 0 1 4 1 2 4 8
144  115.75    3.30 0 0 1 4 1 2 4 8
145  120.94    1.65 0 0 1 4 1 2 4 8
146  126.46    1.04 0 0 1 4 1 2 4 8
147  115.86   70.23 0 0 1 4 1 2 4 8
148  107.89   67.25 0 0 1 4 1 2 4 8
149  100.81   62.86 0 0 1 4 1 2 4 8
150   94.60   57.06 0 0 1 4 1 2 4 8
151   71.08  142.48 0 0 1 4 1 2 4 8
152   64.87  136.68 0 0 1 4 1 2 4 8
153   57.79  132.29 0 0 1 4 1 2 4 8
154   49.83  129.31 0 0 1 4 1 2 4 8
