1 1 231 4
0 0
0 0
0 0
0 0
  0    0.00    0.00 0 0 0 0
  1   -4.34    9.01 0 0 4 1 15
  2  -19.50    4.45 0 0 4 1 15
  3  -23.45  -18.70 0 0 4 1 15
  4    0.00  -40.00 0 0 4 1 15
  5   39.09  -31.17 0 0 4 1 15
  6   58.50   13.35 0 0 4 1 15
  7   30.37   63.07 0 0 4 1 15
  8  -34.71   72.08 0 0 4 1 15
  9  -87.74   20.03 0 0 4 1 15
 10  -78.18  -62.35 0 0 4 1 15
 11    0.00 -110.00 0 0 4 1 15
 12   93.82  -74.82 0 0 4 1 15
 13  126.74   28.93 0 0 4 1 15
 14   60.74  126.14 0 0 4 1 15
 15  -65.08  135.15 0 0 4 1 15
 16 -155.99   35.60 0 0 4 1 15
 17 -132.91 -105.99 0 0 4 1 15
 18    0.00 -180.00 0 0 4 1 15
 19  148.55 -118.46 0 0 4 1 15
 20  194.99   44.50 0 0 4 1 15
 21   58.41  255.92 0 0 4 1 15
 22   -1.27    4.94 0 0 2 2 5 10
 23   -3.07    4.07 0 0 2 2 5 10
 24  -12.37    8.25 0 0 2 2 5 10
 25  -11.46    5.21 0 0 2 2 5 10
 26  -23.79   -6.73 0 0 2 2 5 10
 27  -19.16   -7.52 0 0 2 2 5 10
 28   -9.60  -27.01 0 0 2 2 5 10
 29  -13.86  -31.70 0 0 2 2 5 10
 30   18.66  -31.68 0 0 2 2 5 10
 31   20.43  -39.50 0 0 2 2 5 10
 32   44.34   -6.97 0 0 2 2 5 10
 33   53.25  -10.85 0 0 2 2 5 10
 34   49.41   41.02 0 0 2 2 5 10
 35   39.46   35.40 0 0 2 2 5 10
 36   -1.27   74.08 0 0 2 2 5 10
 37   -3.07   61.06 0 0 2 2 5 10
 38  -66.43   51.36 0 0 2 2 5 10
 39  -56.02   40.75 0 0 2 2 5 10
 40  -74.73  -20.21 0 0 2 2 5 10
 41  -91.20  -22.12 0 0 2 2 5 10
 42  -34.33  -78.36 0 0 2 2 5 10
 43  -43.86  -93.99 0 0 2 2 5 10
 44   43.39  -83.03 0 0 2 2 5 10
 45   50.43 -101.79 0 0 2 2 5 10
 46   99.91  -19.65 0 0 2 2 5 10
 47  120.65  -26.24 0 0 2 2 5 10
 48  103.46   84.13 0 0 2 2 5 10
 49   84.02   70.93 0 0 2 2 5 10
 50   -1.27  143.22 0 0 2 2 5 10
 51   -3.07  118.06 0 0 2 2 5 10
 52 -120.49   94.46 0 0 2 2 5 10
 53 -100.58   76.28 0 0 2 2 5 10
 54 -130.29  -32.89 0 0 2 2 5 10
 55 -158.61  -37.50 0 0 2 2 5 10
 56  -59.05 -129.71 0 0 2 2 5 10
 57  -73.86 -156.29 0 0 2 2 5 10
 58   68.12 -134.38 0 0 2 2 5 10
 59   80.43 -164.09 0 0 2 2 5 10
 60  155.47  -32.34 0 0 2 2 5 10
 61  188.06  -41.62 0 0 2 2 5 10
 62  147.84  163.87 0 0 2 2 5 10
 63  105.56  136.55 0 0 2 2 5 10
 64   -0.39    2.53 0 0 1 4 1 2 4 8
 65   -0.88    2.41 0 0 1 4 1 2 4 8
 66   -1.33    2.19 0 0 1 4 1 2 4 8
 67   -1.74    1.88 0 0 1 4 1 2 4 8
 68   -2.60    7.13 0 0 1 4 1 2 4 8
 69   -3.01    6.82 0 0 1 4 1 2 4 8
 70   -3.46    6.60 0 0 1 4 1 2 4 8
 71   -3.95    6.48 0 0 1 4 1 2 4 8
 72   -8.39    9.03 0 0 1 4 1 2 4 8
 73   -8.32    8.23 0 0 1 4 1 2 4 8
 74   -8.09    7.47 0 0 1 4 1 2 4 8
 75   -7.71    6.76 0 0 1 4 1 2 4 8
 76  -16.13    6.70 0 0 1 4 1 2 4 8
 77  -15.75    5.99 0 0 1 4 1 2 4 8
 78  -15.52    5.23 0 0 1 4 1 2 4 8
 79  -15.44    4.43 0 0 1 4 1 2 4 8
 80  -22.20   -0.93 0 0 1 4 1 2 4 8
 81  -21.09   -1.36 0 0 1 4 1 2 4 8
 82  -18.73   -1.52 0 0 1 4 1 2 4 8
 83  -19.93   -1.55 0 0 1 4 1 2 4 8
 84  -23.02  -12.70 0 0 1 4 1 2 4 8
 85  -24.22  -12.73 0 0 1 4 1 2 4 8
 86  -21.87  -12.90 0 0 1 4 1 2 4 8
 87  -20.75  -13.33 0 0 1 4 1 2 4 8
 88  -16.11  -22.16 0 0 1 4 1 2 4 8
 89  -16.94  -23.55 0 0 1 4 1 2 4 8
 90  -18.01  -24.72 0 0 1 4 1 2 4 8
 91  -19.31  -25.68 0 0 1 4 1 2 4 8
 92   -4.15  -33.02 0 0 1 4 1 2 4 8
 93   -5.45  -33.98 0 0 1 4 1 2 4 8
 94   -6.51  -35.16 0 0 1 4 1 2 4 8
 95   -7.34  -36.54 0 0 1 4 1 2 4 8
 96    8.92  -34.91 0 0 1 4 1 2 4 8
 97    9.75  -36.77 0 0 1 4 1 2 4 8
 98   10.19  -38.73 0 0 1 4 1 2 4 8
 99   10.24  -40.77 0 0 1 4 1 2 4 8
100   28.85  -30.40 0 0 1 4 1 2 4 8
101   28.90  -32.45 0 0 1 4 1 2 4 8
102   29.34  -34.40 0 0 1 4 1 2 4 8
103   30.18  -36.27 0 0 1 4 1 2 4 8
104   40.51  -18.81 0 0 1 4 1 2 4 8
105   42.93  -19.34 0 0 1 4 1 2 4 8
106   45.15  -20.31 0 0 1 4 1 2 4 8
107   47.19  -21.72 0 0 1 4 1 2 4 8
108   50.40    3.90 0 0 1 4 1 2 4 8
109   52.43    2.48 0 0 1 4 1 2 4 8
110   54.66    1.51 0 0 1 4 1 2 4 8
111   57.08    0.99 0 0 1 4 1 2 4 8
112   55.33   27.64 0 0 1 4 1 2 4 8
113   52.57   26.73 0 0 1 4 1 2 4 8
114   50.08   25.33 0 0 1 4 1 2 4 8
115   47.88   23.42 0 0 1 4 1 2 4 8
116   40.99   53.00 0 0 1 4 1 2 4 8
117   38.79   51.09 0 0 1 4 1 2 4 8
118   36.30   49.69 0 0 1 4 1 2 4 8
119   33.53   48.78 0 0 1 4 1 2 4 8
120   15.10   70.16 0 0 1 4 1 2 4 8
121   14.00   66.99 0 0 1 4 1 2 4 8
122   13.55   63.74 0 0 1 4 1 2 4 8
123   13.75   60.39 0 0 1 4 1 2 4 8
124  -18.09   74.75 0 0 1 4 1 2 4 8
125  -17.89   71.41 0 0 1 4 1 2 4 8
126  -18.34   68.15 0 0 1 4 1 2 4 8
127  -19.44   64.99 0 0 1 4 1 2 4 8
128  -51.61   63.30 0 0 1 4 1 2 4 8
129  -49.54   60.13 0 0 1 4 1 2 4 8
130  -46.93   57.48 0 0 1 4 1 2 4 8
131  -43.80   55.35 0 0 1 4 1 2 4 8
132  -78.65   36.76 0 0 1 4 1 2 4 8
133  -75.52   34.63 0 0 1 4 1 2 4 8
134  -72.92   31.97 0 0 1 4 1 2 4 8
135  -70.85   28.80 0 0 1 4 1 2 4 8
136  -79.22    0.56 0 0 1 4 1 2 4 8
137  -83.25   -0.74 0 0 1 4 1 2 4 8
138  -91.58   -0.87 0 0 1 4 1 2 4 8
139  -87.37   -1.22 0 0 1 4 1 2 4 8
140  -78.56  -41.10 0 0 1 4 1 2 4 8
141  -74.35  -41.45 0 0 1 4 1 2 4 8
142  -82.68  -41.58 0 0 1 4 1 2 4 8
143  -86.70  -42.88 0 0 1 4 1 2 4 8
144  -55.45  -68.16 0 0 1 4 1 2 4 8
145  -57.06  -72.55 0 0 1 4 1 2 4 8
146  -59.44  -76.45 0 0 1 4 1 2 4 8
147  -62.60  -79.89 0 0 1 4 1 2 4 8
148  -15.58  -92.46 0 0 1 4 1 2 4 8
149  -18.75  -95.89 0 0 1 4 1 2 4 8
150  -21.13  -99.80 0 0 1 4 1 2 4 8
151  -22.73 -104.19 0 0 1 4 1 2 4 8
152   20.35  -94.34 0 0 1 4 1 2 4 8
153   23.04  -98.68 0 0 1 4 1 2 4 8
154   24.80 -103.37 0 0 1 4 1 2 4 8
155   25.62 -108.42 0 0 1 4 1 2 4 8
156   68.20  -76.40 0 0 1 4 1 2 4 8
157   69.02  -81.44 0 0 1 4 1 2 4 8
158   70.78  -86.14 0 0 1 4 1 2 4 8
159   73.47  -90.47 0 0 1 4 1 2 4 8
160   94.10  -46.93 0 0 1 4 1 2 4 8
161   99.62  -47.54 0 0 1 4 1 2 4 8
162  104.81  -49.19 0 0 1 4 1 2 4 8
163  109.67  -51.87 0 0 1 4 1 2 4 8
164  110.89    5.98 0 0 1 4 1 2 4 8
165  115.75    3.30 0 0 1 4 1 2 4 8
166  120.94    1.65 0 0 1 4 1 2 4 8
167  126.46    1.04 0 0 1 4 1 2 4 8
168  117.86   57.69 0 0 1 4 1 2 4 8
169  112.34   55.37 0 0 1 4 1 2 4 8
170  107.48   52.07 0 0 1 4 1 2 4 8
171  103.28   47.79 0 0 1 4 1 2 4 8
172   84.20  107.27 0 0 1 4 1 2 4 8
173   80.00  103.00 0 0 1 4 1 2 4 8
174   75.14   99.70 0 0 1 4 1 2 4 8
175   69.62   97.37 0 0 1 4 1 2 4 8
176   30.59  137.78 0 0 1 4 1 2 4 8
177   28.88  131.58 0 0 1 4 1 2 4 8
178   28.43  125.29 0 0 1 4 1 2 4 8
179   29.24  118.91 0 0 1 4 1 2 4 8
180  -33.58  142.37 0 0 1 4 1 2 4 8
181  -32.77  135.99 0 0 1 4 1 2 4 8
182  -33.22  129.70 0 0 1 4 1 2 4 8
183  -34.93  123.50 0 0 1 4 1 2 4 8
184  -94.82  117.58 0 0 1 4 1 2 4 8
185  -90.75  112.03 0 0 1 4 1 2 4 8
186  -85.78  107.49 0 0 1 4 1 2 4 8
187  -79.89  103.94 0 0 1 4 1 2 4 8
188 -141.18   66.81 0 0 1 4 1 2 4 8
189 -135.20   63.26 0 0 1 4 1 2 4 8
190 -130.32   58.71 0 0 1 4 1 2 4 8
191 -126.25   53.17 0 0 1 4 1 2 4 8
192 -139.71    2.64 0 0 1 4 1 2 4 8
193 -146.56    0.07 0 0 1 4 1 2 4 8
194 -160.95   -0.82 0 0 1 4 1 2 4 8
195 -153.64   -1.08 0 0 1 4 1 2 4 8
196 -135.26  -69.31 0 0 1 4 1 2 4 8
197 -127.95  -69.57 0 0 1 4 1 2 4 8
198 -142.34  -70.46 0 0 1 4 1 2 4 8
199 -149.18  -73.03 0 0 1 4 1 2 4 8
200  -94.80 -114.16 0 0 1 4 1 2 4 8
201  -97.17 -121.54 0 0 1 4 1 2 4 8
202 -100.87 -128.19 0 0 1 4 1 2 4 8
203 -105.90 -134.09 0 0 1 4 1 2 4 8
204  -27.01 -151.90 0 0 1 4 1 2 4 8
205  -32.04 -157.81 0 0 1 4 1 2 4 8
206  -35.74 -164.45 0 0 1 4 1 2 4 8
207  -38.11 -171.84 0 0 1 4 1 2 4 8
208   31.78 -153.78 0 0 1 4 1 2 4 8
209   36.34 -160.59 0 0 1 4 1 2 4 8
210   39.42 -168.02 0 0 1 4 1 2 4 8
211   41.01 -176.06 0 0 1 4 1 2 4 8
212  107.54 -122.40 0 0 1 4 1 2 4 8
213  109.13 -130.44 0 0 1 4 1 2 4 8
214  112.21 -137.87 0 0 1 4 1 2 4 8
215  116.77 -144.68 0 0 1 4 1 2 4 8
216  147.70  -75.05 0 0 1 4 1 2 4 8
217  156.32  -75.75 0 0 1 4 1 2 4 8
218  164.46  -78.07 0 0 1 4 1 2 4 8
219  172.15  -82.02 0 0 1 4 1 2 4 8
220  171.39    8.06 0 0 1 4 1 2 4 8
221  179.07    4.11 0 0 1 4 1 2 4 8
222  187.22    1.79 0 0 1 4 1 2 4 8
223  195.83    1.09 0 0 1 4 1 2 4 8
224  177.38  106.54 0 0 1 4 1 2 4 8
225  165.44  101.83 0 0 1 4 1 2 4 8
226  154.87   95.00 0 0 1 4 1 2 4 8
227  145.67   86.06 0 0 1 4 1 2 4 8
228  107.73  214.37 0 0 1 4 1 2 4 8
229   98.52  205.42 0 0 1 4 1 2 4 8
230   87.95  198.59 0 0 1 4 1 2 4 8
231   76.02  193.88 0 0 1 4 1 2 4 8

